25.526700
26.712300
27.725700
7.467240
13.546300
20.043800
30.444000
11.216900
27.974800
19.155400
21.392400
22.039100
19.810600
13.554400
31.181800
11.460200
6.328280
6.720090
26.694300
39.238600
40.373100
28.961700
24.344000
25.438300
37.132000
36.019700
43.478500
27.605800
17.297900
26.698000
44.027400
9.028530
15.229800
6.739580
6.470110
20.352100
24.129600
24.333000
40.664700
43.138700
28.176500
22.293400
16.445700
18.223300
29.143700
15.026400
6.793950
6.361620
14.734700
12.318800
18.579600
31.352900
22.081500
36.017100
25.379300
37.671700
32.204300
15.163700
7.186390
6.195940
27.748100
23.114900
11.591400
33.093700
23.123700
23.826900
33.641300
8.874080
21.010500
14.220000
20.742600
10.786300
38.826200
32.012800
11.769200
14.825900
27.831200
35.337600
42.207100
30.300000
25.503600
30.365800
19.742600
9.496670
11.811000
27.067900
21.083300
6.479600
35.168500
43.219200
37.067300
26.726500
24.248800
24.737500
12.408400
6.934030
25.332200
9.505360
12.735200
6.791060
38.742400
21.902000
17.011700
25.336200
18.338800
29.421100
31.666400
37.582800
14.525000
37.060500
33.334100
30.566900
36.654200
23.042100
27.574900
40.969900
33.151000
30.215300
9.249700
30.540400
38.079600
6.012690
10.294600
17.249600
32.837000
37.828500
13.732700
24.018800
6.787390
13.670700
14.998400
10.531400
24.292500
34.382700
43.317100
36.922300
41.140800
23.837500
16.846000
42.725400
41.265500
32.602100
24.408800
40.629800
18.729300
23.170300
19.935700
27.488700
34.600700
32.508000
37.176600
35.225700
31.125500
34.879200
41.432600
42.902300
32.186700
29.592300
31.214900
39.906400
32.158800
37.669600
33.731800
31.622700
36.326700
28.410700
39.273400
32.223000
36.135900
18.482600
40.401600
39.879300
39.652800
33.866600
19.803100
39.479700
36.634800
34.058900
26.507300
13.108100
32.920100
38.493500
11.008200
18.679800
8.657660
8.121260
34.665200
41.276200
15.463700
27.291700
22.295900
33.765600
40.666100
30.707800
12.174800
18.238700
40.218600
41.327400
38.500900
8.702280
10.457900
11.656500
7.713310
28.107200
30.961300
18.343000
11.121000
11.607200
27.256900
29.059700
31.569300
27.333800
14.612900
15.024500
28.296100
41.377900
42.373800
27.472900
40.784200
34.851200
36.470100
39.272000
40.171500
30.767500
10.681600
15.319300
12.476400
28.100000
33.027500
16.643800
20.739900
8.238700
15.842300
38.528300
40.422100
26.510200
29.814200
20.861800
11.845400
37.822500
38.273200
27.106500
18.015800
10.002500
6.017510
12.876300
11.630900
17.782100
15.632600
24.569800
30.771000
27.370700
19.089400
32.415100
28.928500
26.391500
34.814300
36.075100
44.243300
26.463500
17.895100
15.123800
17.512400
22.649600
6.514610
16.747100
9.352350
42.296200
43.348800
42.448200
30.814500
14.171000
8.352290
8.200520
12.794700
13.243400
14.430100
14.212300
34.031200
14.401800
12.161900
9.090100
8.732980
5.963640
9.546470
14.683500
11.283500
22.196300
8.340740
16.959200
6.505660
14.334300
30.143900
14.787600
16.039300
13.293500
25.029500
24.864500
13.843600
19.993000
26.999000
30.529800
20.703800
11.507300
18.764200
29.839000
42.785500
32.041200
21.967200
19.065200
22.908100
30.656700
23.216700
14.862800
14.838800
12.344700
6.460890
25.311400
14.723400
31.333000
34.738000
36.297000
34.464500
36.882700
40.097200
40.195400
35.430900
29.695600
23.926600
19.478100
15.392000
20.465300
31.964900
39.876500
14.562600
17.165400
6.284800
11.963600
34.433800
26.809200
41.528800
26.882400
14.405100
9.162910
13.625700
35.901600
17.088300
11.273200
8.026060
19.869700
33.987500
38.151600
37.549800
35.416600
32.073900
28.985900
35.048600
42.642200
29.805200
26.290800
23.915300
43.505900
32.131200
20.515700
24.819400
12.647700
13.248800
26.639600
10.206200
14.608200
13.854300
21.581400
9.003430
8.961660
16.641400
16.023500
20.320400
15.601200
12.008100
11.358100
9.206780
14.551100
32.968900
38.445800
27.193700
15.059000
11.411900
40.573000
23.886300
29.185800
36.438300
27.995400
37.445000
30.900700
43.593600
41.488300
16.586400
17.006800
14.013800
12.603200
6.706570
11.109200
17.791500
18.537300
15.104300
16.425400
30.532700
15.553400
11.377000
7.413130
21.164200
20.539600
18.845200
16.858700
11.544100
7.528540
23.369300
30.624400
34.704300
16.861700
13.748100
31.205500
43.642600
37.264300
32.658100
8.953980
29.313700
38.917900
40.690700
39.789000
25.484200
29.044600
26.796200
21.765900
40.152000
29.206900
35.422700
35.596300
41.167400
37.615000
26.755200
39.904300
13.112000
21.068200
32.570900
34.691500
17.598600
18.030600
32.366100
22.345900
16.927100
20.838100
23.692000
17.973900
11.856300
6.282220
19.077000
18.379200
35.243600
34.986900
36.373000
18.893600
6.960860
9.062360
40.594100
39.738600
33.142800
37.429100
39.470600
42.164400
15.713100
15.233600
8.259130
10.288400
21.153300
16.226800
18.576400
20.761700
19.479600
37.592300
26.249400
31.509300
41.275200
39.152300
41.253400
28.761500
18.611400
16.889000
43.165000
28.037900
14.337300
14.423300
38.614200
33.049200
23.475500
43.464800
36.862100
22.187500
17.465500
6.053520
7.129530
22.040300
33.831400
21.375800
39.804500
32.766500
39.429400
20.104800
33.220300
42.710600
22.884800
15.001600
26.178200
11.855800
31.993700
39.340500
38.123800
43.133000
43.946800
28.756100
39.739400
42.617000
30.789900
16.828000
19.824200
13.159900
42.042800
9.325790
26.433500
36.010800
14.351100
11.464800
13.614800
18.010700
28.719100
38.526600
34.225700
39.437100
40.549500
29.929300
33.360200
42.392500
32.105700
43.106600
42.850600
44.191100
41.050500
23.508600
15.676100
13.448700
8.484050
23.493800
36.123000
43.167800
29.271300
24.895300
15.908100
10.076000
23.461600
28.899400
15.240500
7.762040
12.400500
20.600600
35.666900
25.067700
41.699100
27.969500
34.407600
40.127300
16.860900
9.852060
19.443300
41.465000
43.981800
36.624400
28.774400
43.852800
17.985800
12.706900
7.551930
27.866800
43.607000
30.090400
41.513000
44.273300
39.475500
17.507400
17.515400
13.051000
14.532500
23.831300
9.332680
23.064100
38.236700
43.611200
35.083800
14.404300
30.325600
11.101100
12.102100
30.216500
24.841400
12.627000
19.125500
6.613870
17.985200
12.832100
16.305900
16.696500
25.610400
25.009700
43.290300
23.484000
34.764500
32.121900
38.395700
29.815200
22.622000
28.891300
41.276800
28.791100
22.336700
15.561600
35.047700
18.528100
35.200200
18.367700
26.327800
32.107500
16.803300
14.710600
18.314400
11.073300
11.470500
14.090100
37.230000
27.348500
40.390700
36.080600
40.134800
30.902400
34.994800
42.674500
28.576000
9.839940
22.211200
27.227300
20.438100
35.442000
41.018200
36.743600
24.543300
12.417600
7.134480
13.715900
8.210490
7.866050
29.607600
25.244100
13.887700
19.393600
35.845900
42.963200
32.318700
15.010000
20.342900
23.627100
24.929000
13.152600
10.310200
15.320000
22.504100
11.826700
16.422600
41.042200
17.906200
10.956200
41.113800
43.961500
36.285900
39.708500
42.234600
31.745200
30.201900
34.348200
38.873800
20.525800
28.670500
33.162400
29.799600
16.305300
35.739400
40.836800
23.858500
24.957000
26.227200
23.250900
25.642200
13.315600
30.844100
39.585000
36.342400
12.128500
15.245200
43.152400
30.154800
19.379400
33.059800
29.727000
17.933900
29.731500
14.966600
8.625860
25.756000
12.128100
19.547700
31.409100
42.551000
8.387950
13.119200
20.471300
23.764100
18.118100
29.889900
36.608000
44.227200
44.336900
19.713300
33.135500
28.945400
15.769800
13.110400
16.414200
10.613400
8.402080
12.627400
9.027250
22.072900
14.153300
22.027200
27.766600
37.772600
38.338800
41.239300
23.485300
7.787820
11.840200
11.903500
9.697990
6.136680
7.405670
8.537930
21.153700
8.694200
6.888640
15.345300
30.966100
9.000070
29.450000
29.219700
27.921600
13.032800
8.992130
19.355300
15.001700
23.175400
10.109700
18.535200
23.178600
19.179300
14.449500
20.379500
43.431700
36.718100
44.083200
42.594200
41.711000
42.533300
37.901800
38.859500
27.592300
22.859700
14.119600
13.046000
11.422600
11.615900
9.829400
6.759680
26.810500
39.713100
20.215700
25.893100
37.638900
39.979500
33.543800
37.328300
27.825800
27.022100
11.203700
10.718900
16.345300
11.761200
7.333410
19.905500
13.290000
8.028490
13.639700
14.821800
21.979800
9.071580
28.714600
31.156700
29.356600
26.853100
27.164700
32.990800
43.208300
25.510500
38.442100
20.579700
25.985600
16.843500
43.991900
29.327900
7.976200
8.994740
8.894420
19.760400
40.862900
43.215800
32.240900
34.665400
41.779200
28.211100
42.980800
33.992200
31.865500
41.768600
42.646100
29.329600
23.874200
11.833900
8.930280
28.613200
16.704100
25.757000
32.918200
34.480000
35.202900
21.817600
23.437000
40.228700
23.351300
11.589900
25.902200
33.545400
23.197400
26.559000
28.050300
31.063600
11.728900
13.117700
9.746660
31.000100
15.151700
8.768050
25.535900
17.839800
25.735900
27.671100
24.388200
37.464700
6.441870
9.428910
11.576800
24.275700
17.956600
13.349800
19.681000
13.532500
14.181500
13.998100
14.119800
6.215750
6.623540
13.621200
6.498420
23.398900
26.332400
9.472550
9.413230
28.306100
26.921900
41.240700
38.951100
42.839400
37.068400
33.617000
36.200300
32.547000
42.252900
30.507900
35.847700
28.760600
9.916950
12.447000
24.205500
25.673900
26.022800
40.306000
43.410100
36.442500
33.401300
34.382900
28.782800
40.580900
30.411800
30.066300
27.052700
23.380200
29.862100
33.086000
29.823200
29.498000
7.501230
19.620500
14.941100
11.375000
17.462000
26.286900
17.806000
25.049900
41.590200
32.677600
43.231200
10.735000
12.640100
7.638810
15.438500
9.915370
10.829300
7.902630
10.397100
18.384700
22.977900
42.670000
35.662600
19.196200
6.628560
13.179100
29.881100
35.579700
29.713700
7.429940
11.659700
20.624200
42.878000
34.964000
30.454400
43.297300
38.049900
41.020600
37.226300
21.464700
35.735300
30.610700
37.420400
34.971500
26.010600
30.958400
35.083300
34.396100
21.260900
23.205700
6.883270
12.066000
43.254700
38.951100
28.093700
18.388300
38.300100
42.731400
25.030900
39.092200
36.647700
33.818800
44.097300
25.103200
14.994500
8.352180
15.939000
39.693700
42.878000
32.085400
33.869700
12.511800
7.850890
38.372900
41.823200
33.298800
38.860500
35.529800
25.924200
12.990800
8.990830
21.002900
37.781000
42.674600
41.677000
34.867300
30.863200
36.119500
18.763300
15.388500
12.583000
41.722400
15.224100
26.841900
22.304300
9.662770
20.999900
11.122300
23.784300
13.813300
32.009900
33.850900
36.377600
24.052700
23.045500
23.546000
31.742900
26.662000
42.556000
33.921200
27.805000
32.962100
44.072900
43.014400
36.782200
36.542300
20.524900
42.863300
33.628600
40.781800
41.961300
18.790400
20.855300
43.163800
31.316800
28.768200
29.813900
27.438900
11.822300
22.221500
41.724200
26.521700
8.330430
6.982720
15.759800
30.617600
36.230700
36.853500
41.040200
31.797900
24.295900
32.937500
28.666200
22.558900
20.350500
32.625600
26.136700
37.803000
34.563100
33.506200
39.554600
19.408500
41.221000
43.610000
43.291800
39.599700
38.769100
22.801400
20.833700
16.464400
17.701400
40.134000
38.472600
16.538300
28.652500
32.883200
41.068700
32.846200
32.934400
36.364900
33.188700
28.752300
36.059300
37.015400
38.937200
36.799400
28.265800
23.947600
30.094600
7.433900
17.108600
16.396800
37.578600
43.892700
35.836500
42.447800
35.631500
32.478700
34.913400
39.082400
25.919100
39.305500
16.773700
7.194280
19.983800
6.506990
25.623800
31.428000
36.533500
38.604700
36.543700
40.313300
39.880500
25.859400
25.930700
17.078400
11.043200
19.573800
35.330100
29.361500
40.198000
42.282600
43.270000
25.059700
6.078170
15.236100
28.653700
24.378300
28.113900
18.892900
16.600600
39.127100
15.709700
21.890500
41.324100
36.374700
29.238800
28.287900
33.806700
6.119120
7.937780
8.547230
16.702600
11.332400
21.816900
27.291700
14.235900
6.926520
31.615400
27.120500
33.217100
29.973400
20.617100
23.824600
10.167400
20.279600
21.474500
23.946600
20.767700
6.219180
16.141900
13.034100
13.533200
29.340600
29.651200
29.288600
39.714000
29.947700
25.916700
33.064000
31.687200
8.143970
13.497200
15.822400
35.120000
31.102400
40.943200
42.875100
37.242600
41.271700
40.439700
14.160700
26.487600
25.416500
23.140800
21.526500
20.114000
24.554400
30.143200
36.447000
35.438000
12.815400
20.571400
18.440900
20.781000
11.805400
20.294700
20.706400
11.292400
37.677100
40.505200
19.498100
12.125500
26.706500
34.336100
38.794900
35.122400
38.525700
23.368900
31.399200
25.445100
32.104500
32.867100
38.182900
31.568400
40.100000
27.792600
18.242200
24.116000
33.408400
33.030300
34.849800
27.558300
26.417400
28.507000
23.362500
10.793000
12.224600
27.877200
33.809200
32.013700
12.186500
13.423600
23.950200
16.458300
29.737000
26.149700
23.892600
13.055200
6.101090
20.998300
41.246200
26.892600
14.784100
38.847600
27.052100
41.892300
34.751700
14.018800
8.753520
16.901400
35.063300
30.697000
34.118200
28.285900
38.887100
43.389700
28.416200
25.829000
6.495990
7.832030
12.565900
25.488400
24.618000
11.115600
10.345100
14.018000
20.342300
37.452000
29.393100
32.654800
42.172700
35.512300
39.639000
37.193200
40.539900
43.059100
42.826400
37.845000
40.195900
32.860200
42.184800
22.720100
25.093100
43.169100
34.911800
42.463500
35.060800
25.882800
18.744300
13.416000
10.308600
37.744400
35.272500
10.627400
11.997400
23.848700
35.477700
16.899900
30.516700
9.144670
20.630800
28.270400
41.271300
28.372500
17.673800
42.223300
41.995400
25.888500
36.164300
37.519600
33.828900
30.321800
12.475700
24.183500
41.976300
22.006700
16.717600
12.595600
32.345900
9.893900
7.084890
24.530200
9.930730
6.989650
8.386080
26.801100
12.710200
7.345520
36.507800
33.110200
43.235100
26.945600
13.360400
7.963440
16.122600
26.949200
28.375200
33.264500
34.257600
30.845200
36.179000
33.579200
40.490900
37.349800
27.537000
36.979400
21.757300
27.972100
33.736300
24.904700
7.157040
9.008760
15.198300
25.617500
12.290800
22.998900
6.156960
7.198780
32.873300
17.477600
23.203000
13.169400
19.578900
18.180400
6.500500
14.535400
8.044310
15.853400
11.161500
17.427600
12.347800
9.748800
10.947200
20.193600
21.127900
26.516800
19.396400
9.851930
8.721530
11.380700
8.313570
13.741800
28.722000
16.583500
8.887280
10.924900
13.426600
13.826200
6.045160
10.089400
16.449200
7.858540
16.145400
40.016200
22.409800
43.668000
35.198800
42.306500
40.383500
34.845300
43.277300
30.429100
43.855700
38.259500
38.245300
43.315400
17.528800
8.178600
22.272800
34.901600
42.169300
36.188200
16.407300
13.863200
22.543000
24.789400
8.381360
14.845000
10.332800
6.887370
11.303500
7.660300
23.222500
29.284800
37.032900
16.871200
31.581400
26.968200
13.357900
23.018100
18.053100
18.473400
25.112100
32.160600
28.888400
34.715800
37.657500
38.173600
40.499200
34.906300
24.838600
29.828600
9.013020
15.475300
6.940470
37.825400
37.632200
29.918000
26.546100
16.256700
31.860700
40.093500
41.628500
30.098100
37.566000
24.414600
26.097600
11.113500
6.162250
15.843700
10.039400
7.184920
19.578200
19.479200
12.920100
12.659300
12.539800
29.713300
13.323800
11.174900
14.521900
41.848600
40.238200
35.020100
22.840000
17.013700
17.953300
12.920700
8.470130
7.018970
6.411020
10.471800
15.149700
40.166900
42.596100
33.829800
38.888600
29.540600
18.900100
8.073160
11.927900
20.835900
35.940400
41.847400
39.169900
41.659200
43.404200
41.716400
31.607500
36.186600
28.785100
26.971500
25.481900
8.121120
34.691500
41.884100
43.734200
12.009000
20.225100
17.371900
15.936600
6.793500
6.014990
15.970700
7.985310
39.300400
44.024600
43.662600
41.594200
39.333600
24.453400
41.371500
20.632500
22.785300
41.690500
41.862700
24.591500
31.948200
20.942400
19.344500
34.310800
8.917150
38.833500
24.509600
29.602600
7.015490
11.655800
34.651600
29.535800
25.111400
22.926900
39.303500
11.770400
6.726040
21.301600
13.131800
28.246700
19.875300
30.473500
20.488800
36.135700
42.303000
32.559800
23.547200
36.298400
34.136700
21.837000
40.604100
32.134200
23.798600
25.935900
38.431300
18.430200
40.397700
22.836500
13.856600
6.820560
12.438700
35.050200
35.775400
43.946500
33.571100
25.620000
26.551900
31.576400
38.034400
20.373400
10.013800
6.663570
6.253870
20.043500
19.498600
21.318900
17.789000
31.746500
40.018400
23.344900
12.185700
12.559800
9.399340
10.115400
17.861800
12.867500
13.453300
15.910600
18.247100
17.772900
23.306700
12.001700
15.294500
24.094300
6.600800
15.409800
43.914100
25.594800
41.795500
36.414900
44.134400
41.612500
44.159100
33.920300
23.946700
6.540820
16.826900
18.120600
16.047100
21.089400
7.329960
33.880500
28.220200
10.579000
29.223900
12.184200
11.377300
25.113900
36.587100
39.870100
38.067900
17.858000
33.093700
36.688400
19.843300
37.729700
14.879100
12.101400
8.504210
16.558100
8.306260
13.063800
13.152600
12.712300
33.650500
40.801900
33.617100
34.806600
28.583300
27.516500
22.283700
21.227900
8.993870
6.762110
7.339970
22.120100
31.634600
40.374600
35.792800
30.900300
33.340200
18.784100
15.095200
24.164100
14.201500
21.173500
30.336600
31.373300
16.667500
14.709400
13.505700
21.001100
14.447500
21.553100
41.196100
39.726600
39.840200
44.185700
26.320300
24.184700
20.982500
32.008600
43.137800
37.546100
38.985900
33.518300
39.697100
33.363000
22.753000
41.986800
24.473600
22.530900
41.288400
41.997100
42.867700
29.745700
44.007100
43.530800
30.492600
42.707300
26.614600
22.875100
33.709200
42.325000
30.185000
17.248200
33.182100
36.826000
38.149500
21.578000
35.669400
20.167100
11.035100
12.140500
20.637800
32.151200
30.238900
31.426600
28.424000
22.932800
32.598300
26.584400
37.118200
32.551100
30.520600
8.920430
32.061400
21.679600
34.037300
42.503800
32.238200
42.933000
41.800400
30.157100
32.654400
25.997600
32.928300
40.331000
35.849000
41.794500
33.026000
41.150300
35.832800
39.840900
40.739300
33.462600
19.068200
17.741000
34.050200
34.702100
30.776000
37.013700
32.054500
25.891800
43.007200
37.380700
21.936300
13.585600
12.614600
23.694900
41.381800
23.962900
23.703500
23.561900
32.972000
19.655900
9.201510
7.420010
42.113600
25.556400
25.060900
24.089000
21.522000
16.057100
18.336700
13.049400
8.425090
22.849500
13.284200
35.606300
27.018400
16.284500
7.327810
29.141500
40.878300
18.574800
37.882500
40.485400
43.995700
42.624700
33.909100
22.656100
29.526600
34.049900
17.292400
18.458200
11.996000
9.720830
12.676100
36.014200
40.544700
24.519300
13.075000
21.654800
12.403900
12.009400
11.859200
14.102500
6.734980
7.388970
18.758700
22.440500
7.789250
29.135900
31.160800
34.297000
39.395500
41.084500
31.639300
37.349300
36.639400
35.921400
18.819700
33.570500
30.879000
32.207000
15.750200
25.079900
9.683010
17.552400
26.987200
19.305500
37.443900
26.390600
30.615400
10.622400
17.829700
16.695400
12.866800
31.533100
31.697500
17.236300
29.619300
41.896400
29.923900
27.678000
36.555900
28.870000
31.112100
11.147600
10.229600
35.830300
33.582400
41.254700
38.820800
41.791000
35.757200
14.430000
6.684680
9.359350
7.586900
6.480490
6.026610
17.123900
23.753400
15.030000
37.311300
32.751300
30.260700
39.828400
18.374400
30.892500
23.102800
21.213300
39.792000
29.088600
40.858400
43.883300
42.240900
40.514200
31.802300
29.710900
35.794300
40.680000
31.965900
9.043710
23.702200
11.554900
11.360300
33.990800
37.058500
9.747090
17.693400
27.629900
20.958000
34.444300
27.392500
24.002600
12.212400
12.112000
17.542000
29.791700
32.657000
24.649800
40.624200
17.001900
18.134200
41.428900
42.258700
39.895600
35.893200
41.634200
17.483300
8.580170
20.048200
35.421300
25.401200
40.656900
31.186900
13.719000
8.905140
35.510400
29.023700
15.269300
37.575500
35.761000
34.530900
16.655700
6.709790
20.799900
41.138400
34.299000
28.887100
30.153300
8.151770
24.500000
42.453100
13.552000
16.764600
31.386300
33.214400
39.989500
26.344200
34.230000
27.055100
26.860500
41.458600
33.197700
35.522800
37.830300
34.992000
41.675400
38.559700
29.383100
35.021000
40.356700
42.494600
26.177100
35.412800
42.160300
41.482200
43.996100
44.288800
33.019200
16.635900
13.946900
29.149500
39.416900
37.966600
35.561300
39.804800
40.313300
44.269100
33.035000
35.807000
30.610300
34.377900
13.525300
35.160100
35.076500
39.463800
35.788100
31.674800
17.679900
33.289800
17.147100
25.612900
10.666300
15.574600
12.194100
34.462200
34.969800
27.703700
15.836100
24.088000
21.167000
16.119700
20.654000
16.571400
12.741200
19.189400
16.724900
6.547230
31.899500
20.949300
7.411570
19.128600
10.193600
37.503400
37.604900
41.714800
42.607600
43.070700
27.408400
39.815200
44.092900
26.135100
37.089000
31.902800
42.713900
43.823900
33.322200
41.617800
22.572400
8.437270
7.758560
8.236600
8.956700
23.454300
13.896900
26.923200
37.670700
32.926600
33.607200
43.686300
21.710400
19.604100
41.708900
42.771300
34.865800
42.256300
19.768100
24.588100
18.996300
22.151200
30.194000
40.341100
36.602800
19.630400
17.873000
6.526680
12.486900
21.414100
12.361000
25.632800
35.512200
34.327100
31.616700
36.775300
40.038400
19.769600
29.682000
35.146400
40.446800
33.664700
32.837900
32.344800
34.040500
34.687300
12.102900
24.503500
30.209400
30.479700
38.818900
31.415700
43.257000
41.042700
32.910500
34.311800
28.351500
15.967100
13.939700
7.685780
25.695900
38.649700
42.114500
43.260300
36.878400
31.466300
42.996800
28.664700
30.310000
40.434200
10.425700
13.101000
42.142100
41.483900
20.207600
40.523900
33.262300
30.503000
32.425400
43.531900
25.037200
18.402200
30.332800
38.984700
39.742300
41.521300
43.885100
18.517900
20.196900
7.246610
17.009800
18.433600
19.265400
10.991600
32.801700
39.614300
33.310400
25.079000
11.748900
12.398400
17.429800
9.628320
18.940100
25.799400
13.728100
18.662800
9.492150
8.045060
12.770300
8.495770
24.584700
36.085900
14.697100
24.500600
16.164900
6.655790
37.726500
40.143800
30.685500
34.304100
41.653800
32.496400
39.867200
42.723200
33.903300
23.606200
19.918000
17.525500
30.466300
33.623000
42.524300
35.329200
37.662100
37.968100
26.912300
36.348900
42.978000
38.901800
42.420500
31.822400
37.096600
31.891400
39.703100
23.486800
24.646300
43.975200
42.623000
37.553900
44.191100
38.688300
35.361000
43.781900
7.815570
21.537700
39.957300
28.763200
15.381100
9.384670
24.907200
38.906200
32.415300
20.998600
31.714900
24.928600
37.413100
42.556100
33.334000
15.713400
14.897800
12.414700
13.913400
15.127200
8.582030
24.077800
40.471000
41.324100
39.794800
8.782960
21.058300
8.513290
23.693400
26.850500
6.616760
23.794800
8.456100
12.329600
31.895000
26.975200
31.171600
11.086200
43.362800
40.873700
22.232300
21.463800
14.145800
20.440000
16.245400
11.449700
22.442100
38.477200
17.516100
25.022800
23.770000
17.597900
20.418800
9.441280
18.196100
35.332200
6.006860
13.478800
36.733900
36.145700
23.424100
27.607300
19.508800
18.550500
7.263950
22.794600
30.263500
18.807600
12.471000
16.655500
6.941280
11.972000
18.208400
6.207200
10.170600
17.016300
14.075100
26.701200
27.421800
29.779000
36.566600
28.218700
19.871500
6.426990
16.824800
19.409900
35.909600
31.659200
39.197300
32.951800
43.318800
32.181300
10.903000
9.822020
25.332400
31.606600
27.045000
41.231300
35.076200
39.270600
26.928200
13.672200
15.249000
12.851100
24.785600
18.511100
9.558030
16.461100
14.546900
13.607700
15.804600
8.037390
12.078700
28.481300
28.379900
38.150000
30.100300
43.204500
34.877000
42.454300
35.219400
17.478800
10.850200
9.879810
17.204800
36.973500
29.541800
20.610600
32.803800
38.995600
30.586500
24.933700
16.110800
12.745700
7.718590
23.769900
20.320500
7.217080
10.810800
18.889700
7.769150
27.839300
36.787400
32.762100
32.105800
35.924100
39.382300
26.931200
43.653200
33.818600
32.046500
41.867400
38.684000
29.224100
13.860500
12.293400
27.160600
23.715600
18.958200
18.212300
29.616800
43.124100
27.539700
37.820700
42.835000
34.842900
38.735900
42.247400
42.934000
40.558200
35.316100
36.240000
18.069900
9.889930
10.267200
17.813400
34.958700
31.952400
14.876700
10.134300
13.178800
15.305700
15.599800
40.194700
30.555500
14.516600
26.243000
6.454570
19.761800
5.848260
15.218700
12.554000
30.198700
21.741900
19.231900
26.937700
36.458600
43.279800
27.735100
21.123100
9.699750
20.676100
19.303700
32.588200
29.401000
33.762800
31.021900
27.669000
41.822700
30.548100
30.217400
30.968000
28.924800
25.358300
34.694600
35.653800
34.210000
41.206000
18.688700
11.805500
20.807200
25.681300
15.445100
23.216300
25.155100
31.982400
36.920600
27.981500
26.534900
15.781600
24.300600
9.451100
12.254300
25.622600
27.117100
10.801300
24.571800
40.939300
25.842100
33.594600
22.382700
22.457300
21.721800
28.090300
33.152500
22.676100
27.361800
18.103600
8.673370
7.463110
7.943580
12.649800
28.513600
43.600600
43.224400
40.431200
40.017500
16.545300
8.519310
21.126900
20.637100
38.980800
43.272100
32.945900
39.420900
32.812000
43.701500
30.965600
29.878700
28.403100
20.853800
8.029310
19.402800
15.238700
23.300000
9.571150
13.218700
23.724600
15.000600
12.297700
23.424600
27.783800
41.979100
28.085700
26.657100
12.760900
6.531070
18.654200
23.148500
25.041000
12.108000
20.371000
28.798900
32.367400
19.907600
36.097500
39.846700
25.930500
6.014550
42.645800
36.361400
31.111800
13.950900
10.119500
13.240700
25.043900
11.743700
10.900700
8.845370
23.762200
37.112200
6.550040
7.936690
19.803200
44.111100
43.399800
18.257600
33.044100
22.068100
12.493200
21.216600
13.271600
19.644100
14.813900
22.458500
12.197300
15.252300
25.045400
28.521300
10.370100
6.029690
26.764000
19.476600
14.581100
8.197660
16.730300
12.995900
38.838200
36.992200
28.045500
19.952200
38.977900
36.451000
43.440700
26.451800
21.526200
37.032100
21.195000
31.058800
37.040500
21.459800
21.844600
32.694100
20.221900
26.630500
40.672200
44.238000
33.356700
38.643100
26.836400
43.822200
41.484600
42.673000
31.374100
25.085200
25.154600
33.360200
35.253800
39.612400
32.154200
42.750000
35.955100
23.216900
37.672700
38.176100
13.978700
19.710000
20.203100
13.522200
42.614600
43.436100
43.983100
16.193400
11.154900
18.328600
9.534590
6.094280
10.685600
24.210600
25.145000
18.130400
33.075100
26.342000
22.524300
21.214100
10.626700
10.869600
26.886200
34.948800
12.844900
13.857500
10.206400
13.526900
26.179100
31.988200
36.031200
15.408400
35.162700
36.106300
27.930900
44.025800
43.574300
39.755800
32.132000
35.816300
17.494500
15.743100
7.030210
9.486320
38.318600
32.390300
22.920800
22.379000
6.621160
30.153100
32.848100
27.639900
10.752500
10.713400
15.057300
28.502700
37.901300
43.022200
27.984500
7.988470
18.180200
41.920700
33.246400
18.914500
13.990900
6.368530
5.798350
15.557100
25.237600
33.178800
35.681200
25.194600
31.857300
32.193700
33.946800
12.537600
17.186100
29.429700
27.327400
27.656400
38.896800
26.214100
18.411900
7.802740
9.044880
20.147000
24.910100
19.218300
26.140400
7.432240
19.673400
41.377000
24.836500
29.396600
31.659500
23.631800
21.259500
40.135700
32.400400
27.529500
28.183700
28.351700
9.169690
10.280900
14.950200
12.099000
10.028100
13.749600
28.382700
12.930600
6.258710
7.126040
13.658400
34.743300
29.518400
18.604400
7.965520
11.785100
36.371500
16.381100
37.312900
36.222000
6.804590
22.828100
26.336100
34.948900
32.964100
36.111000
39.011300
43.442300
20.421900
18.977400
8.273840
12.832100
10.692800
18.136600
18.486200
27.557700
9.296850
23.596000
28.859700
31.719600
16.960600
18.396700
13.928200
18.096600
23.344200
17.690900
6.013350
14.200100
12.091900
16.034000
9.058070
9.836890
13.137400
9.926450
18.161900
43.700700
20.956700
14.433100
12.343900
18.070200
12.015000
14.329600
23.397600
18.939500
6.369820
11.103800
11.144100
27.768200
15.479500
13.046300
10.139900
10.120900
29.001300
43.119500
41.275400
41.523700
44.071900
37.849000
27.179300
28.431100
26.231000
30.959300
16.912000
8.062740
17.655100
22.337400
35.283400
40.623000
18.661200
25.082600
16.426800
14.676200
11.305200
16.220300
7.503150
12.113700
12.071000
41.980200
27.177500
14.028700
31.368300
35.951300
34.814900
35.187000
26.960700
26.373700
10.938900
29.941000
31.933900
44.076000
28.304100
24.503400
24.917600
7.760780
33.842700
20.177200
9.743330
16.475100
22.132800
12.808700
34.583200
33.022000
21.745800
19.671600
38.306600
40.399100
27.045600
7.447050
8.250010
19.120300
6.477330
10.844100
10.787200
6.703830
11.817500
8.999690
14.897200
7.465560
35.859700
38.454300
33.069800
37.567100
28.174300
33.090200
37.311200
9.406660
15.392700
14.436500
23.353300
44.209400
24.595600
19.654300
28.513500
43.773000
39.333400
42.986800
36.528800
24.028400
33.223000
42.793400
43.816400
33.221800
41.308800
21.589700
14.046700
8.366470
11.533000
8.383170
11.595400
14.610600
16.216900
16.010900
10.173300
18.510900
23.682600
7.735810
10.215300
13.343800
17.283200
26.764200
9.590800
22.569300
31.059400
27.442300
34.241200
39.765100
38.083800
27.494500
25.626900
33.090300
21.182200
20.589400
41.411400
29.716200
18.822900
13.366700
6.273020
23.722400
27.030500
24.553600
29.504700
10.551000
33.479700
21.420500
15.608200
19.678300
20.824300
18.383000
31.676600
32.918400
33.536600
24.983700
39.665500
40.568000
39.148000
35.237400
26.665600
10.057700
8.655590
12.451900
21.023800
21.488700
14.387100
30.660400
34.427800
38.945700
31.260300
27.782600
26.690300
12.187500
13.505800
19.474500
11.106000
22.057900
14.883000
17.725500
27.369600
25.255900
38.371000
38.763500
42.927100
41.045500
38.917700
37.767400
10.072700
31.865400
24.390800
43.607700
43.225600
24.658900
16.332600
17.285800
36.057200
29.595400
43.560000
42.223900
12.228500
14.487600
8.553290
11.977300
15.798400
24.751800
16.650100
39.405800
28.514300
22.320500
9.023620
6.334810
8.147450
7.186430
13.917700
14.514000
15.771300
26.456700
34.901800
15.008200
6.446350
6.626230
36.486800
40.612400
15.538000
17.265000
6.415070
25.727600
37.947700
37.611100
41.078600
17.673000
14.702600
15.988900
8.523980
19.226600
10.899100
6.030840
11.325600
33.910300
19.302700
16.080900
34.257100
39.716000
38.199100
40.456300
42.659000
35.833900
34.208500
27.350900
37.282200
38.345200
28.573100
7.310960
14.546500
13.091500
14.790600
6.952310
26.328500
43.878300
31.588400
28.293000
30.485600
29.081300
30.394600
17.277600
19.199000
7.299550
7.443250
6.478860
6.747280
11.189500
16.182900
21.348500
7.605740
8.181070
10.926300
10.939700
12.419800
32.873200
29.805100
36.999200
32.987400
7.044090
15.400000
9.219880
28.161800
17.863900
34.869400
27.170600
37.738700
25.752200
31.620300
14.206400
11.735200
31.714900
16.527400
37.634300
39.371500
10.572100
29.949600
34.456800
26.875200
18.734500
10.310000
34.402300
39.923200
24.896700
43.046900
35.114600
36.275200
22.251600
8.171680
11.824000
14.152400
14.900800
24.371800
18.102200
9.980890
18.964000
17.517800
9.211730
7.463590
31.881800
27.316900
28.220500
12.065000
23.751300
14.683500
15.461200
9.057670
9.809510
6.245790
7.602180
18.301800
26.411100
19.771100
34.756600
27.846400
25.671600
35.662000
42.168800
37.872500
40.522500
42.005800
34.619100
40.847400
36.180700
39.922000
37.381100
9.765200
8.126610
11.918500
10.680500
29.088800
41.869600
42.800500
30.194700
12.568500
9.583700
19.345300
7.395120
18.980300
20.087200
29.339200
38.619000
38.307300
30.557900
25.288000
12.660200
13.669500
18.236600
36.971600
6.325960
8.031120
18.423800
19.447700
37.732800
31.212500
25.605000
20.142500
33.567200
16.663200
10.633900
7.987420
40.883100
38.685500
41.612700
41.610500
24.232200
31.874100
20.431900
22.393100
20.042700
18.171300
34.519500
9.268130
12.496400
9.933990
8.314450
11.717200
7.758110
36.029300
36.184400
26.876100
21.802100
16.414900
27.688900
40.789000
42.603400
40.850400
39.133500
39.683700
41.329000
39.361900
32.122000
43.461400
37.214200
39.461600
32.895800
18.895500
7.562190
6.749560
8.736010
8.712980
6.883550
27.406400
25.071200
18.703700
32.092100
19.542500
21.830800
36.981200
8.813070
24.615500
37.509800
31.081100
30.223900
37.678900
10.033000
19.040100
39.026100
38.185100
23.066800
17.947500
11.572300
31.722300
32.519100
21.427800
32.138900
20.756800
38.843100
37.921000
15.755200
37.817700
29.504800
25.203900
5.918900
26.035600
16.050100
24.632800
11.337600
10.163000
8.825400
10.126500
15.035300
31.979800
26.527700
34.441800
29.068800
27.656200
19.355300
33.517400
11.076600
17.663800
21.404300
20.352700
9.957670
6.617160
14.769700
7.477080
19.158100
29.060200
29.787600
26.432700
21.983200
24.201600
29.847600
34.429900
37.915600
37.432700
27.018600
22.475800
31.159700
13.406300
18.187800
27.759400
22.543600
33.393600
20.993300
43.311500
30.185500
25.933800
25.523700
35.012300
35.150500
7.550370
6.768860
16.254900
21.353300
12.231700
18.722100
17.980500
32.883200
19.175800
35.754000
39.744100
39.396500
32.990200
20.624300
34.188700
43.017100
33.361600
27.193500
29.370500
38.091000
23.442500
43.628300
35.062400
43.453600
30.600500
28.037400
31.040200
32.452200
19.920700
22.980600
22.165500
30.088200
27.403700
43.097000
40.204500
37.829400
31.050400
29.185600
18.408300
33.767900
42.763200
41.372700
41.441200
27.733900
19.133600
6.267020
24.090900
7.386490
43.718800
28.679700
14.573900
18.959900
7.299460
22.989400
40.827900
42.267700
41.619000
40.008300
35.758900
8.892810
10.115300
6.706880
13.430600
7.471090
15.981000
7.370580
33.357200
26.399900
27.139700
23.983100
26.797300
31.227400
25.875100
26.144400
17.032200
6.583460
15.099000
20.135500
7.776170
26.437300
35.400600
40.235800
44.235800
41.615600
25.768400
43.531300
39.589300
26.627000
16.590000
11.284000
40.820300
38.113100
27.856200
6.102430
10.918900
21.565900
16.416900
12.553500
9.382090
12.489200
10.535800
25.926500
33.298200
14.122000
28.599800
27.514400
29.261200
15.145200
32.798000
42.687800
11.008700
8.084370
8.482260
7.532920
6.519170
11.814100
17.438800
15.151600
24.495300
38.285600
33.071600
33.485300
28.649700
40.160900
40.294300
28.743600
28.114100
18.026200
27.695900
35.062400
36.452900
20.387800
15.396700
17.688000
6.262090
22.528900
15.352500
11.875900
23.155200
31.021400
41.831000
34.514500
15.505200
17.624400
31.572800
41.517700
26.630000
41.899200
37.864700
36.778300
38.916200
30.799200
30.465700
32.552400
32.906400
37.455000
20.762100
39.887400
24.188800
39.611600
24.599400
19.650700
28.371100
24.746800
24.831700
15.669900
21.361000
28.746300
20.323000
26.695400
37.922300
39.192600
41.446300
42.548900
32.678200
40.820700
40.687600
25.417600
41.452700
40.489100
31.992700
41.491100
30.468000
25.984600
33.868400
14.066200
19.355800
9.566240
21.009100
16.353700
7.773000
37.267900
34.309700
36.730400
19.701500
18.528200
33.044800
41.327300
35.941900
26.946200
28.511100
27.494300
7.482890
7.266160
17.234100
24.946200
17.162100
29.799200
39.872800
23.172600
22.562100
19.424400
13.121600
43.855500
26.975800
31.222000
43.898000
24.234100
38.682000
23.818900
21.278800
23.478800
10.208900
27.430400
23.647100
40.693700
43.607100
43.591800
43.174500
25.015600
32.292300
25.646400
33.883400
23.029600
17.101000
17.213800
14.851700
31.119600
34.652900
6.710640
23.864400
33.915200
30.896700
44.006300
41.724900
9.497840
21.948500
40.961400
44.305800
36.191400
40.460200
38.778600
39.315800
42.960800
22.184200
27.910800
15.672900
27.927100
38.041300
30.784000
39.633600
36.879100
35.075800
40.915000
43.825300
27.247700
42.106300
28.880700
42.343900
22.638500
40.950000
33.146600
8.927020
7.003820
10.564400
13.984400
9.499680
7.496870
8.605130
15.651000
14.505500
26.394800
9.150080
32.991700
41.859600
26.252300
13.007000
16.937300
9.854570
6.821270
12.133700
30.761300
31.759700
9.378230
15.911200
31.639800
11.617900
28.230100
16.329000
10.179700
27.138500
14.571900
6.795920
15.621000
21.856200
29.656500
39.691200
43.903000
34.079500
29.456800
20.256700
30.196400
43.846200
34.184900
19.964200
28.638400
18.745200
6.620290
7.362420
8.412780
27.105100
33.383700
37.281600
43.546200
38.052000
35.935800
36.076000
41.851900
29.287200
30.837400
37.459900
17.125600
11.316200
26.696000
44.316500
41.894200
19.600000
17.663800
17.200600
18.267100
5.833090
12.971300
27.756900
20.715400
19.700800
16.871000
25.931300
43.781100
43.603800
42.922200
42.037200
24.067400
10.173600
17.741500
14.535700
16.938700
20.752900
7.853160
9.926660
20.133000
12.056900
10.657900
8.582790
8.773820
17.383400
6.065680
27.693500
16.414200
17.009500
23.124300
39.612400
31.896000
42.464900
27.414000
23.699800
23.243500
24.200800
37.876600
28.055900
32.453700
38.473800
41.619200
40.865600
23.820500
23.935100
18.729700
22.708800
35.125300
31.141500
24.416400
16.238500
19.764000
13.283900
14.818200
19.149700
31.142400
17.406300
17.493500
17.735700
10.751300
24.838400
37.946600
43.236300
18.740200
24.756600
10.313300
11.222400
15.063300
21.658900
22.822800
43.787700
33.517300
41.405000
39.844900
44.177700
30.808900
24.471800
33.007900
33.132200
24.788700
40.904500
41.937800
30.409100
38.770600
42.929400
36.585200
31.297900
35.722700
33.315700
41.773200
21.094300
33.823300
19.149700
16.790300
35.271000
30.072600
9.514430
10.658900
29.075900
41.694900
30.368500
28.781000
21.660100
9.195780
7.292580
11.265100
16.038700
27.566300
34.741600
20.397700
20.338000
10.485300
13.690100
17.992700
14.438700
12.105000
26.960500
31.259800
31.918100
41.208200
41.615400
33.173000
14.558000
12.770200
7.024580
34.611500
37.650200
28.908800
43.617800
29.450400
43.706200
29.325000
22.367800
10.182500
30.438900
12.013000
18.228100
13.383000
16.548800
12.876200
7.512850
15.181700
22.132100
37.298100
41.958900
27.227400
11.871800
22.996400
7.602090
11.775800
9.681300
14.591500
10.405100
16.466100
19.118600
17.698200
7.147000
19.997300
21.411800
14.593400
41.757800
28.539500
40.025500
9.834220
6.530240
37.331100
30.532400
29.974900
18.824000
24.833400
15.389000
10.024600
19.960300
16.453000
14.015200
26.022600
26.797600
28.047100
39.108600
21.932500
41.702800
30.186700
22.410900
39.619200
29.695400
17.939100
7.588390
12.652000
22.245300
36.896300
38.110900
29.201400
28.882800
42.032100
27.522400
21.592000
28.785000
18.549800
30.689000
27.908400
23.212800
33.416600
13.635300
29.819500
23.945800
38.918500
34.402200
19.586400
17.955800
37.564700
28.718000
30.763300
26.162500
8.976720
10.345900
13.887300
7.740360
15.007700
14.458600
23.744000
6.362080
11.541000
10.254400
12.683500
27.880800
24.564500
31.418700
43.886800
36.188200
22.992500
10.860000
29.140100
18.737800
14.647000
6.997820
27.774900
16.741700
17.386700
11.878900
34.120300
31.633900
24.352000
41.873900
44.295300
29.442200
11.642400
33.806800
35.514200
14.314600
12.035200
6.514280
32.914600
12.980800
9.630810
19.212400
16.885500
9.326730
29.002700
24.955700
6.166780
21.992600
30.549600
28.883700
10.057400
19.394200
19.769100
31.954700
31.679000
34.963000
41.010500
31.174300
27.051400
39.748600
36.016900
6.766510
27.009000
43.821900
15.506400
32.492500
38.469200
38.613000
17.002900
21.220700
31.230900
40.245300
30.973300
22.531500
25.751100
43.068200
35.039800
31.871900
25.113100
40.479100
19.443300
14.756000
24.723900
31.261400
39.799600
38.274200
32.311300
39.045400
33.800000
41.150800
33.825600
35.408500
35.177600
40.374900
40.494300
40.784100
37.214600
24.316600
12.048200
22.817700
26.139500
21.705500
15.267500
17.971200
29.503500
36.747500
35.477000
22.058800
30.497200
39.513100
38.645200
42.965500
34.582900
44.333400
40.438300
41.255800
7.286580
22.819400
21.096700
22.826700
21.215700
16.720800
31.305900
34.400000
37.503400
16.803900
16.181700
16.618600
41.040800
21.990600
9.648420
24.667700
27.390200
30.912700
21.642300
22.760000
6.216060
18.620100
11.232600
10.621000
11.151300
9.883340
11.121900
11.969600
11.773200
34.371300
43.813300
30.401100
35.326300
41.371700
29.588900
9.873430
22.474200
36.090900
37.003500
26.662500
32.075200
14.490900
21.571200
38.660400
27.042400
29.732800
28.290800
40.940900
13.893000
11.385100
19.489500
41.531500
42.786200
22.540700
11.108100
34.061400
20.108100
25.642200
22.767600
25.177700
14.805400
18.206800
16.391400
6.838520
8.785990
13.876800
25.465300
13.987400
44.024900
43.794800
36.522800
30.638500
20.266900
18.640300
22.767500
22.004800
10.123100
25.883300
31.632900
37.495100
40.569400
41.271900
43.274700
36.118000
42.049100
36.593500
22.570200
37.043900
30.862300
24.760200
37.625400
33.637500
8.837150
12.187100
21.096800
13.363000
14.400600
16.704700
8.515390
6.956990
30.946200
6.275600
13.978400
30.890100
8.481440
6.498890
6.167210
6.980500
16.654400
30.452800
28.464300
21.925800
35.943500
38.720700
15.630400
20.200700
40.365100
6.277210
8.744220
29.094800
31.352900
28.972500
27.076600
33.184100
30.485400
27.187200
24.123800
29.258800
18.035300
13.764900
14.189100
11.209700
12.775800
13.028600
37.454600
37.937800
33.208700
42.082900
31.079400
7.380000
12.064500
26.061600
34.982300
43.128200
32.054100
30.585300
39.153300
35.269200
40.000200
40.688100
20.648200
19.978800
34.016500
43.668300
36.445100
12.986900
7.497500
39.129600
22.701400
16.829000
33.464500
38.297000
34.691200
28.375600
16.304500
29.685200
24.779100
24.313000
17.976300
8.175030
8.593350
10.132600
33.245900
35.530700
17.779300
28.597600
18.395500
12.235100
7.025640
9.965980
14.074200
38.218500
17.141100
8.551480
21.955700
23.825300
12.303400
17.714100
15.361300
19.514000
21.500000
14.790100
13.509900
13.798200
6.964630
17.773500
6.463850
8.195220
23.884800
41.060100
41.416200
26.327700
26.373600
29.903000
44.317500
42.553400
43.626000
41.169200
26.275300
11.350900
30.031900
24.450700
31.195700
10.002400
25.898200
25.118400
21.275800
26.499400
31.000200
25.459400
29.697000
23.995400
37.188000
31.126100
41.851700
39.568700
37.141400
39.034200
39.625100
23.399800
32.421500
35.495900
39.172500
34.293600
27.546800
21.668000
40.348000
29.908800
29.302000
41.929900
44.056600
29.449000
22.360900
21.595100
16.299000
25.492500
40.494400
23.113900
33.185000
30.046500
33.670600
31.706500
38.477800
26.615300
35.677100
8.500630
22.002800
14.370700
30.187400
40.600200
31.590700
39.494100
27.401100
42.839300
32.821000
39.883900
22.800700
9.908950
9.848100
26.972800
32.492900
14.187600
8.513100
22.037700
13.524200
13.227500
10.208100
18.898100
9.988910
33.461700
41.889200
33.381700
32.979500
29.441900
16.706800
28.424000
23.183700
28.296300
36.024200
41.742100
35.755400
34.403000
12.122300
15.288500
12.657800
37.241100
21.201900
6.887500
15.662600
6.132620
20.148700
16.983900
31.114300
15.348800
11.527700
15.222700
25.566100
37.495600
26.697200
25.255600
36.122500
21.668000
30.750200
18.276500
10.393200
6.725730
8.722620
10.095200
14.872500
24.385500
14.831100
10.285700
32.688500
44.312100
40.954000
33.290800
12.318400
27.504100
38.520500
42.632600
28.383500
21.317200
28.053000
41.178900
43.088100
21.488100
13.655800
18.607200
16.359100
41.576100
37.967300
20.231500
17.446200
19.317500
17.915400
39.323600
31.891700
30.333200
22.649500
13.330200
14.613100
25.739200
34.942100
23.828600
15.787600
34.936800
10.565400
23.702100
16.451100
16.984100
30.340500
31.070200
39.262800
38.984700
36.445000
38.802600
26.314400
8.410310
24.283600
26.580500
22.250500
12.961600
26.985600
39.930800
26.449300
28.890600
42.626600
40.269100
35.568900
9.283180
7.251280
13.722700
18.949700
18.258100
24.330800
24.412800
28.858800
13.241100
23.980700
17.123600
40.367600
42.373000
32.281400
35.402500
22.687800
23.976600
7.777990
11.438900
24.676300
8.602910
9.370040
24.168000
22.659100
14.413900
9.007300
23.761000
27.253400
41.419600
39.456300
43.983700
28.975800
27.687800
19.499500
19.084700
23.829400
8.183300
6.809060
9.607880
36.720000
43.429500
37.547700
42.471000
35.423000
28.572900
24.977800
31.279600
17.644600
11.669100
11.558300
28.358800
33.456700
37.229700
43.485600
43.352100
29.515200
33.118000
43.030000
21.872100
39.658000
41.741100
33.489200
31.751300
19.025100
16.630600
14.719900
31.023400
26.122500
14.619300
38.847200
32.517400
23.623800
41.329600
35.771800
26.070800
21.094200
10.942900
22.211400
29.039300
20.989200
21.472900
23.028100
7.385890
31.984800
20.773700
35.820100
38.451500
21.000200
37.733000
28.748800
41.960300
21.772000
18.251500
25.285500
41.088800
22.033100
14.775300
15.152900
6.834870
31.859300
27.768900
15.857300
22.726900
12.555700
26.714600
20.607500
41.358600
44.290500
44.167300
35.219800
25.826500
42.671700
16.525700
12.443500
21.591300
27.947700
34.658000
44.199400
34.820100
36.363800
36.453000
35.998700
27.845300
39.248300
21.425900
8.057700
13.919100
27.049600
25.532200
26.022300
18.032700
25.827500
13.848000
18.134500
25.703500
38.058200
34.954900
42.716400
40.275600
6.439000
7.300110
9.925760
16.989600
15.304700
25.095900
15.114200
30.802200
41.243700
27.659200
6.846690
42.947700
41.480300
37.698000
41.848600
28.228700
36.024200
42.541000
41.250000
30.871000
16.966500
21.676800
8.483690
15.500900
39.434700
28.905800
29.393300
18.817800
10.097000
36.739200
39.400800
15.059200
25.531500
30.535900
23.498800
14.567100
7.499180
21.759400
35.619900
40.066900
17.927000
36.362700
36.763900
19.675000
21.315100
30.880800
32.572900
34.201200
43.743500
35.446100
30.921400
38.565500
40.734100
41.576900
32.338600
28.608100
31.550500
28.735900
44.136700
43.280700
40.769300
32.563100
26.113900
20.630600
38.904400
35.048700
13.683200
14.705700
14.035400
8.063020
16.758400
34.658500
37.516200
41.532400
29.686000
30.172400
29.859900
9.935130
24.689600
21.197800
33.063500
40.325600
36.698900
29.950500
34.562600
42.144700
40.741100
41.319100
33.371100
36.484700
32.646300
42.224500
36.296100
20.509000
19.663100
17.872200
13.885400
37.340800
26.148500
20.373400
39.830100
43.726000
32.884300
32.285200
26.076800
25.000600
42.889700
33.494000
26.887300
34.547100
37.285600
42.825400
23.316700
34.658300
21.348300
17.670200
13.308200
17.804600
42.426000
35.899100
33.741200
31.159400
42.219000
25.505600
42.571200
40.009200
40.602500
39.559500
36.488700
39.109500
42.982300
43.274400
34.983300
9.234330
25.610600
16.860600
8.731930
27.780600
24.236600
30.387300
18.981700
34.006600
19.687400
13.002800
15.787600
25.620000
40.320400
40.294200
37.251700
37.917500
25.613500
35.539900
36.840000
31.294800
16.123200
19.494300
26.969100
42.304100
35.415500
34.551500
39.181800
33.844600
43.783500
36.679100
30.245500
19.391200
5.759160
21.448700
40.165900
26.160900
31.223400
26.766600
33.623300
15.072300
16.857900
10.784600
11.239200
30.470300
39.017600
19.519800
35.484400
39.612200
35.870600
34.626600
35.743900
26.764600
33.947300
33.568600
41.424000
31.432800
18.210500
41.891600
32.051600
41.530200
10.087500
35.305100
28.127600
12.865200
15.824500
33.062200
43.769200
13.919600
24.191200
33.887500
22.438500
6.493030
37.555400
19.325900
8.793180
6.446970
19.489300
14.380900
31.083200
29.977800
23.550800
28.673000
39.269600
42.548700
41.498000
26.281300
19.451100
21.817300
6.848160
16.311300
26.393300
22.869200
23.418600
43.897800
27.610000
32.782000
21.509900
18.881200
23.293500
10.466200
11.699100
17.366600
13.076700
43.671100
19.527200
6.579580
17.758200
36.818400
23.241000
37.473900
28.665300
32.606100
16.408100
13.885700
37.512700
31.869900
15.524400
37.465400
32.333200
6.757450
22.941500
16.883600
27.055700
35.342400
40.825500
40.306400
39.015500
23.023500
39.563500
36.106000
19.304500
26.741900
9.526450
30.903300
20.424800
20.420900
37.598600
34.462400
21.470500
10.572100
18.950700
34.986100
31.070100
15.998000
17.233000
19.431900
43.838600
39.825300
40.624900
38.741400
18.071700
33.230500
34.225300
40.850600
35.450500
35.071400
32.127100
38.312400
39.641800
41.347800
27.557800
11.926400
26.061800
37.011100
40.208100
25.878800
21.957700
19.607800
37.883900
37.329800
20.969500
16.393100
10.572800
7.097560
19.572400
18.332900
42.905600
43.859400
33.024400
16.110400
17.345500
21.138200
27.201900
35.475000
37.105300
13.242100
29.566600
25.242600
38.995200
23.619400
11.732200
15.457700
20.690700
23.528000
43.129000
34.100200
12.099500
11.779300
9.137090
12.219500
27.084000
27.835900
11.685800
15.105000
31.273800
38.839000
36.582200
43.598300
12.601400
15.611800
12.555400
6.298760
22.182900
28.517500
18.198400
9.714310
28.276100
29.020000
10.332800
19.080000
19.232100
43.432800
39.434600
37.307600
29.418200
19.018200
26.570400
36.467900
39.326200
37.812900
28.246000
39.928800
31.886700
30.450400
32.843300
35.706100
39.053400
34.680900
38.673200
40.419800
40.615900
24.187400
38.658900
40.289400
41.029600
35.950400
34.615000
34.125400
22.762900
22.990000
36.097600
41.911400
23.406600
19.255800
6.176600
7.770850
22.674700
9.433260
7.623160
5.925720
9.816360
13.080300
6.544970
7.919370
32.638700
31.204100
43.179700
41.261900
41.860100
28.692300
6.581050
21.684200
18.488100
26.985600
36.771600
37.225000
41.479500
31.221600
40.275900
43.878700
29.663200
22.774200
30.662300
14.500500
26.382800
24.671000
43.432600
44.288100
18.284300
28.925600
34.304700
11.125700
23.641700
14.373600
7.017100
7.576340
22.207900
37.484400
27.626900
18.091900
7.235150
9.301880
14.597500
24.564500
31.346900
15.886700
28.996900
27.592000
40.439300
43.951500
34.986700
28.324800
11.477500
25.109100
41.903300
37.727300
35.435500
13.311800
41.219800
41.242200
22.766000
36.764300
25.323600
17.728400
23.455700
13.852500
22.499400
24.267500
16.387100
13.998100
11.616500
12.948700
6.483660
31.885000
29.480700
26.441600
31.211700
43.323600
27.223100
16.692700
10.838600
19.540900
32.600800
38.871800
11.727700
9.184140
6.686070
10.039000
22.163700
16.632600
12.275900
20.925200
27.557000
28.931800
42.654100
7.816080
8.440830
15.087300
34.635800
29.257700
27.119200
28.125300
41.238900
14.597400
14.842200
10.689900
23.816000
18.967700
20.525300
35.746800
42.908200
23.617200
32.602900
38.709100
40.233200
30.115400
23.163300
23.878100
8.225250
18.773100
33.462400
22.115900
34.248400
27.188300
35.651100
41.591800
35.387200
39.408800
28.344900
37.123000
20.069200
43.571900
26.536200
19.240400
21.735500
8.247580
30.415300
29.938000
16.477300
12.744900
16.370500
14.405700
9.472380
13.810000
11.438100
8.552730
7.568070
20.896600
7.434220
19.216900
6.373860
16.334300
7.773300
19.973300
6.039890
19.684300
15.300100
18.141800
34.151900
42.382900
36.797900
26.195900
32.307900
32.195000
40.927100
38.861200
39.308300
18.561200
23.914200
22.028200
31.516400
38.931800
40.614600
34.888200
41.006200
41.390300
41.589800
34.108400
31.506300
37.246800
16.089600
30.017300
29.323200
33.132800
25.202700
19.596800
15.631800
21.963900
20.454800
20.480700
20.480700
