25.388000
21.986400
17.282900
6.181800
25.580100
43.622100
17.710100
28.723100
34.940100
44.212700
38.849700
22.863900
14.384200
23.196800
26.914100
19.631100
22.126800
38.124500
42.810600
17.201600
36.913500
37.266800
37.089500
43.097000
27.277000
10.779500
10.035400
10.757100
6.982500
20.035600
19.197400
13.862600
22.605600
41.048100
25.882500
40.655300
41.608600
32.394600
34.154500
16.822200
9.219700
18.420600
8.297180
11.224900
12.986800
43.302200
41.180600
43.977000
40.558500
6.835540
13.931100
21.742500
31.453900
17.186400
29.202700
14.654300
38.659500
36.703000
26.865400
11.036400
21.642700
19.796600
15.526200
17.283500
38.195200
15.919300
18.308000
36.031900
33.328500
38.845200
27.893100
15.720600
8.184200
21.243500
27.089200
21.343800
31.153300
36.499800
22.752300
36.028100
34.436100
17.502400
22.546000
32.058000
26.207100
7.608700
6.332320
6.438180
16.359600
33.807100
23.203800
30.536200
39.217100
6.046580
16.012100
16.065000
22.074700
19.622800
40.412600
26.798400
32.550900
28.285400
20.306700
18.739000
19.987800
23.071500
26.828100
8.277560
24.177900
37.773600
36.375000
39.358400
33.236300
44.030900
39.806700
41.738600
39.496100
39.840400
39.465800
38.469800
33.455800
40.529300
30.558500
32.233100
24.513900
22.688900
38.033600
39.506500
43.807800
13.461400
20.106800
37.313500
18.619800
18.177300
13.906100
21.035200
36.099500
10.667900
13.456300
13.609500
7.088280
13.153200
43.971300
33.809600
43.826000
42.084400
11.600100
29.715500
15.914400
12.711500
16.333800
14.009800
20.218400
39.830200
43.531900
21.316200
28.736600
14.128300
6.916900
18.100400
9.470680
6.724210
15.980000
21.336400
10.001000
7.905260
20.212400
13.509000
11.170200
11.344300
23.366600
17.872600
16.058000
6.453350
22.115200
10.477700
15.377100
27.095300
26.737200
9.418050
12.925600
23.921200
11.875600
12.172800
15.973500
35.685900
30.632900
15.128800
32.002700
32.734900
27.571100
11.407700
7.167080
8.165520
39.661000
32.992300
39.373700
42.158600
32.402400
40.632800
26.311300
34.594900
39.201800
30.583700
34.470200
25.828900
24.919500
20.691000
32.073500
41.359700
43.385600
41.250000
39.534500
41.630500
28.673200
24.958200
11.771200
15.810600
7.491140
15.170600
27.895700
17.710900
26.081200
36.933700
18.647000
25.946900
42.397400
27.121800
30.291200
10.569000
6.933790
5.948000
10.172700
8.842300
17.856900
17.776300
34.976800
35.926600
26.241300
12.628300
14.156100
24.418000
20.599500
18.031700
16.819900
14.186900
31.971700
22.881400
11.183100
14.559200
32.277500
14.854300
13.651500
32.661500
22.540600
20.197800
20.113400
8.515170
23.771000
25.593900
7.881210
30.983900
29.111300
17.158400
13.770900
13.226200
14.089200
10.666400
7.338090
7.873840
11.057500
10.313600
22.248400
31.716000
32.794000
27.431600
36.496000
43.468200
21.410800
27.426400
13.658300
8.966580
21.444400
11.081500
17.109900
21.859800
25.507400
23.981900
17.750400
16.528300
15.594200
26.749900
13.459500
18.950500
17.608100
16.174800
23.619500
24.520700
31.709200
6.565960
43.076400
31.968300
32.604300
18.563200
29.490000
9.619150
9.662100
38.009700
40.970500
22.072000
43.663900
33.600800
27.158700
19.283500
29.593200
36.417500
24.770300
27.959700
32.350400
36.777300
41.160500
18.770700
36.718900
11.376900
21.854000
7.951410
22.695300
24.469100
14.521200
24.935000
29.788100
16.701100
14.371900
14.649100
16.098500
17.734100
27.720100
43.145200
35.296900
34.390800
22.167400
17.103100
18.500200
8.972300
8.328460
9.645450
35.306800
28.852300
40.278900
39.306500
24.239800
38.677400
41.775200
32.194400
13.652300
11.723400
27.448800
20.217800
10.798600
22.639800
35.125100
17.298000
15.269200
7.542090
24.998300
12.944900
20.793500
12.755400
27.184500
27.528800
42.761100
19.499100
16.596400
7.248610
9.033240
22.246000
32.385500
44.001100
37.978400
40.424100
30.858300
34.894800
43.461600
35.240500
31.852400
30.955900
32.619700
42.016800
40.924800
31.078100
10.438800
21.586600
15.492400
12.612500
33.269300
22.193300
25.442900
5.899010
17.782000
22.064800
38.130400
29.854900
41.585300
38.774000
39.999300
39.767800
24.748700
22.641400
24.992300
22.156100
16.296500
22.085400
40.125100
30.891100
36.543600
39.602900
40.147500
41.222200
7.958850
12.229000
10.333300
18.766600
22.970300
8.112510
11.401100
27.760500
34.564100
30.481200
19.568800
43.650000
40.376300
43.613500
20.232000
42.887500
32.687400
11.907500
6.134330
25.559700
24.443700
21.064500
11.936600
19.787700
14.253300
17.830000
40.865900
38.600100
42.458700
40.192500
35.099800
38.114200
39.489400
28.101500
11.857800
29.439500
31.186200
17.544300
9.193030
10.520500
11.725400
16.110000
20.480500
29.737800
29.432900
36.632700
34.036400
43.834000
35.340600
13.622400
19.092700
12.593700
12.022300
24.890100
44.352100
38.626200
18.467000
40.358200
28.083400
23.336400
31.661200
39.706100
27.795100
24.762600
39.805100
31.406800
42.011200
39.087100
20.305700
36.629800
35.495600
27.961900
37.129800
14.620800
14.071800
13.070500
23.715800
12.817100
32.254300
35.324400
38.158900
35.238600
23.434400
17.780800
8.727420
36.901200
44.046700
32.038500
23.813400
43.643400
37.307100
32.913800
41.060800
42.798000
39.900100
36.775200
33.041600
27.519400
19.075200
10.027500
8.231080
13.128400
32.800700
44.178600
22.049800
8.749470
12.687500
14.330400
7.733470
15.671100
40.332400
43.074000
35.106300
32.387900
39.755700
26.406100
41.788300
39.932000
31.040600
25.001800
38.054800
30.237900
15.805000
19.893300
35.478500
20.447600
26.267500
43.743400
31.280800
14.286500
23.001000
24.669900
28.399300
29.729700
38.923700
37.902800
33.852700
20.723800
24.891800
30.533100
38.580500
34.709500
37.108400
34.169100
39.498300
35.362400
22.521600
42.426000
35.422200
19.687600
8.838670
25.404700
42.685100
35.178200
32.490300
26.530700
21.459900
19.536500
28.069000
27.520700
38.369800
42.201700
29.995200
31.215600
30.249900
37.914900
34.899400
24.365200
24.399800
38.317300
38.765200
38.137200
22.101600
36.394700
17.359400
19.538300
29.702200
24.276900
25.876500
42.857200
28.660000
21.154000
26.483800
36.580400
42.771600
31.382600
25.422100
12.550100
20.378900
10.836000
24.118900
32.250500
41.330700
42.843100
16.109200
21.771800
27.419700
30.683800
40.572100
31.718100
43.961900
36.384900
32.635300
16.692100
13.569500
9.127250
16.656400
12.357200
30.661500
32.484400
28.143400
18.577700
10.043700
12.771000
16.619000
15.684800
8.037360
32.098900
40.443300
11.568100
7.917610
17.302200
20.480100
12.708800
18.894000
19.718000
27.132700
7.931500
12.718800
23.199800
10.618800
10.665600
11.420200
14.422000
17.440600
13.307100
16.942000
9.445880
7.647460
15.449000
22.988100
18.632400
11.432600
10.617500
19.289800
32.091300
35.920200
23.802200
19.485600
30.167900
17.890400
13.567400
7.389160
8.990830
9.432140
11.339000
29.235700
6.093400
6.981590
14.320800
39.200800
42.127800
22.036300
34.753100
44.299200
35.624100
30.006300
24.943800
41.996200
20.862100
19.155800
30.184300
27.267400
29.955600
27.240500
14.455700
9.782130
13.439400
8.521740
34.612400
27.955600
13.375800
22.703800
14.749600
26.882200
38.798000
43.602800
29.200200
11.955300
11.276900
35.132400
23.601700
16.086200
8.770100
15.274300
22.164500
6.266710
12.504800
36.038400
31.348000
8.113790
8.823490
8.250620
6.660710
19.388000
10.311000
7.024520
27.254200
37.704200
31.090900
22.400800
23.767900
17.121000
12.199000
6.911410
19.385600
14.581600
9.435280
22.241700
44.192000
16.169500
13.464500
18.255300
27.823400
32.511900
19.048300
34.019300
21.108200
18.202300
17.053300
16.307500
6.832860
27.711400
18.883200
25.708300
34.024300
21.557800
14.885000
12.212600
8.374430
7.668620
27.610500
15.994400
15.720800
7.632500
13.177800
24.719400
19.264400
7.241610
12.844300
30.817800
23.657400
11.369200
7.873230
27.627100
30.760700
14.771500
17.349900
24.412600
6.637460
8.035010
14.420000
9.376370
19.982700
40.016100
43.969000
18.527800
31.746000
10.482600
20.042700
15.714200
41.980500
31.595500
15.087200
22.980800
22.958100
30.960100
43.760500
40.661900
26.808100
22.685300
13.652300
11.064900
29.791500
41.684000
33.482200
22.072400
34.377200
15.806300
22.912500
42.949800
25.915800
43.286500
43.521300
41.533600
17.053400
24.110600
27.044500
19.724000
28.211400
25.928000
32.230900
25.037700
13.941900
9.547900
26.341900
30.932800
15.834700
38.951800
36.739400
38.454900
43.716400
28.724100
13.506100
7.473150
13.858800
20.557400
19.412100
28.789100
16.114200
16.658500
15.867800
24.887300
28.551200
31.444600
37.894700
11.376300
36.822100
30.593500
13.322500
39.278500
31.104800
31.624300
31.882400
38.891600
18.203300
40.433700
33.510200
40.637400
20.041600
36.471300
24.445500
33.452200
38.453600
23.879500
27.329000
19.001300
42.742400
26.836100
21.733200
12.273500
26.271000
40.962200
19.631400
13.028500
13.221300
7.783650
10.845900
23.530700
28.770600
11.384500
17.667600
16.021600
31.370300
22.751000
23.542100
39.323000
27.915300
27.832700
39.814500
42.141200
24.231700
19.134900
42.576600
35.229100
25.700700
23.912000
15.841400
31.319200
23.109800
16.605300
10.489600
7.194360
16.916800
6.586770
24.372000
17.071300
23.572300
29.225500
12.064300
8.010580
36.920100
39.749600
30.960600
14.773600
22.090700
32.295300
25.622000
25.298400
9.919530
19.777600
15.102900
13.625700
17.020800
15.633400
17.154400
6.692020
8.667380
14.963800
14.800900
26.367600
26.978800
23.350600
15.398400
28.834200
33.826200
29.679700
13.142500
8.526820
15.131900
6.238570
20.796100
13.153800
20.414900
34.286500
34.116100
30.206500
39.095200
40.793100
40.757200
38.312500
14.924300
12.369900
5.848840
27.272800
16.967500
41.960400
27.004800
6.622440
10.137200
17.100000
23.733500
43.127000
33.959500
34.609200
31.659200
35.341000
34.965400
21.244600
20.869500
10.633300
8.830580
28.709600
25.068400
19.659600
18.069800
39.900100
28.990700
36.464800
33.638300
27.384800
37.312000
39.498300
42.011100
42.024700
31.296800
35.543600
34.028800
39.737500
43.806700
31.031600
32.338500
35.796300
29.980400
11.352400
8.856880
26.287400
11.288600
7.615350
14.266200
18.406900
16.814000
15.280200
26.867200
37.981800
17.679500
10.937800
7.413450
38.918400
33.750500
35.375100
32.906000
30.531800
15.518900
10.758700
18.012000
30.572900
37.984800
42.363500
33.127600
41.488200
39.777300
29.022400
33.982000
36.711100
10.640600
10.934600
7.896510
6.679670
29.861000
27.119100
43.468300
33.977500
40.050400
25.716800
33.656200
8.275460
18.504800
34.184800
35.820700
26.114300
37.571800
19.929100
24.701300
15.722800
26.973900
8.098940
11.946200
40.822000
42.296700
43.822600
42.909000
39.125500
31.495100
32.737200
30.450000
29.046700
42.627700
28.511200
16.895700
11.489900
16.009300
21.313100
17.846100
22.452000
19.091600
19.496900
17.609300
19.652700
32.168700
22.410800
12.966500
36.035400
6.558530
22.568800
44.173900
33.942300
18.972800
19.691400
21.226600
9.282080
13.350200
16.828900
11.208600
12.885100
36.053600
40.323000
37.474400
27.475800
24.567200
40.766400
19.667500
6.777090
21.288600
37.905300
36.489500
33.132900
38.920600
28.687600
10.667800
8.597330
11.715500
11.434500
20.526900
11.150700
9.513170
31.348100
27.874100
22.134700
10.156500
35.213600
43.686600
40.198100
39.567600
32.167400
28.904900
38.161800
34.225800
13.531000
7.885960
11.059400
15.194600
40.948000
42.545200
36.254400
36.125400
40.798100
38.899400
31.934000
37.445700
32.190300
23.516700
22.323800
30.317900
36.063600
38.785000
35.204800
39.008100
29.403400
24.990200
23.264700
31.997700
37.823700
44.378900
43.824700
30.699200
25.237700
37.017500
29.606100
8.253390
8.655510
7.924180
26.759100
40.198700
39.488000
32.667000
26.633500
26.475100
13.515600
23.494800
15.727200
30.996200
32.061900
31.019300
30.121800
5.959720
24.074700
22.345500
26.280200
39.957200
11.482900
12.316400
30.455900
41.961300
33.845700
29.610100
12.786200
25.482400
23.615300
34.975700
35.494200
14.558700
29.887800
43.387000
43.309100
30.015200
13.832800
10.217400
17.062500
9.198110
7.819380
28.583500
26.233200
27.735000
31.345700
25.451200
21.613200
10.322700
18.554700
26.644900
37.131400
40.712600
33.641200
44.127100
31.036600
20.981900
32.041000
40.980600
18.655900
26.083700
20.926800
32.156700
36.188200
24.043400
9.148580
10.529400
36.345300
17.627300
13.439400
6.254120
6.417790
20.279600
8.601280
15.427900
14.957700
7.471390
8.479700
14.635300
21.564700
12.929800
27.018500
6.171050
17.564700
20.260200
23.565500
12.716000
14.862400
6.193400
18.407300
13.673700
7.896770
7.446080
6.656360
12.861600
6.191960
10.626300
10.851900
17.867600
18.488200
8.248390
12.327900
24.178300
31.731900
19.364300
9.103820
6.558390
11.478100
15.163100
38.286200
44.176700
43.662500
36.248300
39.731900
26.255500
23.481000
31.609700
24.949500
40.383200
40.692400
44.381100
29.127400
8.052070
14.294200
16.407100
39.577000
34.645200
21.726400
6.506900
15.447200
25.642700
16.368900
18.067700
9.203260
7.253120
16.039400
38.499600
43.479500
38.212900
40.337500
18.985700
25.281800
22.368300
24.887500
31.458200
31.039600
27.742300
20.261800
6.299520
11.689100
26.684700
9.315900
42.715800
38.999600
29.318300
30.463100
20.958300
16.602300
27.428600
9.191740
6.738480
14.173300
7.930240
7.187500
11.433100
18.447600
24.895200
23.351900
21.986900
28.218900
37.361700
20.985900
25.356400
10.712800
9.238160
14.766700
18.665800
24.183600
10.490600
25.447200
25.541500
27.456400
42.858900
36.580000
44.101900
38.322900
42.803700
42.751100
13.289300
20.732800
35.781900
33.692100
29.316200
9.702490
19.514100
31.007100
42.385500
27.540400
27.796400
11.687600
20.035900
32.848500
40.821900
31.608600
23.874800
14.264200
25.024000
25.212000
40.580800
39.982600
36.438000
31.919200
34.321500
10.018600
13.881000
6.977240
29.962100
6.636520
6.862560
11.860900
8.522390
19.752600
9.351830
18.275200
20.593900
15.090000
11.274800
17.118100
12.547800
32.244100
37.987500
26.891100
43.513200
26.436200
27.271000
34.780400
42.535400
43.064100
44.037200
36.873500
40.669800
39.415200
23.733200
21.072100
18.003900
30.948800
16.433500
14.008100
16.821900
19.844300
30.521300
6.496830
32.273500
35.379700
38.363300
36.777500
38.879500
26.798100
21.350700
19.451900
18.593300
12.202400
25.145300
17.585100
36.187000
18.883600
31.906000
43.292700
34.255200
42.456800
23.432800
29.356100
37.187800
23.340300
30.311400
6.312040
13.782100
22.625700
28.178800
41.859300
34.368100
35.288200
18.948900
11.816200
16.986500
12.207500
12.458300
10.726100
11.390200
6.544740
11.518100
7.622780
39.075900
21.476600
12.795200
19.452800
8.257610
22.364100
20.880900
14.005300
20.001000
14.794300
10.540700
35.206900
22.252400
22.797500
38.012400
27.928700
44.136300
35.114000
36.784200
36.087700
42.929100
41.765000
25.197600
27.348900
8.819590
26.214700
9.350670
20.173800
25.970300
8.993650
13.184700
18.346000
32.161100
35.157400
40.306700
44.210000
28.751500
29.962200
40.352800
41.744900
27.368500
10.296400
29.512900
39.419700
12.971200
36.707200
27.818900
6.389280
22.654800
32.825500
41.545000
35.523200
20.780800
8.205830
15.892300
33.716400
31.661400
7.550960
20.205900
10.387900
8.336790
11.026100
33.210100
43.267100
41.389400
30.853900
39.980300
38.181400
6.059300
15.198100
22.734100
9.375770
41.180000
24.514400
35.693700
40.063800
41.342400
41.909300
39.135200
43.299700
24.422900
38.707600
29.449300
13.511600
35.862000
33.845900
32.956300
44.048500
12.500700
6.037640
10.056500
13.385700
9.513210
11.404100
21.028900
16.090100
14.982000
7.935410
21.007700
13.739000
30.273600
14.667000
30.278700
30.739800
19.055900
28.600200
32.332500
34.560900
26.823400
31.817200
28.324900
15.297000
20.634500
30.886200
33.165900
34.558700
19.135000
8.620150
18.766200
14.707900
32.477800
24.491100
8.209970
9.486760
8.399180
11.262300
11.165200
8.291770
12.022600
11.697600
27.236400
24.833000
8.094870
19.613400
35.043300
42.141800
43.502900
31.338500
30.980600
24.305900
15.899500
31.961000
40.884300
17.861700
11.917100
9.781440
8.820370
7.661500
7.085720
18.675000
31.720300
6.290450
8.550020
14.912900
21.306000
7.891930
16.533800
15.108600
19.842300
35.995200
26.309200
12.602200
14.273300
14.520200
6.156600
6.211290
30.510500
22.753700
6.850080
29.979400
27.549700
39.262500
41.771100
30.557200
20.005800
17.055600
33.044300
18.293600
10.465000
8.288020
17.410800
9.094000
16.893800
15.663000
28.505800
29.715200
26.638800
34.015300
32.458100
10.315100
8.491710
22.699500
9.632820
8.413190
17.738200
11.977200
25.457900
5.778910
26.913000
17.315200
24.785300
20.774000
11.055900
26.106500
21.463400
7.545300
37.312800
22.830800
24.862000
25.289700
25.960900
30.058200
21.752400
11.641900
10.100800
12.171900
6.765220
8.410110
21.900200
24.018500
29.667800
12.979700
39.611600
39.397000
31.843200
35.467800
35.065800
17.187900
16.027700
24.405400
10.158400
15.102200
17.867000
32.367100
36.113100
39.816800
40.742900
26.930200
13.757900
8.299050
16.327900
23.101200
21.586200
33.843100
26.491200
30.941200
24.662600
33.424900
11.638400
20.446000
26.516900
5.904720
7.368220
9.428900
7.183540
17.798800
24.280700
14.356500
23.806700
27.916400
14.824500
23.090500
12.797600
6.802330
13.919000
11.606700
7.944230
7.822900
9.769550
18.192500
8.805600
17.757100
26.856200
35.669100
39.961800
43.673700
39.499200
12.290100
25.618000
44.122700
42.386100
33.177700
32.508800
39.902700
30.007100
39.737400
44.353000
20.731800
42.188600
26.030600
17.620000
27.381800
30.385700
35.621100
28.194500
31.045500
41.691600
42.647200
38.426300
38.318300
9.264390
20.205000
8.046920
14.584000
16.814000
11.714000
21.086900
33.236100
34.207100
28.636200
26.409700
23.389100
37.373400
26.048900
32.472600
39.880100
41.946300
21.674200
26.543400
29.874200
36.847900
38.680600
25.641100
7.034920
6.291080
17.422300
12.761900
7.541890
10.704300
6.851040
15.323500
16.569800
17.852500
15.221200
29.798600
40.700100
35.209800
20.984000
17.864700
19.417000
36.284100
25.960000
13.629900
18.326000
13.509900
19.899000
42.541000
43.681000
36.100800
38.787700
24.487800
21.219400
7.920680
17.529500
27.222500
35.518000
11.354800
18.615900
6.036050
16.401600
23.780500
24.444900
32.147000
44.175400
36.584600
39.812500
26.655400
18.485100
11.614800
18.445700
17.273100
19.366300
14.757000
7.510950
11.201000
21.770600
16.855300
21.694900
6.296830
29.540600
12.831900
20.312200
34.576200
30.277500
30.724600
16.892200
13.410300
6.365060
10.968000
20.944800
5.842020
6.485760
16.318100
7.037680
33.097600
38.341700
34.842700
29.406500
33.880800
26.906900
19.860100
34.270800
30.852700
9.797400
15.001900
8.782740
9.012900
29.939700
30.729000
40.324200
22.117000
26.845000
22.401000
43.270000
37.028800
37.921300
32.868500
21.633500
20.304900
14.979700
14.191600
8.865340
16.830600
30.925900
32.312300
18.675800
6.223860
19.601000
24.306500
34.478300
20.917000
37.998400
40.470500
34.101900
39.855300
32.374800
10.767500
27.856100
25.430900
22.416800
6.525430
15.615600
25.005100
26.416100
15.890500
29.682500
9.802480
7.519290
14.333400
12.570700
9.640440
12.219600
20.904900
11.270300
19.341400
15.441400
11.121100
37.140400
32.844800
37.506600
25.580500
34.085400
38.885500
39.897200
43.084500
40.835800
42.343500
44.094700
27.727100
33.281600
32.504500
43.372300
40.438700
28.430300
19.187800
9.818130
13.160500
10.354800
34.480200
37.519200
21.473300
17.068700
11.129700
15.542600
10.737900
33.881400
31.155800
43.127700
26.536400
28.261200
6.706030
14.064000
10.540000
8.180820
10.389300
25.446700
15.106900
18.014000
7.959030
27.665400
31.297400
13.292500
7.748830
8.439130
15.619600
30.567000
19.859700
31.541300
28.773100
13.548200
9.495670
10.481200
8.540730
7.292940
8.666190
13.952900
14.225000
18.570600
29.694000
22.510600
25.136400
30.559100
38.648200
37.379700
21.714100
26.245100
15.539400
13.302100
12.796600
6.524360
15.062600
23.983200
37.575200
23.316600
28.936800
29.622800
10.933800
29.974700
38.743800
23.514800
23.121000
28.340200
26.414200
17.625100
34.279100
26.628500
40.723600
42.243500
34.058000
22.471400
30.567900
38.447600
43.574700
26.363000
25.810800
27.748600
20.877300
44.308600
33.808500
34.029900
38.887500
39.140200
12.237500
21.119400
12.724700
28.346300
38.259800
43.186600
27.290400
14.985600
8.631280
34.070600
27.639100
17.660400
12.051600
20.473800
12.231700
18.054600
15.444800
19.683000
15.904100
32.091500
12.664900
22.967400
12.091200
7.377220
16.883100
29.132400
19.405000
14.244300
13.660100
11.007100
7.574610
9.453270
24.440300
41.798700
35.320700
37.007100
38.282500
30.142800
31.421600
42.927500
40.675000
36.091500
32.167400
28.232400
32.332500
33.974100
13.388500
12.891800
27.688100
7.469540
26.405400
43.006200
34.885600
13.389100
6.106150
9.138930
8.449860
19.565300
24.468300
18.397000
8.124840
26.720600
35.755700
43.123200
37.211500
28.544800
44.017700
18.901900
35.208600
40.722100
10.773900
15.062600
41.826900
35.350200
30.886700
18.506500
7.504130
20.760200
34.812300
7.993430
19.176100
11.269100
16.953200
40.790200
41.978100
41.526200
40.078600
27.708300
17.960700
18.100900
7.075530
11.684000
18.556400
42.885600
31.336600
35.405000
24.025400
32.934500
43.459000
35.903500
33.391400
29.549000
20.098800
12.803800
19.729900
34.907200
36.345400
15.443700
26.302400
40.474200
28.889200
19.049600
29.307900
10.582400
43.732200
31.415800
32.872300
28.551000
32.386800
42.252800
37.561700
27.240800
29.840300
13.288800
11.470300
15.051700
13.915400
19.393600
13.618200
17.160300
23.218000
42.736800
35.016400
33.572100
22.972700
43.387400
37.963900
28.886600
15.011600
8.666770
8.942520
9.276180
6.692170
10.662900
23.468600
19.024400
14.989500
16.981000
15.958600
37.955700
31.297900
27.851700
40.054100
36.388800
37.956300
39.182800
6.282960
8.869280
20.947400
22.039300
7.919190
17.196000
16.145000
41.241300
17.154300
43.830300
26.471600
7.343250
16.433100
9.681340
12.733600
10.140700
28.237100
28.544300
31.347000
40.356200
32.695700
42.199000
34.052500
35.567800
39.251800
34.413200
43.803500
42.738100
23.620600
20.418900
8.511920
12.150700
22.858600
28.874900
21.887200
27.594700
32.792200
18.711800
37.604200
34.914500
30.312600
22.108900
35.771100
33.427800
16.543100
8.589090
10.752000
19.571200
24.033200
34.839700
24.494100
18.962400
28.495300
38.581100
28.010200
43.379400
43.508200
37.721200
30.143000
25.599900
34.166500
13.845900
18.123000
16.278600
16.708700
21.626600
34.202900
36.163500
19.991600
26.354300
11.225500
20.815000
31.320100
6.192160
12.200400
23.953400
36.759900
39.457900
41.139800
25.964900
15.334800
6.605610
6.970620
10.312400
22.102100
30.909100
6.875570
17.494500
43.210000
43.583500
33.122200
38.288100
37.914000
36.479700
21.115400
20.197500
29.404100
34.877100
22.723400
34.503200
37.263800
32.764600
43.620100
38.456300
40.660900
29.947200
25.283400
41.562100
35.889200
20.972500
42.842300
31.554900
21.874300
7.995550
5.852190
15.881300
10.474700
25.466400
28.577800
32.805500
30.000000
40.472100
44.158200
28.202400
12.831100
9.530400
29.239500
29.963100
35.225800
14.513700
18.811500
18.564500
22.863500
6.137610
15.205300
14.807400
10.125900
7.285460
6.890430
15.361300
13.875400
14.695400
18.091300
17.018000
14.316400
10.159800
10.505100
8.422600
7.231220
5.836740
8.780040
17.585600
26.810300
22.040400
11.002400
16.649200
22.673600
13.097500
16.569500
35.351100
29.973600
44.027200
24.191900
40.118500
33.329800
23.713100
20.154800
19.661400
36.003600
36.995700
40.167600
40.711800
40.390000
33.419600
38.013200
35.177900
31.623600
15.044200
17.809800
27.185300
30.213900
7.588040
23.065900
17.726800
14.870100
14.285700
12.815200
18.182700
12.556200
28.673600
32.433600
34.060200
24.224600
20.022900
18.645400
15.177500
42.639400
38.052000
34.114800
13.945200
29.370700
10.715400
14.775400
12.839900
9.989820
15.841000
13.166000
10.258700
14.510300
16.105600
37.942900
38.811000
32.277300
41.276800
29.814400
12.839600
21.007400
9.724300
14.258400
17.326800
19.853200
40.264000
28.086800
40.412400
42.813800
30.075400
18.329200
8.065110
37.145400
26.327600
19.053000
9.012400
7.679000
11.097000
17.392600
6.625120
10.388800
12.576900
11.337700
19.739800
25.917100
38.119500
42.470700
31.611100
7.582620
28.053600
20.664900
40.557900
13.309300
41.100500
42.405700
30.236900
41.772500
31.503800
40.992700
41.332000
25.368400
24.478200
44.002800
42.006800
24.587400
13.621300
6.340760
16.511100
6.197300
20.816100
17.833000
27.497500
35.688800
23.760000
43.604100
32.972200
25.243000
31.818400
36.872100
28.476000
40.993500
36.054400
31.976500
31.694400
40.828100
33.463100
40.540100
44.058200
42.916200
31.036700
29.641100
20.947600
18.299800
11.647200
16.312800
17.680900
8.089370
24.348300
40.808600
37.419300
27.184100
32.162100
29.500800
6.974920
14.523100
5.788810
28.395300
34.131300
26.117600
8.614920
39.988200
35.289800
26.210300
23.100200
8.322890
17.053300
17.508300
7.674540
7.056840
13.757400
30.036800
38.563700
18.929200
26.599000
6.035360
10.906700
23.968600
20.168000
16.793300
24.142800
7.751380
8.002230
17.859700
31.053000
29.138800
16.778800
11.483200
19.852600
11.120400
28.891500
30.366200
36.003000
42.493200
31.916400
43.574300
28.114500
17.887600
9.895870
17.019400
22.791100
23.061600
20.905000
9.142930
7.655630
19.257700
13.846300
32.295500
41.434000
41.517700
31.919400
27.866100
14.164500
9.083740
12.769800
12.390000
19.817100
32.111700
11.370600
42.418200
36.449300
42.919000
32.766500
33.953800
20.369500
33.558500
26.411600
21.444700
28.500400
20.045600
26.762500
24.595600
10.785200
12.451400
9.502660
31.226300
39.033100
36.410000
19.901200
6.891540
17.561100
16.195900
19.077200
11.234200
11.279300
12.628900
16.987100
11.021800
38.053000
29.857400
35.595800
32.376300
41.287000
37.827800
39.320400
43.197200
42.867300
36.874900
19.559300
20.053600
7.820630
38.756900
43.993100
31.581000
16.424700
26.004000
16.200600
27.139400
30.549200
28.924800
15.100900
6.069820
9.799420
16.734800
27.571100
17.633900
34.545100
43.110400
23.953200
6.785150
27.562000
33.704400
43.388600
42.583100
43.321100
42.433300
15.430900
16.723800
13.973100
6.861330
41.138000
34.039200
27.179200
20.068500
8.755860
30.653300
34.106100
23.412700
34.623000
35.041500
13.334900
23.211600
39.950400
42.246000
12.283700
15.129700
17.311600
24.237800
37.188800
20.718900
14.029200
8.362570
6.560370
16.635500
36.329500
9.008620
32.031100
34.822700
37.390700
34.083400
35.289100
32.426200
27.761700
42.632900
25.871800
21.449200
22.438000
24.019200
29.118000
24.202200
29.605000
28.523500
37.882300
22.406500
29.893100
12.131500
34.866200
40.622800
35.428400
42.589300
35.726200
17.058300
16.458200
28.229200
9.402940
12.530500
30.063900
19.318500
28.848500
37.523700
25.245600
6.673940
15.942600
36.854000
43.759600
12.864800
9.494730
28.934700
31.265400
41.509500
36.109100
38.800600
39.146300
33.385800
22.206400
25.177300
24.976100
30.113600
40.326500
32.719200
30.043000
28.587000
10.020500
6.928450
22.538200
23.527800
33.740700
41.801900
32.483300
28.677200
18.181200
24.891600
22.573000
30.636400
42.843200
32.534000
17.527000
16.424500
36.702900
36.364500
41.177800
41.878600
39.647100
42.873100
23.299000
18.148200
31.953400
36.470700
38.742500
35.705000
24.257300
15.870400
19.985200
26.095400
22.440500
25.111000
34.582700
38.212900
26.021500
22.824800
32.830600
41.257700
26.208000
36.446400
24.798800
6.008620
21.512600
19.043300
31.114500
15.672800
14.556200
10.654500
9.054690
11.289000
16.963100
23.914600
43.201600
18.851900
8.467290
17.499500
9.528150
13.010500
7.020780
26.281300
37.480400
23.815700
23.316700
12.583800
7.329380
31.304000
18.438700
7.099120
6.233480
6.273820
18.541900
18.122800
31.636400
21.949200
26.044000
16.983100
34.203900
18.034600
18.253300
30.350100
34.424500
22.966100
28.253000
30.824600
40.367600
39.973600
42.032500
24.966500
38.656600
21.432900
33.724000
43.678500
26.593400
8.572710
12.936900
7.701680
10.825500
19.896900
35.067500
35.329800
43.851300
34.807700
16.673600
18.291400
27.150800
30.993500
39.563300
37.101900
40.288400
40.423000
36.620700
37.463100
31.135800
23.534200
14.197800
10.651400
8.301330
11.523200
12.175600
14.443900
19.193700
21.482800
21.652200
9.807420
35.147200
39.912200
35.920200
41.376400
32.999000
25.294200
39.461800
11.271900
9.934530
27.103900
43.621700
39.690300
37.023100
42.858300
41.275200
34.763400
30.806900
10.058900
35.930100
33.830000
35.890300
43.781300
32.062900
26.526600
31.159300
23.410300
20.592200
6.340520
12.723900
6.186050
21.900800
32.954000
22.200800
30.624300
43.969900
34.726000
27.229700
29.387900
42.255000
11.993700
41.045600
20.673000
30.316100
36.418000
32.404100
24.830100
9.938710
10.892200
17.312400
18.640400
20.976900
30.017900
42.631300
34.447900
24.057800
30.048500
29.004000
12.477100
22.416800
22.052900
34.708700
39.899500
42.418600
22.804800
37.288400
39.409000
38.273500
43.508100
23.971800
33.699600
18.702700
12.912700
10.940400
14.228900
38.091000
28.137000
22.245800
35.657300
43.472800
40.483900
38.779900
36.009800
39.439300
30.053200
27.452900
15.954500
23.007100
23.348000
24.133700
40.820800
38.105000
37.821200
15.621300
24.660500
30.182800
26.210700
20.448300
16.794400
9.943530
30.136200
30.473900
14.027500
21.560200
15.862500
29.873900
35.258000
40.771500
26.811900
19.513500
40.833600
18.580400
15.721300
22.663600
27.992900
19.035300
26.548300
8.719840
15.286900
18.637000
11.925200
21.997500
10.215900
9.324530
23.478800
12.449800
14.478800
19.413800
16.113600
37.839200
12.673200
8.865550
8.573210
26.211200
43.835600
41.677400
40.655900
43.199600
16.971800
40.576400
23.961700
18.941500
33.779500
19.441300
30.248700
12.583600
11.953400
12.648400
9.438280
15.766900
12.246500
7.218960
5.944820
15.766500
31.662500
43.898000
29.620200
42.695000
38.475700
40.884000
40.150100
32.143600
19.107800
11.396800
18.718500
13.112200
6.474050
20.272200
14.393200
19.715300
37.475300
10.971200
34.482100
35.202800
16.156000
10.567100
11.310600
9.613020
26.698900
17.871800
8.575970
34.644700
25.652800
8.809270
27.469700
28.473100
30.527700
9.930820
28.785500
41.177300
39.141000
43.892000
40.643600
15.004900
20.897600
10.827400
16.751800
14.226800
12.944100
11.712200
38.038900
31.965500
22.574300
16.903000
9.752940
6.760580
33.813100
17.553600
11.761000
8.678460
13.386600
6.373760
18.334300
25.385100
33.406400
25.864000
15.760900
24.425600
22.221900
22.583200
15.857300
9.710690
10.750700
13.862700
31.103000
28.959900
12.076400
12.754200
31.849400
41.900000
25.398900
25.940200
15.419200
6.330970
11.172200
22.053900
41.763300
25.007100
34.265600
13.377100
34.648100
16.728100
26.886800
42.324100
36.364200
33.262500
33.245600
32.629500
39.346600
40.833400
40.307600
37.786800
33.533300
42.995900
40.935800
43.266800
26.142900
34.849800
36.046300
38.277000
36.780300
39.446400
39.841900
21.553300
16.647000
23.101600
18.916800
17.859300
29.540100
27.352500
16.295700
13.922800
9.323610
8.882870
18.010500
9.928670
16.637200
10.907800
20.105400
21.855400
20.040000
12.393600
22.474400
8.933570
20.941000
9.118280
23.022700
39.855000
43.978700
36.748500
32.032700
16.872400
38.333000
42.594200
43.542400
23.842600
21.424800
19.207700
25.823300
23.036700
14.021000
6.859960
29.033100
25.328900
25.671000
35.291200
23.668200
28.566700
43.789000
14.542200
7.180450
13.561100
11.207500
8.754610
10.240300
26.888400
22.180200
38.688400
20.527600
43.151600
40.327900
40.501500
36.216300
26.788000
14.933800
11.119000
5.987810
20.218700
10.425000
12.184600
7.410600
7.223880
7.119730
20.372800
24.621700
17.315400
19.978200
9.872940
25.125500
42.980400
35.330400
20.668400
11.157800
21.609700
21.745400
28.582300
28.344200
7.784180
32.644800
22.623300
38.537600
36.372800
29.683000
17.681100
15.937700
40.733200
23.682200
6.213550
8.685390
17.845800
20.341300
12.394700
15.026600
19.647700
31.344200
39.215200
33.192800
28.039400
19.268200
20.419700
36.586000
38.908500
19.075200
13.101400
29.154900
30.670100
43.095500
32.128200
38.987300
43.183400
37.528700
23.057100
11.093900
14.318000
19.567200
28.894100
28.030700
16.121800
6.865490
20.371700
34.077100
26.743400
25.132800
22.880000
28.880800
28.851500
10.102700
10.171700
11.547600
16.359800
21.397800
40.198900
38.367100
37.793500
28.828900
8.248580
6.909150
43.462400
30.369400
33.476300
17.336000
19.126900
21.639300
8.593720
17.580400
25.019700
39.177900
40.132300
37.164500
21.977700
21.739100
20.571300
24.785800
27.497600
17.988200
16.506100
17.810800
17.766200
18.685100
37.270000
40.252700
43.194700
41.943400
39.079600
17.394000
19.329800
12.648800
39.436400
42.950100
43.032000
20.486400
16.688800
6.600640
7.266930
22.942800
7.562040
15.266300
10.857100
25.953600
27.941200
43.631700
27.677400
7.554600
23.033200
25.365100
11.482500
33.176300
43.765800
35.226600
16.699300
9.597820
6.396810
7.569290
10.886500
10.807900
14.762300
6.363870
35.248900
37.382300
23.925600
35.885400
38.480000
35.363000
27.240700
21.650200
12.353300
42.814700
30.671600
8.376720
18.578100
35.636800
36.424600
23.279600
37.089700
21.895900
23.709400
27.789500
36.390200
40.588800
25.346900
40.514600
27.887300
11.984500
20.869200
9.051580
21.168400
25.061700
16.828500
27.794000
32.019800
17.549700
17.566600
12.183100
16.235800
32.208500
40.607600
10.848400
28.850000
33.918100
44.146900
19.739600
18.931200
12.732500
20.694400
35.193100
26.113500
30.836500
13.925700
9.193170
24.211800
6.915090
17.683600
15.873700
10.820300
13.151900
26.969100
40.165900
31.289300
33.839900
36.632200
33.936900
28.236500
19.111500
18.471100
18.305300
8.867550
9.023580
9.152730
8.175500
14.458900
18.900100
20.442600
41.899600
30.203200
34.905600
18.348500
8.096630
22.260200
12.766600
14.436600
15.839200
36.616200
21.235900
15.164200
26.542100
31.145700
37.316700
28.975300
14.831900
15.605100
21.556500
19.976200
29.522800
16.790000
16.155500
40.033900
39.940500
38.369300
40.004700
35.367100
31.866800
41.922200
38.857400
18.074000
7.310530
42.132200
37.644000
35.403900
41.639500
41.685000
13.790500
31.059000
10.498500
7.367650
17.708800
12.258800
24.373900
25.827300
24.278900
23.777300
31.030800
31.574700
32.653600
42.052000
37.240500
12.798500
18.347000
24.475000
6.308070
11.324700
18.775500
17.469700
44.019600
39.027600
14.202000
28.595600
33.774000
12.629500
8.092290
24.370800
43.045700
6.382930
21.126000
10.816000
14.648900
22.384500
13.219100
21.171800
15.884700
29.269400
39.669000
25.645300
7.699900
17.832000
23.155800
39.861000
40.699100
41.706700
29.338900
37.629900
36.945700
30.475400
40.616200
41.233500
25.807100
22.227500
43.156800
10.743600
36.204900
43.903300
31.384200
35.864800
30.143900
39.516700
25.376900
25.450400
17.958600
30.200400
21.506600
25.822000
40.543000
17.015400
20.671600
28.176400
12.012200
12.341300
6.300990
23.774800
14.809700
12.414000
43.270700
32.110100
43.783600
36.723900
40.016900
41.724500
42.183600
31.665200
25.715000
20.618700
30.226300
35.150500
31.003400
33.340900
22.880800
16.227000
11.431200
10.875500
10.896700
24.008100
12.501500
32.655300
28.393400
42.959500
41.129700
17.787600
39.682300
30.272500
10.365800
15.171400
28.062000
36.006900
21.267100
18.494300
10.435900
18.052400
9.509140
16.885600
18.240200
6.094420
15.021000
12.278600
7.795270
6.720580
9.550190
14.977600
10.752300
17.831000
13.703900
9.923520
17.658800
22.587700
9.004340
7.738440
13.727500
31.286700
33.552700
43.089700
31.745600
31.709300
39.178900
37.364100
41.194400
34.610500
16.714800
8.285930
24.134100
31.587800
18.522400
27.250400
28.618600
27.156200
29.677400
44.180800
15.273500
11.265800
19.746500
7.834860
6.510040
18.646000
24.220900
10.932600
21.030400
25.235300
20.603000
20.472500
28.925500
24.754500
37.869200
43.359400
22.515000
17.811100
7.883250
15.158000
17.836000
30.464000
27.405000
29.872200
34.612800
8.190150
9.563310
30.625600
24.763900
30.828800
36.621400
43.278800
41.437300
30.839700
36.055000
17.120800
44.211100
20.542800
13.531200
12.361800
36.163400
11.586100
7.919700
21.530200
21.637600
39.398700
37.525900
38.449800
41.024900
33.092900
37.851100
42.253400
39.970300
41.728100
23.616400
17.369400
21.823400
11.434000
31.568900
31.282300
40.612200
31.031700
18.950400
16.090300
38.275300
32.114300
17.430200
8.956720
15.554300
23.459700
11.399400
9.022350
13.465600
41.234700
42.667700
32.519000
38.357200
41.046500
31.968800
10.862800
7.276000
20.198200
17.100600
22.136900
14.724200
10.244700
12.718700
9.330140
23.103600
26.472600
40.876600
39.246200
32.428500
15.065400
9.397780
10.376900
16.300700
6.343310
28.722800
32.711000
37.203400
42.404400
17.181100
34.070000
24.710100
32.600000
35.922500
38.779500
32.351200
40.617300
32.384700
39.144000
35.070900
8.945930
37.238300
37.062500
26.705400
5.969360
10.709200
7.698350
8.704250
6.801610
14.215800
8.401040
10.538000
10.874400
22.052300
23.032700
41.962600
24.953500
16.865600
15.290700
7.279490
24.516800
41.242700
37.454300
20.760000
15.362400
16.528200
19.339700
9.938320
26.774300
25.752500
34.259900
35.810100
27.790500
38.352600
29.457700
41.827600
44.061700
38.868800
44.253500
41.702500
37.009500
38.413900
41.269500
42.739100
31.636300
24.663300
39.698900
42.350000
41.164400
40.547100
23.638100
22.358900
9.671060
8.463610
18.117500
19.567200
6.769520
12.406000
16.392600
9.639670
13.538000
12.742300
20.394100
7.337950
24.669200
21.231000
6.341610
11.177600
10.269700
10.512500
8.333170
21.477900
13.758300
16.346900
8.079310
17.304200
11.693900
6.900540
15.781100
25.432700
20.874300
22.985400
7.770540
26.559000
40.829200
32.961100
37.981000
36.784700
29.468500
37.537800
31.277900
42.839800
34.594700
41.962500
37.149000
27.312200
31.329200
19.634200
8.917000
10.257900
29.691600
35.961800
33.102400
38.497100
33.335500
40.373800
36.908000
17.464200
18.783600
10.200400
14.307200
7.908700
5.809460
15.276900
7.442680
21.218600
26.600900
30.527600
30.860100
14.573000
21.145200
20.239400
11.359200
14.654400
7.026180
21.166100
40.973200
36.306400
27.828400
29.737700
29.344200
32.089700
34.786100
39.326800
36.532600
25.464700
20.141000
20.002400
12.547800
13.155800
11.752800
14.851000
32.102300
24.713800
16.079000
30.118700
34.905100
40.098600
16.661600
9.435570
29.031900
31.302400
44.318800
38.324800
21.642300
14.546600
34.787000
13.801400
8.770600
9.984050
12.110100
21.895500
12.764900
15.695200
12.768700
27.289100
38.023300
34.750200
24.558500
17.383300
25.025800
26.543800
17.461400
13.609000
14.422700
13.400700
29.781800
42.884300
33.657500
11.340800
15.514300
10.270100
15.561800
19.179600
8.025110
8.557620
40.771100
43.776700
27.861900
35.800300
35.120700
37.134000
31.844800
24.152500
34.019900
26.383400
28.331200
8.999320
22.985300
32.962300
12.526300
22.736700
18.770400
24.016700
17.519000
35.086000
41.150000
28.074400
7.052210
28.236200
32.387100
21.707200
8.952040
21.287800
14.257400
19.151200
7.992060
17.925000
21.649600
7.148830
6.206270
21.176400
33.423100
36.224700
40.744200
13.125400
11.594200
16.888600
9.658610
17.870200
7.066610
11.240900
10.880900
17.453500
29.992400
38.115600
21.535000
10.163900
23.010600
14.441700
31.150200
16.625800
13.974100
15.866100
8.694310
16.621600
12.683500
9.090570
22.980600
18.434600
16.590500
23.696300
32.730400
33.444100
38.904400
42.416400
31.724200
41.033100
37.427900
11.027200
17.802200
38.376900
38.093400
19.226200
15.730700
37.300900
11.992900
39.896700
36.901800
6.655060
10.690500
11.376200
6.494180
15.963800
7.141160
22.814300
31.157700
41.318900
40.208100
34.246000
24.505700
10.687500
26.248900
8.340740
21.401600
30.396600
43.659800
35.276700
33.765300
18.363100
14.619400
14.368400
8.557350
8.151100
7.444030
13.695700
13.031900
10.914000
11.625400
22.187500
16.145300
22.074800
21.093200
21.397000
24.345400
28.662900
32.864500
40.693700
42.544700
32.191500
16.836600
28.247900
34.261500
24.472900
32.328200
32.792600
41.446400
42.826400
23.532100
7.105180
18.642700
12.773800
16.966500
10.551000
15.416500
24.659600
28.714700
34.410500
29.129200
9.991110
23.279400
13.993200
24.888200
9.706550
8.850620
13.936400
13.866500
9.356540
15.355200
33.949300
37.746800
41.756400
41.595900
39.113400
21.116100
24.696500
26.667600
33.862900
29.798000
23.856400
37.952000
37.371800
29.115900
33.267100
32.136900
38.293300
37.126900
23.352400
36.219000
39.565800
22.101600
17.950200
14.300700
7.995190
12.139600
23.426500
23.319000
43.273800
35.474100
33.692400
7.266790
16.046000
43.571400
38.404600
19.534600
19.703900
8.277720
18.661200
7.804700
28.566000
19.592400
19.394200
13.070300
24.132700
40.956700
15.063200
39.758900
43.283300
33.904800
34.624900
37.979000
27.789700
39.897100
29.272200
25.342500
31.832200
30.544600
40.753100
30.832100
36.642400
26.254800
32.958500
27.405600
33.830400
29.134200
33.883100
31.716500
8.499210
8.679590
18.477700
15.916100
6.773550
14.722300
42.547900
23.941400
42.002300
41.329200
40.245300
16.036100
5.940650
19.640600
24.757300
30.698600
29.716800
44.337600
34.620600
32.411700
22.308200
32.287800
22.886300
30.419600
41.817500
28.587300
20.232300
35.124600
35.643200
34.177300
38.857500
30.125600
27.819300
38.706600
39.888700
41.649100
42.633300
30.468900
31.126900
27.598300
21.616100
16.666500
27.980900
40.022900
29.523200
38.683600
31.702000
13.723300
28.031400
32.415900
28.215300
32.843300
38.965300
7.688040
22.967300
31.672000
41.967500
23.884800
22.816600
13.261800
38.894600
32.420700
41.873200
38.202600
10.228700
12.811500
13.130800
7.523050
9.181390
24.078600
17.367500
20.115800
11.266300
21.991200
39.497300
27.494700
21.671400
42.295200
39.162000
22.610700
35.369300
13.933700
10.492600
25.886500
14.670400
18.352800
17.598900
19.954800
30.340800
41.095600
20.988600
10.973600
9.193630
7.963200
15.545500
42.609000
26.783400
41.034400
38.181500
37.268800
39.171100
38.188700
30.263100
39.475600
30.308200
25.046900
30.396400
39.349300
42.340500
25.863000
33.260000
30.945400
24.660100
26.799600
42.342700
27.132200
40.931800
36.204100
33.360700
18.092700
7.906180
21.024600
9.246540
12.342900
6.167300
10.005900
17.935300
29.283100
31.285200
36.015800
37.447500
31.080500
34.313800
13.222900
10.087400
15.252200
17.900900
24.948500
42.125000
39.993300
42.481400
18.170800
7.176210
11.155600
28.756800
16.180800
22.585000
31.731800
39.539100
38.051800
29.044100
38.321300
22.611800
33.042200
10.605800
24.493200
23.989500
29.693800
18.036300
26.415200
16.691700
26.554100
37.345100
34.597200
39.799100
30.933500
42.730800
41.271300
41.270600
37.188900
42.555300
43.267800
39.595200
35.013200
24.483900
11.070600
7.543440
30.632800
42.572200
24.365900
31.856700
14.000800
15.891800
14.091500
16.708300
7.590110
13.225400
22.233300
20.670600
17.272700
15.327900
6.073110
9.192660
10.419700
18.413000
18.724700
40.041500
32.212400
29.792100
43.954800
40.287100
30.758900
11.465500
13.542100
30.994700
29.789100
41.739800
27.474800
28.864900
16.661800
33.572400
29.410800
41.586400
30.538000
27.994900
27.031900
27.467300
33.893600
31.903900
31.803300
33.315800
40.414900
28.228100
38.969900
41.910800
38.154300
41.282400
41.773200
27.043200
11.319100
6.342320
31.960700
20.310200
14.208500
42.173300
27.006400
32.977600
40.004100
42.150700
36.921800
27.265900
30.028400
25.990300
18.975000
7.410390
7.713610
7.995220
8.363340
6.821310
24.813400
30.961700
28.021600
37.779200
24.473000
13.807300
25.722300
15.146400
21.852300
29.513300
40.625500
41.950800
26.044700
40.890300
8.744390
5.966000
22.226400
17.469800
37.827100
40.759200
32.682600
21.477100
9.810760
7.106350
6.036940
8.515480
12.390000
16.160800
13.979700
23.098700
18.677100
19.395900
27.384200
28.974300
22.406400
18.936800
19.307900
36.498900
34.225700
14.794300
12.171300
6.117030
8.833350
11.653000
6.148750
11.230300
7.040010
17.283300
16.831200
29.312400
43.363000
34.510400
24.339000
27.260700
26.022300
32.140900
42.619100
44.105600
36.878700
33.988600
18.627000
38.993400
33.570900
36.986600
32.053500
30.888700
26.227300
21.996100
26.654300
28.621400
10.020600
7.309270
14.980600
18.353400
31.311100
28.686700
30.081700
15.644600
18.949000
12.613600
33.805300
38.332600
37.234900
39.677500
40.128100
21.146700
7.371370
26.134900
7.601730
7.650440
14.066600
24.748200
41.476200
31.864300
24.124700
24.536100
29.863000
34.894100
32.704000
39.834000
36.890300
36.639500
37.344700
25.045100
20.254400
29.798000
22.255000
9.820160
16.680300
21.641700
43.021100
24.751700
29.057900
36.986100
38.836400
43.407000
43.383800
27.668100
17.431100
6.088850
30.068900
16.376000
37.148100
40.395600
38.360100
42.154500
42.654400
28.739200
30.245900
17.525900
32.021600
19.771400
33.808400
34.423200
15.825400
27.436400
16.444400
30.012100
38.195500
35.050700
34.694200
24.161200
32.591400
22.215900
15.311600
24.918800
34.175700
21.979200
6.492710
19.808100
14.935600
25.127700
30.737000
30.384400
22.800200
18.210200
21.364000
39.760300
38.088800
43.189000
36.571300
30.604100
10.810700
12.790900
14.014000
38.227000
22.535100
31.153200
25.146000
43.851100
32.971700
30.610800
8.840580
7.668290
10.581900
18.123900
19.162600
33.908500
28.884000
19.963500
14.679400
35.396100
36.388200
26.815700
30.347800
37.336400
33.579800
17.262200
5.852610
35.991700
43.573500
28.888300
18.210300
8.361860
8.505480
20.843800
17.676600
21.442800
34.839800
42.102000
33.973200
38.314700
40.445100
27.883100
32.244500
41.090300
29.891300
37.919400
23.705000
15.820100
17.892700
27.448400
41.636300
37.728100
44.243600
23.423000
31.028000
40.762700
11.204400
15.746800
7.762070
36.700100
28.631300
10.786800
24.780500
21.326800
20.924900
42.031400
13.506400
14.784200
15.238600
19.067600
13.119600
21.982700
39.375800
25.047300
35.734900
18.603400
30.635000
8.952270
28.147300
22.383900
23.478800
30.800900
16.294000
12.830600
16.442000
29.945700
17.166800
23.757400
40.742500
19.222800
40.458400
27.108100
28.843100
17.644600
43.520500
21.939600
13.648900
14.744900
6.787140
6.386750
7.809360
21.599300
14.065700
24.751200
19.381300
16.642700
14.397900
18.750000
12.608500
15.186900
13.070900
7.713020
13.928600
9.569890
25.172600
42.541000
40.995300
10.894900
10.881300
8.758530
10.459700
18.812800
15.685600
26.929200
43.175900
26.289500
30.430300
17.179100
34.214000
44.267800
43.483400
32.926600
29.989100
41.294700
8.419950
29.376600
32.163900
19.943300
39.582900
43.869800
37.670600
43.495600
34.204500
24.947600
23.389500
42.721000
26.485700
20.998100
27.258500
36.996700
37.458000
29.406100
42.773000
25.184500
28.400200
26.866900
40.602200
36.046800
36.081000
40.561100
27.710400
29.379900
36.148800
24.794000
24.645300
7.419230
10.077900
12.816500
12.513900
26.763800
10.858000
14.261500
8.845730
42.330500
37.983900
37.911300
35.464300
31.120400
42.268400
21.964300
15.291000
8.665940
24.745200
7.403750
22.303300
23.483000
12.930000
11.585100
40.301800
42.906100
16.508000
25.254900
14.452600
8.892450
17.747200
18.663600
37.231200
32.647400
33.817500
41.103200
38.121000
43.351300
16.199700
6.889140
22.985500
14.738600
16.621800
8.907210
17.295300
27.653300
12.069200
9.716190
10.598900
23.130300
12.891800
12.537700
19.407700
17.147700
12.589500
12.746700
6.287120
15.152900
20.038900
22.454900
27.044800
42.528300
40.853800
36.669400
29.709900
23.748200
19.243900
17.944400
8.818070
8.803700
14.827700
14.897300
41.885900
34.412800
38.600100
28.692200
37.465300
39.321000
30.805700
13.687500
9.336020
6.241640
9.780240
10.756400
23.987800
17.163400
15.793700
27.947900
43.026200
43.025900
43.396100
23.814300
34.620300
38.027200
13.248800
24.131700
31.720300
35.708800
31.044500
12.515700
12.434100
22.745400
17.635600
27.898300
12.248000
17.145100
19.342800
20.367800
31.880700
31.794800
6.132390
21.408500
34.587000
27.069700
30.692200
27.386300
42.668300
38.017800
22.149300
21.254800
20.351100
10.661100
11.161400
5.963940
11.657300
34.117700
35.385200
33.597700
29.075200
12.526700
14.161400
16.186600
13.143500
10.835100
12.948000
9.868350
11.664500
15.645800
18.344300
38.606800
22.678100
21.959200
31.971400
6.705190
27.803700
35.064600
38.794200
34.076500
37.828500
34.467600
9.129360
14.123400
38.470100
33.356500
43.879800
32.231900
43.566900
19.457600
12.263200
39.067900
5.894850
8.754290
17.359200
34.529200
29.877400
21.420600
40.887600
26.605400
40.769000
31.832000
35.706900
35.364300
39.427400
32.057400
29.903700
17.939300
25.773200
38.955100
14.990400
10.690400
21.523800
17.120300
13.152400
29.942500
27.736500
38.768900
15.470400
17.377900
28.751000
31.074400
30.029300
37.086500
38.051900
32.599100
43.463300
23.856300
41.602300
40.420400
36.681200
31.155100
34.837700
26.472100
43.716000
32.051100
37.940100
13.975400
19.698000
30.109700
22.894300
16.921600
29.870900
32.749400
40.213300
36.752100
38.862400
26.651400
38.454100
35.635200
40.545400
15.931700
18.208600
12.203800
44.102200
38.607600
34.410600
32.305000
34.295300
43.196300
22.209400
11.754800
20.513700
11.750800
12.703300
18.418000
10.022500
9.494460
14.489700
12.132100
27.401800
30.369000
38.023400
9.639270
17.968900
30.684900
28.302300
32.558300
34.008100
38.415400
43.226300
31.354000
44.202100
28.331700
40.086100
32.033200
37.208000
29.058500
27.287900
43.035200
16.137400
7.918470
20.516700
33.876500
23.972100
10.834600
36.552200
36.108700
44.108100
42.293100
35.702200
38.794000
42.813000
23.286500
28.665300
39.800400
34.852400
44.278200
40.358400
32.830100
35.437100
10.840800
24.694300
19.276300
41.512500
15.551700
21.431200
11.303700
9.134170
9.982730
27.275300
41.196500
27.099900
31.446500
37.432400
25.374400
14.201900
32.786600
41.622100
35.772500
13.702100
40.968400
41.042100
41.310600
22.800700
43.660800
23.780400
19.966300
14.938400
8.923450
11.591500
37.328900
43.322800
33.675700
36.235400
41.017800
40.553900
28.856400
33.993200
37.538600
42.800300
40.953600
43.017600
40.071700
23.429500
31.002500
21.904000
32.938700
21.588500
16.120300
10.237500
11.669500
31.322000
23.468400
8.164790
10.350600
18.080400
7.253430
15.412200
26.532700
30.735900
42.172000
38.718200
37.963500
22.938600
15.362000
16.647500
40.135000
40.218600
36.742400
41.133900
26.826900
35.962900
20.945600
24.558400
7.295310
26.490300
36.801700
35.684300
31.822600
13.333000
25.278700
26.302100
23.516700
25.564500
27.296900
36.827200
40.015100
39.494400
27.503800
20.220900
21.622700
21.622700
