22.446800
22.124500
17.977100
13.637700
22.650300
11.639000
13.399000
24.983300
7.147810
6.105540
32.269000
42.130800
31.425800
8.046230
12.608300
20.972600
7.633420
22.747800
9.089130
38.075500
43.541600
42.091300
40.274400
25.735500
13.722100
22.442100
35.225500
25.835400
38.364400
16.226500
18.836200
6.590540
24.155700
8.192110
12.942700
15.897900
14.264900
17.486700
16.688700
20.436700
15.217200
6.661210
38.453300
37.729400
37.143600
20.299000
28.473700
27.245500
13.806300
43.720000
33.121300
44.033200
39.417100
34.165300
32.746900
24.988900
21.756300
15.273300
23.795100
15.548700
26.851500
32.158400
40.478600
43.698200
38.887100
42.078400
35.995000
35.261100
29.574300
30.365200
38.438600
40.403100
28.804700
14.635300
10.252400
23.333900
18.830200
31.276700
32.535200
11.029100
42.996700
36.932100
14.552300
11.978900
11.253100
28.810600
12.513600
10.963600
10.392700
12.496500
8.702420
9.745230
21.492500
20.547000
14.001800
6.863660
24.951400
22.752100
14.686600
28.760300
31.763400
19.055600
7.103760
36.024500
29.196000
29.889900
13.025200
17.711800
28.215500
34.270200
31.282000
35.422000
34.180600
38.925100
17.922800
20.574300
35.351900
38.484600
23.880500
10.056800
18.031600
8.614740
20.983300
15.293400
25.460800
23.641200
8.206080
28.098200
19.930200
10.887400
24.993100
24.177900
18.519600
10.297300
35.574900
36.846700
39.867500
36.706200
24.138100
31.877300
33.912000
25.016300
38.027000
35.680500
42.828500
26.279100
12.509500
28.648400
21.901700
13.710000
6.035080
15.932600
16.199800
15.030900
11.468000
27.658700
30.028100
6.784210
19.211700
8.763690
10.691300
39.627300
38.855900
39.133100
29.226800
17.606200
32.100400
19.070100
11.098100
25.149500
42.305100
37.291000
29.136500
34.203500
29.252000
32.783600
42.970500
33.273200
8.282520
7.739730
33.253000
16.291300
20.348000
30.056400
14.691400
30.948900
40.070500
18.070100
12.632100
16.509500
39.791500
42.725000
37.506800
25.534600
16.973000
18.717800
32.347700
22.718900
15.500700
41.278000
37.486500
33.629300
41.378200
37.572900
43.942200
41.948400
25.868400
23.148500
32.035400
42.281500
32.285100
33.650600
31.799000
43.450000
39.905800
26.606900
33.074500
38.781500
18.989900
18.136600
10.815900
15.280300
19.764000
36.764900
32.029200
12.841700
16.808700
21.219100
8.901900
26.168100
28.909000
32.733000
6.595500
10.273300
7.094440
24.756400
41.438200
42.845100
36.380400
24.311200
15.830000
25.599700
9.221540
5.742480
21.209400
27.280800
36.860000
8.628660
8.283520
12.499400
9.209770
9.940280
11.273500
19.207800
32.525300
9.902280
37.021100
26.557500
10.381700
8.798130
11.546300
11.448000
13.583400
14.180700
29.594000
38.436100
43.302000
44.166100
22.561800
10.609500
32.662200
31.391800
36.585800
30.692300
39.173300
16.289800
18.678400
14.822000
12.436900
19.903700
11.182100
9.858300
14.753000
23.035300
27.961900
42.070500
44.150700
36.402800
40.157900
33.811100
17.348100
30.667500
40.988200
40.105300
12.715400
6.462080
24.894000
20.574800
21.891000
22.222600
17.746100
23.837300
23.717600
11.985400
21.870500
31.344600
36.943400
32.095200
35.520700
30.252600
41.927300
36.436600
28.536300
34.914800
22.332800
25.744700
27.921100
26.266000
22.204000
33.405200
33.429500
37.415100
29.717600
37.484900
42.653100
33.789700
37.165500
37.290400
41.633400
32.992200
28.322600
18.191600
13.827200
29.950000
22.888300
28.335300
34.010600
37.926200
43.039000
28.950400
42.906900
36.123100
41.765800
35.119800
39.927500
18.330500
9.613680
38.319800
29.133500
9.777940
11.654000
9.797420
6.285890
30.431500
28.043700
26.766900
30.514000
28.416400
36.014600
39.080400
26.642600
44.198100
39.614300
44.330100
34.732300
35.725300
32.242900
41.179900
35.223400
37.668300
40.505100
26.107400
15.313800
9.674720
21.234600
36.456700
32.604000
26.798700
12.807400
27.597700
36.125300
26.887000
43.071500
38.548800
19.084800
31.714600
26.164700
8.243100
18.666600
13.733000
25.988000
18.560200
30.921100
6.246750
15.793500
23.126400
35.138800
34.684000
22.961600
30.551400
14.986800
22.974600
8.995100
16.492400
20.965000
11.880300
10.755600
14.955100
30.247900
17.087100
19.369400
16.727500
40.972000
25.202000
26.268800
38.722100
38.462900
31.217400
17.281600
26.286800
41.285500
31.538600
34.404600
12.084800
35.491500
37.095500
39.433300
22.555000
11.200800
23.516700
28.810300
42.985000
42.952400
17.750600
21.435900
36.104400
31.044500
27.417300
28.250100
33.672900
26.884200
8.633460
14.448900
5.871830
18.389200
22.599600
32.737600
21.297300
16.007600
23.325100
15.765300
7.183200
23.428800
42.992900
29.732700
35.721500
24.540100
23.421900
15.921700
15.084000
7.302260
23.629500
13.393700
17.040000
33.520400
35.432700
34.916900
11.673700
6.651380
26.827400
22.796200
8.233270
18.647000
12.800900
22.215600
24.005400
41.179300
39.837800
32.194500
23.986500
38.157100
36.042600
36.309500
33.607400
20.336800
28.489700
32.985900
20.361300
15.698500
24.005900
22.619100
24.817100
42.408500
32.817200
36.741300
32.891800
32.486700
38.771900
21.996600
16.364600
13.097600
11.366800
15.998300
31.511100
22.139900
15.339700
12.196400
20.486200
33.765100
43.953400
38.277200
21.062300
20.103900
33.181200
35.414000
26.729400
12.738900
31.315300
37.804600
35.145500
27.243900
32.610000
31.977300
35.270800
33.662700
39.044500
10.191000
19.284000
9.772620
14.530200
8.688950
28.674800
27.022400
38.808600
25.575800
22.315600
14.850900
9.953670
34.302000
25.833500
38.577400
10.881600
14.447000
22.222300
21.049500
29.824000
22.669600
10.588100
6.625980
30.870500
28.599000
22.336400
30.645600
23.380700
34.266900
32.692800
38.963500
29.807800
28.390000
40.599300
35.029400
37.563500
31.645800
29.363700
26.975800
30.841500
11.969800
29.697500
21.148700
42.285900
40.683400
31.381000
23.316000
28.421000
7.929880
13.401200
15.111700
10.702000
16.522700
12.859100
19.251200
14.680800
6.476740
31.174500
35.334800
12.257500
31.490100
42.516700
34.061100
38.792400
23.392000
34.635300
43.704800
16.346300
5.953880
22.358400
29.732600
14.980600
13.825000
12.432100
27.368400
39.070700
43.786800
35.738000
22.016600
24.763900
20.224500
16.580300
15.795100
25.988000
24.083300
11.832900
8.221300
15.598300
11.903500
31.248700
26.744900
6.526090
13.212100
16.664100
23.736100
18.819100
29.214900
20.579900
12.583800
15.450300
36.844500
39.353400
33.605500
42.049700
29.573000
12.725100
19.048900
16.310500
44.268500
24.290800
29.557300
38.196300
14.596400
11.294300
10.356400
11.198400
7.039500
17.392800
18.589600
18.191400
16.242700
9.884770
10.667000
26.079400
28.380800
41.758000
28.293400
10.597500
8.691790
10.360000
7.708260
12.918300
7.681210
16.742200
19.330500
11.843600
9.708060
8.166540
11.314900
44.288000
43.937300
21.903200
27.626400
12.099000
24.783800
9.969650
11.909300
15.361900
17.135600
28.036400
40.822800
42.320100
40.692600
39.304700
32.655800
41.938400
39.058300
14.482000
22.098700
15.999200
25.092500
31.791300
27.118000
30.441100
26.207600
13.814400
29.190300
31.591800
7.121310
25.753300
34.302000
36.327900
41.320700
31.358900
30.839400
15.190100
34.317700
37.702800
19.051300
11.120500
28.199000
7.187080
24.495400
30.076000
34.023500
25.950000
29.711000
30.850000
20.281200
32.365500
42.366900
40.907800
36.093700
32.890900
40.688000
40.491800
39.140800
28.980700
30.292100
37.533400
33.989000
35.819900
43.235000
36.400300
41.611600
20.411600
11.577900
9.491840
17.693700
19.988000
23.160100
13.817600
11.345600
16.528400
28.809600
41.620700
36.092100
40.863900
38.494200
22.795400
18.486600
8.428580
31.602500
21.886100
12.885400
34.968300
35.541800
24.601200
22.596400
18.041300
17.348100
7.828140
13.534400
15.169800
12.242000
8.732400
24.529600
43.124200
42.784800
34.605100
35.776600
36.999000
37.447400
22.576800
42.702800
27.430200
12.712300
35.805300
26.386400
15.528100
7.173670
9.513220
32.842000
20.247400
31.752000
41.791800
44.112300
41.155500
33.223600
8.945430
8.800000
32.156500
39.910200
30.967100
11.657600
25.421800
14.911600
9.072130
6.554440
16.614400
36.205800
43.897400
41.971600
40.391200
29.059200
15.248400
14.130700
13.527600
24.900500
7.349740
15.637900
18.524200
7.021690
15.228600
13.114500
12.581500
25.692700
22.125700
11.017400
13.376300
30.886600
17.678900
20.353500
42.204600
39.881000
39.898100
30.197500
39.553400
30.600200
44.086200
35.879500
26.019300
31.896000
39.113800
37.996000
28.600700
13.078400
7.965150
26.148900
8.656260
20.967200
39.502200
22.289000
21.729500
28.812200
12.672300
28.135700
41.707400
30.231000
23.527900
7.525430
20.114500
18.709900
13.143300
22.293000
15.281600
28.639200
31.850000
30.791900
13.753100
13.104400
29.638500
31.121800
9.479360
10.491900
15.689600
11.152400
9.784330
6.757880
13.084100
19.163300
19.215500
7.129970
14.748000
22.357000
11.802400
16.370100
9.765410
38.543100
42.705900
31.330000
38.699500
33.999100
31.739900
20.561400
34.927600
34.218500
33.189100
21.228500
20.576500
22.581900
17.199100
7.181820
32.962200
7.225560
17.034100
22.258500
34.097300
30.274000
26.403000
23.427300
32.213800
39.313700
24.035000
9.927690
24.384700
21.472700
21.171800
9.882580
19.208900
32.282500
40.231300
29.780100
22.830900
25.225500
32.076000
39.711200
16.014700
20.955500
21.701300
22.589800
24.317100
43.188600
21.811500
18.257400
22.234800
19.445200
30.006700
30.763100
36.314000
42.028400
34.609500
31.970700
44.404300
31.604100
15.600100
38.873500
18.552000
39.937600
38.205800
40.736400
32.099500
26.713400
26.859600
37.373800
26.051500
40.399200
29.931800
22.696700
31.166100
19.834900
6.540020
25.685800
14.873400
18.912000
10.727800
22.876900
37.946900
41.861300
13.002700
16.003000
9.360340
18.910000
12.888200
21.580000
26.779300
24.990700
17.977100
17.853400
16.673900
6.482010
7.435660
31.514000
16.690000
15.163600
23.026900
41.269400
43.180600
34.092500
41.373900
33.310100
16.002000
12.063000
17.550600
23.637000
27.041900
37.377000
39.304700
43.162800
30.944700
36.423600
42.763700
35.537800
28.020000
26.162800
36.339900
40.150500
28.703900
23.969700
20.075500
26.887300
19.040000
13.639700
15.018100
22.214700
31.475200
19.079100
7.056210
12.452100
19.774300
11.160100
8.359560
38.192800
37.233400
42.436400
32.313500
33.705500
33.780000
39.264900
38.123600
39.143600
22.628900
38.628000
36.062400
44.095900
41.292300
36.974900
27.670400
36.449600
38.328200
40.323900
34.626900
17.708800
17.589500
15.177300
10.765100
10.023300
19.158700
35.859900
11.431000
19.069200
21.028500
13.631900
7.987180
26.976800
29.112300
27.873200
41.734100
41.573200
35.170900
37.919500
43.111200
42.954100
36.996200
17.090600
33.867900
40.075800
31.102800
21.633800
19.097000
33.949200
42.711800
25.087500
11.583400
6.917260
6.831040
13.700500
26.419300
24.013500
26.827800
43.087400
41.910700
35.511400
18.169300
10.293100
31.615500
39.137900
30.921600
26.474100
14.036200
7.052520
8.945340
10.810200
16.531400
19.486400
17.555000
29.122600
26.430300
28.284200
24.483000
6.355650
15.508900
12.321000
34.153500
30.800900
32.366000
31.967300
26.475400
37.222700
42.470800
43.166800
23.796300
43.527400
38.706700
41.035300
17.637900
21.181300
14.447400
16.493900
30.320000
38.495300
35.508800
31.122700
28.770300
41.154500
39.366200
32.971900
32.402000
16.005700
23.993300
9.340890
40.471000
40.526600
39.736800
21.231700
11.602000
12.519800
18.588800
13.015200
15.406500
12.986400
10.486400
11.286900
10.089400
8.683130
37.826300
34.750400
39.194400
38.170100
35.638900
21.020900
13.198500
24.124600
6.664270
9.365920
10.896900
26.990300
30.172100
20.574700
34.702300
37.549900
40.020800
21.243400
28.384900
42.781600
18.409400
25.124600
21.413900
23.827200
38.227700
32.477100
27.535900
36.707700
18.960600
36.344400
43.726200
27.309900
30.723200
43.894700
39.329400
43.210800
36.572300
38.596100
14.836700
15.860500
40.013100
42.171500
25.735100
32.795500
28.996700
29.784000
13.820100
21.633400
26.945800
27.699700
7.427080
14.175800
28.239800
28.721600
19.014800
24.501900
29.449700
31.870500
20.397400
31.601700
40.246600
24.822300
9.351590
13.279000
12.884000
29.777000
26.348600
15.717600
11.012400
8.507580
31.878800
30.308600
36.943300
32.628200
30.639900
39.652000
37.925500
30.607200
23.181400
12.700800
9.685570
21.125500
11.831600
25.744700
13.502500
11.543900
31.312400
22.490600
17.658700
39.459400
43.964500
41.527600
43.343900
41.092100
37.052200
20.711000
24.569000
17.406800
11.214100
17.536800
34.514600
6.568400
21.827200
19.357200
19.657000
19.295900
24.742000
15.668200
19.852100
37.743700
37.014600
26.478700
20.404100
15.749900
10.983400
17.958900
7.380740
22.685600
25.943400
14.835700
21.641100
12.626600
35.738600
18.041200
14.730000
21.932100
22.719800
31.916000
6.372850
10.327500
20.066800
10.407900
28.684700
12.000700
12.162100
8.507250
10.533100
14.676800
31.079900
35.327300
23.464000
12.278300
11.901100
32.144500
40.248600
29.142300
24.759100
35.318800
40.620600
30.407000
41.700600
31.407600
8.992230
23.564200
16.597200
17.856900
30.377600
14.431000
31.760200
25.800700
24.235000
25.556600
36.864500
41.592900
37.690400
38.418500
38.645200
31.877300
30.246100
17.569100
19.137900
15.655500
23.409600
29.554300
34.667300
43.984100
21.236700
27.731500
24.802500
27.708300
23.637900
20.333800
34.290500
21.538500
6.064830
36.589900
34.757000
13.367600
13.454700
27.613900
6.500740
43.487100
8.469900
10.517300
19.475700
22.359800
38.609300
31.097200
37.086600
28.314000
22.330300
34.766700
33.858500
7.388980
6.370400
13.128600
23.142500
26.582300
15.840200
20.597400
39.801000
43.344800
42.001100
37.697700
23.950800
15.924000
24.515400
10.384800
25.295800
36.530100
27.058700
16.715300
14.463900
6.533030
26.512100
22.151600
40.487600
30.049500
22.378900
21.094400
36.455600
8.483150
12.555400
13.990000
25.859900
29.778900
41.624600
39.543200
29.545700
20.936800
24.234800
6.595380
17.593400
6.442740
21.199700
37.165100
35.782700
14.477500
37.921200
35.262700
20.935200
36.394800
43.869200
29.164900
19.673900
13.455800
10.115400
21.439300
7.102870
11.878100
17.759300
16.429200
18.263400
9.969360
15.811000
37.664200
43.684400
39.601600
35.952600
35.729100
33.190100
22.166900
44.154900
34.852500
25.816900
22.512700
25.344500
9.228840
11.081900
25.996500
31.989700
22.206700
7.199730
8.558810
16.208400
37.496500
16.182600
34.806100
43.677800
23.921100
32.644700
29.711200
25.850200
9.558810
24.480400
22.702700
36.013900
41.700600
43.679500
35.904900
29.236300
35.390200
23.818700
21.313000
5.996330
14.426700
26.446300
23.847400
21.769900
25.135400
39.579800
36.704500
43.793200
33.747500
40.140000
35.185500
41.981000
42.717900
30.247400
35.561400
15.045000
21.532000
6.292820
16.988300
22.267500
31.016400
23.724800
19.731000
21.969700
20.932400
9.860170
36.422600
34.556600
36.402300
20.083500
33.925500
20.852700
16.275400
13.672800
27.528900
10.316200
33.609900
40.198300
43.184000
42.288100
37.795800
42.992000
24.761000
7.887100
19.512100
32.839500
23.678000
41.982900
22.573700
29.882500
28.112100
20.926200
15.010600
8.354380
7.650660
15.477200
24.122000
32.629900
28.051700
35.685600
42.036300
43.707400
36.277500
40.050700
41.004800
35.951200
35.611500
19.441700
15.321800
8.871480
14.097500
9.807960
7.372010
19.884300
19.348600
16.726700
6.426190
20.246800
7.101470
6.770170
7.712980
20.138100
31.927300
27.419900
8.913660
29.000700
28.097600
39.316400
23.298200
15.860900
33.397800
21.951100
19.527400
10.298400
7.112480
9.890080
29.678900
39.417300
26.783600
24.703600
33.953900
31.077300
34.583200
27.501300
30.890000
31.975400
41.311900
41.948000
40.467900
31.538000
28.165500
20.039800
12.281100
39.351900
28.043800
19.258800
25.912100
14.917500
34.232300
25.556600
23.409100
24.248000
20.828400
5.947010
31.000000
42.655300
29.461000
41.395300
40.773300
35.717600
32.523100
24.998900
12.833800
6.767850
34.626300
40.932500
20.101500
15.516900
8.001920
30.093100
32.792000
27.345000
25.711900
26.671200
16.548800
18.359900
11.440900
26.550700
27.632400
35.569600
37.996200
36.128000
36.028900
40.223100
28.111100
41.414400
36.089500
35.906800
39.798000
30.141400
15.158800
11.832000
13.302700
42.414200
28.589400
40.980400
32.497600
26.057500
38.945300
34.266700
33.668800
27.130100
24.810100
22.420900
10.019900
7.563850
11.942000
7.422240
35.516600
26.721000
38.295800
42.856600
43.296400
32.640800
31.968900
10.267100
11.412500
10.800600
11.827600
8.037170
9.090490
15.936000
21.047800
39.965600
32.361100
37.119400
23.328800
17.098100
24.782100
8.774610
21.133900
8.000130
14.093400
11.514000
5.948620
13.831600
10.889500
9.348800
36.513800
36.814500
29.792100
36.426900
26.579200
6.866020
15.356000
20.163500
14.221400
13.146300
21.788000
16.521400
7.855300
6.973600
7.785460
16.195800
39.834500
29.042300
18.708300
24.305300
13.389700
26.721100
22.875200
28.091000
28.815300
25.676100
30.671900
23.743800
8.532080
11.592100
14.016400
21.310000
17.169300
21.947500
30.643400
30.953300
16.126500
16.467600
30.231700
8.052420
19.037200
26.211400
41.882300
33.267700
36.686500
33.539700
37.665100
25.166900
20.651300
10.573100
8.309310
8.270220
19.458000
26.613900
12.718600
26.957900
27.096000
25.306400
33.031300
29.923800
16.760800
38.049500
16.595900
37.541700
11.580700
31.588200
43.418400
39.542700
38.025100
32.926000
38.694700
16.547200
31.195200
26.578000
32.824200
22.308600
7.840160
18.087400
41.101600
17.144200
10.990700
34.289300
37.486700
38.648300
27.348600
19.460800
38.448600
38.274600
25.376100
9.534270
11.073800
10.002200
7.944150
26.817300
26.736000
32.939300
41.864300
31.705000
24.328900
16.320800
6.996650
42.191600
8.429070
21.587000
18.783100
6.343550
13.392900
7.458260
20.101900
28.271800
41.245500
30.734100
22.967400
16.851200
11.552100
20.241500
14.149200
6.818680
16.516200
8.047290
17.396100
32.909600
27.625300
8.919060
35.242100
33.020400
32.084400
37.517500
42.300200
23.646500
15.987200
13.671200
12.109600
20.359100
21.806300
18.458000
14.433500
25.212700
35.861700
22.586900
24.402700
33.307100
29.837900
30.649700
19.120300
18.945600
27.143700
39.502000
42.824600
31.402300
43.844000
25.679800
28.020900
40.227500
41.464100
33.998700
32.520300
38.255900
38.941900
17.076100
28.701200
11.737500
20.763000
17.360600
33.611100
15.089800
16.567300
19.921300
18.895100
12.664600
20.101100
18.511100
21.711300
14.243200
27.184500
37.193400
24.905300
42.047000
29.472800
33.389300
42.893200
40.398700
24.679800
35.110800
43.644300
20.764700
22.413000
24.621500
15.473500
14.392700
8.521200
15.509600
15.817000
12.303300
12.798200
24.207600
25.524200
31.812100
32.855400
19.566200
22.737200
26.304100
14.567400
31.163300
31.887900
31.565100
15.576000
9.584780
17.258800
21.333600
33.525800
30.450700
32.000500
5.935860
31.085100
27.629300
18.138900
29.547000
32.883400
36.857700
35.144000
26.610600
22.024700
31.029000
43.518400
16.481800
29.856900
28.389700
22.677900
25.623200
21.996000
18.070600
28.316400
16.692200
16.208300
26.516000
10.999900
26.251000
27.857900
10.275600
16.063500
26.334600
37.850500
32.194700
34.992800
15.388000
21.095800
26.729700
16.484400
19.804400
8.049650
9.195710
13.850000
15.869000
10.576600
15.217800
16.247400
26.486900
24.137200
34.683400
40.546500
33.348200
39.069100
38.046800
43.480900
38.488100
43.927900
30.512200
25.135600
33.194600
22.558600
15.940100
6.249040
28.420400
33.148200
36.735400
42.905300
43.402400
24.862600
29.964400
19.449900
38.450200
34.879500
38.494000
39.128600
43.365400
26.817800
13.741900
8.356260
31.353400
19.196400
29.945200
30.761000
5.813300
8.430790
25.924500
24.352400
36.587000
35.376300
41.984600
27.015600
13.419500
8.552620
39.703900
34.936900
24.602100
6.972660
21.097800
33.358100
30.581000
41.269300
40.236100
33.415800
31.796100
37.104700
24.726600
39.941200
24.466800
24.768300
21.122200
37.077100
40.650100
30.448000
21.674700
19.178700
35.793700
18.570500
7.789930
17.540100
6.464610
15.339400
6.652000
14.239800
27.208900
12.893700
24.656800
42.755400
25.205500
43.570800
41.288200
36.732000
24.638700
24.464200
15.709900
37.469500
32.763400
38.228700
37.594200
7.958450
17.110000
28.004800
30.074200
27.034000
35.392500
23.629600
23.087900
31.763900
38.968600
35.061000
41.637700
36.762300
41.246400
22.685100
21.055900
30.578300
29.716600
14.738900
16.472200
29.871400
42.424100
24.582600
21.687300
16.668000
22.855300
24.364400
21.805900
8.355890
20.741400
28.663500
17.614800
23.108600
10.863900
15.600700
7.651630
23.668800
11.848900
10.546900
12.505300
38.684100
12.116700
14.029000
35.285300
29.088900
14.205800
37.433200
43.651200
20.319000
20.005500
27.973900
15.244600
32.498200
20.116800
28.077100
12.956500
20.413000
30.871000
25.910800
20.115100
23.013100
16.795000
22.639700
9.367320
7.155570
17.014600
23.584800
10.930900
7.347670
8.550980
17.769300
31.348900
10.913000
19.079200
18.097500
6.465710
13.189800
7.940000
15.373300
12.494100
9.477900
19.166200
41.483800
44.094000
23.887400
22.714200
35.180100
44.053600
18.102700
37.199900
28.943300
32.587200
24.490600
34.994500
37.952300
41.263100
42.510300
7.492310
38.512600
35.365000
24.808700
13.862000
16.909000
41.943500
43.101100
40.449700
30.662700
7.872370
15.728700
22.319000
6.558930
9.983850
19.044900
7.545900
10.368000
22.088900
34.858900
38.048800
32.829200
41.309700
36.835300
33.988500
31.632300
33.852300
30.205800
38.615800
23.097700
26.096500
25.202000
21.382500
43.332200
36.205500
23.261700
37.670900
18.844000
6.002820
6.015440
10.455500
16.199100
36.301800
32.258700
32.499000
41.863100
33.982400
17.291700
19.278600
24.384900
35.909600
35.270700
33.086300
40.312700
42.815400
30.146600
12.458400
14.844800
24.416300
42.972900
28.319100
34.965700
43.194400
36.324600
38.249200
43.739300
21.335000
37.550200
40.521200
35.321500
30.559700
29.993300
20.213000
29.330600
33.819200
22.448000
33.660600
7.669710
29.316300
19.045400
31.193100
30.697200
16.418400
10.566000
40.885100
39.877400
23.882300
10.400200
18.705400
19.469500
22.225700
40.509600
12.163000
13.227000
19.696800
12.359600
20.269500
35.557800
29.723400
26.694200
25.132200
35.770600
28.956200
24.572100
32.241400
25.585600
39.764900
36.355200
24.842500
28.384300
14.354100
9.136950
36.705700
39.891700
41.911200
37.467000
38.163300
30.779500
22.978100
22.233300
14.375500
32.815700
35.571900
19.525500
26.591600
43.158800
27.751800
7.653330
14.234000
6.544320
14.606100
13.087600
16.891200
33.213800
23.123300
39.538200
22.078200
29.845100
43.256900
31.861400
12.433900
10.287100
38.253400
22.382000
28.523800
40.299000
36.086700
27.702000
40.552100
30.706000
40.895200
30.448700
39.374400
18.632100
10.661600
26.449800
33.194700
9.179660
28.001600
8.359140
24.251300
20.015000
11.083400
7.034380
17.015600
16.221100
29.121500
30.211300
26.676400
18.479700
19.024600
9.774910
17.038700
9.791370
29.350400
37.971300
34.161900
42.612600
12.451700
7.653570
9.831730
9.618160
10.348200
8.296430
20.649400
29.065100
40.630600
43.520700
33.328900
24.802000
13.334500
9.458290
13.694000
44.231500
18.998600
13.621500
15.816500
12.645000
9.508170
23.479200
28.612600
37.284600
40.719400
39.230000
28.485100
36.347900
26.722000
33.671000
35.196700
37.772200
33.999100
19.063100
10.646200
22.576900
12.063200
19.895800
18.252400
28.235300
15.278800
25.320600
39.825900
38.871700
17.405200
18.627100
13.288500
24.093700
9.772320
29.641400
37.930100
25.882800
36.370200
17.401800
13.254900
26.741900
22.832000
22.801700
27.884300
33.365700
30.790200
16.017200
7.800470
5.962360
22.639100
32.228100
37.214400
29.247900
16.382300
28.845500
40.877400
42.530100
35.699900
42.840200
41.576800
35.800300
23.576200
13.782600
11.235700
13.570100
22.123300
15.605900
25.362100
38.038600
33.159900
34.905800
21.591300
10.607000
10.652200
27.754000
26.674300
33.961500
42.002600
14.069200
12.939200
19.403700
6.567950
14.145800
30.026000
41.805300
31.630100
19.096100
24.261300
22.027100
17.509100
20.994100
14.544900
12.244000
32.698000
34.717200
27.351200
23.931600
38.813300
40.562300
37.337700
9.123550
27.703800
16.859600
18.938900
17.270100
7.387690
11.976800
9.800220
14.805100
38.771000
39.855200
32.011300
34.602200
33.204900
27.497600
27.829800
11.117100
31.505600
43.032500
37.058900
22.304000
18.522300
6.692450
19.348700
27.172600
39.144800
19.371700
20.833400
19.368800
13.028300
38.599700
19.068100
42.738800
39.432900
31.400100
24.969100
42.360600
36.677100
39.513800
30.370500
16.575700
31.531300
26.469400
26.616000
18.927000
10.858800
13.278700
34.688200
31.890400
40.114600
33.025400
6.233930
21.165600
42.436300
44.007900
39.070500
42.242200
28.148100
6.268630
18.681800
15.428200
19.752400
7.243110
34.055200
26.839300
32.411200
28.385300
43.742100
10.169500
17.159600
6.590730
9.677030
33.602900
16.594000
41.931900
41.336100
34.395400
36.507400
32.147700
27.419400
36.524100
22.463500
38.532700
21.707500
38.759200
32.627600
33.176000
38.728600
44.060900
41.206600
27.199400
36.622000
40.505300
43.651400
25.236300
31.227000
30.082800
27.342700
8.794470
13.673800
29.422700
17.750400
11.294500
19.218500
41.071400
32.562400
33.755700
42.134400
33.555000
23.018700
31.015800
42.679200
16.033900
23.334300
22.913900
7.952960
13.064500
37.390900
9.608700
8.925670
21.870400
32.543500
42.167900
12.265000
15.855000
19.326000
36.136200
41.648800
20.948900
23.516500
29.918900
23.658800
32.110700
38.049100
31.782100
42.243600
35.532600
31.588400
14.824900
7.287620
10.107600
9.016410
24.898400
19.371800
30.395200
20.712800
14.252800
7.991930
18.464800
15.040100
16.245600
17.758100
8.373810
8.744300
16.768600
11.812800
12.102800
7.955410
20.864100
37.014300
29.784400
34.616300
31.142300
36.222200
19.489900
19.740400
17.610500
34.067700
32.321400
40.922500
18.055900
18.695000
24.550800
34.443800
32.618800
40.761000
38.642400
13.777200
11.869500
25.469200
6.528380
13.964200
11.697800
11.925900
18.749100
8.824650
15.058300
22.371800
35.291900
41.198600
34.856200
35.318700
34.102500
22.093200
24.141300
43.962500
36.591800
34.256500
16.919800
17.052100
27.514400
43.918800
39.026500
17.053800
12.010300
14.905800
16.878900
23.430600
41.697600
35.656200
40.606400
43.638500
29.695500
36.272600
22.305500
8.298720
23.503400
8.207030
11.173500
14.573800
11.531300
12.267500
15.358400
8.822390
25.288400
13.750800
17.915000
28.472700
42.224100
34.316400
43.768800
41.813600
34.705500
27.078700
33.308300
29.342300
16.884300
25.547300
7.803460
11.097200
19.340400
17.537700
16.533300
8.954490
9.015100
19.204100
12.269100
23.490900
16.738400
15.966300
28.236200
32.798900
40.852700
24.893300
31.898600
20.121300
15.988200
9.079440
15.447800
21.754400
11.948800
22.857500
33.102800
43.356700
20.147900
30.356000
28.336200
43.942500
40.513700
39.533900
42.993400
30.664800
8.799580
18.019000
32.624500
27.508700
9.500370
16.153300
36.034900
39.091400
39.441000
39.464100
15.901800
19.439100
8.024100
8.613290
22.335900
26.196500
38.176300
7.019710
38.683400
43.235400
20.217200
26.463200
17.375800
12.073000
39.720700
19.120500
6.527470
40.868000
39.269200
40.168900
21.550000
9.560380
24.462700
32.901300
28.164100
27.655400
21.791600
14.725900
7.234530
20.572200
15.886000
12.119800
18.145900
16.727100
41.440200
43.658000
44.118000
40.323300
44.255000
42.930700
36.108900
30.475300
43.761400
32.412400
16.792300
8.889150
31.853700
12.385500
14.166000
17.169900
10.870200
35.933800
34.183700
27.732200
30.696500
26.921700
8.684940
15.025900
7.021300
6.825490
12.131700
31.913400
13.804500
16.568700
22.350600
15.864800
22.564700
14.249100
27.600300
18.814900
29.375600
28.037700
24.902200
41.783800
21.876600
12.405900
7.998900
16.896300
20.973600
13.993300
23.205100
35.009300
41.692800
28.186500
44.040000
40.460400
20.200900
39.187800
34.434700
43.941500
33.957100
40.042800
30.382600
29.291700
33.736000
33.964000
24.529600
25.976800
6.561730
7.930270
15.878700
19.260900
10.375500
12.004100
14.600700
8.146410
12.342400
22.148400
7.024250
14.939600
20.949400
13.299300
22.254100
13.584600
10.393900
32.618500
43.850100
29.735200
42.461500
34.738900
17.856600
34.851400
42.772700
25.031200
34.921200
42.823200
33.948900
42.932300
37.428100
38.519300
39.769900
33.114400
23.173500
30.904800
12.179000
24.989000
21.848100
8.793430
21.414700
22.953100
6.113130
12.590700
28.534700
34.288100
8.792730
21.883900
43.239000
30.173600
26.843100
26.354100
23.119000
9.373560
22.586400
37.877200
39.671800
43.820100
40.597800
44.344700
42.729900
29.094600
38.394700
41.457100
42.520500
24.184800
44.078300
29.443400
21.637400
20.762400
23.707500
38.311200
35.900800
32.420800
24.070100
33.823400
44.240400
32.355700
34.666800
19.072300
19.123200
14.505300
22.624100
43.624200
38.224600
29.382500
28.150700
23.122300
30.378400
31.211400
30.873000
15.314300
7.628130
17.009000
14.304200
33.656300
27.636900
43.374700
37.895300
43.352500
29.609200
38.263300
37.934600
8.267180
11.539900
25.291500
24.013500
39.524200
42.413500
31.288200
7.708290
27.135800
42.116100
31.684600
40.577800
41.489500
12.897700
21.153100
12.967700
34.484300
17.776200
26.724700
15.416400
8.645300
8.066910
11.404100
35.529300
16.878700
29.673100
31.284700
37.325800
29.946700
31.099500
31.671900
42.173100
40.763800
16.997200
16.974200
22.318400
23.038600
28.831600
33.595000
34.048500
23.284800
25.225100
25.217600
21.965400
18.812600
34.645200
30.292800
17.253600
25.328100
38.444000
33.234500
31.432600
21.869200
8.915590
17.430800
24.757100
17.895200
20.804500
6.967000
7.752250
7.422230
25.123300
8.918350
7.215780
14.243000
27.880900
43.574600
12.071200
8.054490
18.100800
21.720100
7.967110
19.350000
37.774700
42.436100
26.891800
41.478300
31.373600
27.928400
20.446400
30.496900
27.542100
17.076600
28.963700
20.332900
21.320900
32.542400
35.430700
21.475200
22.688000
41.162000
24.482300
39.230100
20.192600
30.451800
25.878300
19.103700
11.478700
11.725000
24.091700
12.470000
27.685200
31.016100
33.812100
34.281200
20.752300
31.988100
31.924500
7.851840
23.213500
8.832040
18.965900
18.667900
19.016200
33.203900
36.038600
44.072600
37.419900
23.201700
34.541800
26.610100
38.279000
21.559300
31.374500
43.416800
18.748200
14.328900
11.706500
15.018800
23.149800
24.887900
37.087100
39.336000
31.004600
37.704400
35.480100
23.110500
9.657340
22.114600
31.437600
22.191000
33.980700
43.314800
40.745600
41.141800
40.360100
22.648900
38.921200
33.724200
31.985100
9.409940
13.441400
25.212800
25.537400
18.412800
31.964900
34.717800
26.976400
31.081300
23.222200
7.983330
33.673100
40.424400
39.135800
39.878800
16.826200
21.823100
11.553100
11.239400
36.924500
16.795700
33.988800
42.834000
42.645300
39.180100
41.343600
28.169000
28.750700
18.158300
24.509000
22.337600
13.575800
13.332200
8.437140
17.023800
29.885900
41.112500
26.881700
44.269900
39.873600
42.638700
40.334000
23.144600
36.708400
26.338600
29.971700
29.809700
39.041800
42.727200
27.195600
9.908670
39.332800
38.768100
31.396200
25.640800
30.429700
43.340000
41.973300
25.292100
22.214600
18.399800
9.612890
18.084100
42.567600
39.656000
38.807400
43.270400
35.806500
30.333300
26.751200
27.894000
38.975000
41.904500
39.135100
29.392600
22.471600
40.005100
27.363300
21.745200
28.240200
39.421500
32.229900
17.224300
7.046600
6.746800
16.138800
27.940800
35.543400
30.994300
12.854800
8.209720
26.082900
19.839200
20.975700
27.218500
40.568600
28.045600
22.300700
21.743700
10.668200
17.969800
14.280900
10.130500
18.696700
42.774100
32.894800
14.022100
15.456000
28.754800
26.709000
24.506400
43.474900
30.658900
9.701920
8.697520
15.530200
12.490700
14.020400
8.599510
6.399740
10.851300
18.043700
22.961600
24.687200
17.990200
9.855890
26.336500
27.510300
28.257300
35.856600
40.127500
17.586400
30.722000
36.925500
40.502800
34.175300
33.345600
31.042100
22.723300
42.140100
40.419200
40.668200
23.212100
10.664000
27.280800
41.761000
33.413200
18.976700
26.226200
42.873400
31.011500
26.389800
43.031600
44.256200
23.672700
15.231200
24.906400
31.398700
7.876520
11.811700
16.701100
16.473200
21.662200
17.111100
12.103600
10.127700
29.415400
25.950700
16.564000
22.104600
27.030500
23.992300
39.395000
41.810300
41.943700
30.310100
40.882300
18.397200
23.020100
34.116500
31.301800
22.934500
44.176200
26.450600
39.154000
38.638600
26.557300
17.717400
15.638300
11.808400
13.762100
6.809490
26.435300
17.257200
23.590900
5.835670
18.585200
33.261400
25.141100
8.237590
38.226900
26.671900
43.091600
38.350000
25.729100
16.787500
23.494500
38.007000
33.440900
41.688000
41.239800
41.141500
25.207900
13.444200
25.952800
23.797400
14.424600
25.514900
18.048200
28.219600
32.462700
24.311700
19.392600
5.951450
15.935000
15.914700
26.805100
10.723000
35.814000
42.466600
22.444500
18.334800
37.079300
18.366500
35.963700
19.783700
8.320540
6.786180
8.595180
13.185900
16.095900
30.717000
19.253100
33.112400
43.887000
36.288900
21.794600
43.633800
40.209100
15.949300
18.591200
27.659500
22.676400
19.802500
20.482200
14.453600
18.895400
25.950100
25.978400
26.099800
22.792400
27.348700
33.156500
41.370500
40.556800
38.313500
22.485100
15.525600
23.255500
20.400900
20.648700
24.249500
15.350600
29.554700
40.999700
42.086800
37.333200
41.030100
34.669400
20.937900
28.744000
38.528200
35.381300
33.576000
23.101900
32.184900
14.884000
6.593440
10.239100
27.919500
16.698700
20.834700
14.951000
43.434800
39.156400
35.711000
28.235100
9.340070
23.377700
25.517500
30.202300
11.028300
17.830300
12.591200
19.212000
19.592700
44.023200
35.008900
43.397800
29.434000
28.830600
27.620300
29.023800
17.435800
7.557430
39.323500
11.920800
35.197900
41.533900
28.292500
26.041400
23.470300
9.720140
18.718100
12.856300
6.378160
22.499400
22.533100
18.715800
8.373400
23.894700
15.221200
31.812500
27.081300
32.372500
41.160500
25.416800
24.171000
25.470000
9.253760
27.386400
43.631200
32.582000
42.831700
36.000900
43.778500
44.221600
42.672700
38.078100
27.921800
27.374500
36.057200
39.974800
13.849300
20.833200
11.206200
9.786120
15.523000
30.555700
35.105400
38.314900
28.556500
14.661400
20.423900
18.028900
18.616000
11.964100
7.512890
17.082700
33.684100
40.481900
39.094100
42.041300
39.917100
43.544900
39.588300
20.952100
28.993600
33.068300
43.767300
22.355700
29.610000
23.530600
41.125700
29.877300
29.773600
24.840400
34.680700
24.862200
23.533000
22.911700
19.479000
34.951900
23.251600
38.668900
39.639000
38.679400
32.480300
32.349600
20.856500
19.513300
31.892800
35.591100
18.452900
29.692100
15.536000
10.420900
14.913000
35.423200
23.019200
43.487600
21.175300
7.319650
24.971700
22.889600
10.282800
5.967720
30.363800
37.503700
24.108600
41.876100
34.298300
5.811090
34.528000
31.393400
22.187500
20.019000
6.347960
10.829700
22.476500
8.518060
27.648300
13.291500
7.649210
12.572600
9.047090
25.128800
43.612600
35.250600
32.575700
19.640700
13.722800
32.058000
20.379400
34.709700
20.923400
18.909600
19.188300
13.068700
18.488300
17.569700
42.066200
36.904900
23.068700
16.362000
13.890500
14.855900
17.233800
27.836300
17.967300
11.443000
38.765100
38.661100
33.348100
30.301300
41.039600
31.846000
28.855000
43.339300
40.578000
23.619000
20.388700
29.762200
26.071100
21.951900
28.968000
13.316100
14.899000
14.763700
14.514500
27.873000
34.557800
33.419400
39.921500
42.515700
16.507300
37.424700
29.973800
24.698100
37.178500
35.161400
31.149900
10.685500
12.017100
18.521100
9.108190
13.628100
17.572900
36.078300
36.123300
23.289000
34.814300
14.383500
15.033700
12.833200
9.533760
13.659300
21.041900
14.587400
13.701500
21.312600
23.357500
7.447310
17.216600
16.455500
12.805900
7.169140
19.801000
18.167600
43.751400
40.345100
18.257300
26.277400
26.599100
18.795500
12.232700
10.885900
31.371300
32.948000
22.187800
43.256100
23.962100
35.636700
28.336500
27.777200
28.328900
34.086400
33.138900
33.801000
32.820000
7.412400
31.761300
35.190600
28.124200
34.215700
20.486200
33.736900
36.821000
21.807700
30.675200
23.261400
11.070000
6.894950
11.824800
9.653110
17.365000
41.722500
39.269200
29.638200
19.224800
11.371400
41.929300
26.516900
26.317500
37.741600
32.360700
25.837300
34.694400
35.436600
42.906700
24.514300
37.254200
43.811300
39.182500
28.382700
36.645300
37.575600
34.054100
32.024000
40.361800
35.405100
39.658700
37.791900
43.883500
14.548800
19.922500
16.691300
15.233900
11.172200
18.369500
8.174150
12.155500
12.886100
7.529790
9.237150
25.357800
16.654100
10.973500
21.126400
42.825400
33.431200
42.392500
31.141300
33.521500
6.072660
9.004620
10.881200
16.773700
10.052000
18.974600
8.394320
9.031000
17.017300
8.196340
9.735910
10.715000
18.275400
24.416200
10.026600
15.426000
6.553690
12.176900
29.163800
27.555400
37.861800
32.240100
38.641400
44.050100
34.166300
28.293300
6.988390
33.916900
41.339700
33.773400
29.557100
32.587800
41.273500
35.354800
38.624900
29.926500
30.195400
19.901100
6.798450
9.864300
21.270100
33.982900
21.206100
42.194200
43.042300
36.265900
39.320400
31.009600
20.495400
11.021500
43.120900
31.911800
43.561400
43.867400
43.262500
36.497200
37.855400
44.019800
12.519800
7.069700
9.961790
18.747800
24.187000
30.815800
34.061300
42.761400
35.995100
32.806600
40.833900
35.519600
14.060100
12.668300
21.075300
10.494200
11.042800
29.877600
37.033700
35.271000
39.650900
43.321000
33.198500
24.353900
21.631800
14.250100
7.714380
11.902700
27.188000
24.077700
16.430800
36.705300
30.976100
44.309800
16.897200
13.401100
8.014860
11.097400
7.037760
11.101000
21.261300
14.132400
8.737080
13.830700
26.209600
38.134500
37.228400
36.001800
30.809900
17.738100
12.780100
9.208590
24.472500
22.434200
20.291100
6.811190
7.772680
19.547500
9.625400
37.918100
32.029800
20.266400
29.869800
26.207700
17.352300
8.572630
25.002100
29.395100
28.072800
28.145100
42.411100
42.844700
36.119900
12.916700
20.315200
35.114400
12.829800
7.308630
22.432400
19.176200
9.237860
11.694500
39.391600
28.783200
21.942500
27.446900
35.569200
33.664400
43.966500
39.377000
40.577500
17.121800
6.283920
18.539500
29.795400
13.039700
34.569800
40.150400
20.113800
24.108800
21.211700
27.990400
29.530700
41.783600
28.501300
20.290500
28.374700
41.158600
31.295300
33.782200
41.744600
34.823000
27.983100
27.788300
39.588600
41.414000
39.824400
33.615500
18.767100
23.595200
9.085040
6.407550
7.802750
11.682200
12.275900
17.377000
9.600690
25.572000
41.049600
34.552200
20.667200
43.876300
39.580200
28.610500
28.685100
24.974300
23.026200
36.222600
36.283400
6.593540
32.429200
31.248500
8.913440
10.680600
16.339400
24.310900
18.753500
22.938000
40.083200
39.243500
41.815700
41.805800
36.724800
15.055300
10.902500
24.126500
22.248600
33.636700
37.505900
32.769100
44.000600
33.183600
10.244100
6.065350
39.937100
26.456900
37.279900
12.539900
6.821630
15.765400
10.440100
21.693600
27.537700
24.452300
28.480100
39.209500
35.095400
29.854100
30.339000
12.207800
35.391600
19.829600
25.835800
35.058800
36.318900
23.711600
18.575200
35.125500
18.649300
16.051600
37.109300
26.605400
31.230000
14.218900
24.353100
18.567400
42.753300
25.208800
39.901700
26.197000
41.891200
42.254100
41.749000
38.976100
42.095200
33.903900
30.221000
19.759800
23.147300
40.897300
42.810800
22.106100
35.553700
35.451100
40.928900
39.141900
32.061600
30.720000
25.378600
38.075400
20.803900
42.593700
38.177000
33.142200
21.541100
10.277900
12.981800
18.828700
26.846900
31.759600
19.115400
20.068500
20.324900
11.493100
22.936000
27.692800
41.882100
38.475800
30.208500
35.339000
31.908600
8.665790
8.670390
6.163990
16.852100
10.746900
32.008900
31.748200
32.119000
23.262900
16.291200
29.584100
15.195500
24.843900
43.063900
44.022300
35.762200
28.576500
16.991100
10.375700
20.386200
8.368470
15.122300
7.234260
6.081390
11.459300
9.351750
29.701900
36.152300
26.894400
8.801100
28.792700
22.938500
19.836000
6.222180
12.632500
16.400700
25.495500
18.969400
19.090900
19.173600
17.474200
30.351400
37.785300
40.450900
38.002100
32.069700
8.691870
16.270100
29.611400
41.991900
41.285000
28.992900
12.945800
12.350700
8.099020
14.516000
17.687200
22.237200
34.441100
39.927300
37.312200
28.631500
32.964700
23.680100
37.880500
38.877000
35.784300
37.568500
39.070900
41.856400
25.308600
26.718500
9.714200
16.016800
17.905400
20.024400
8.448370
19.382000
12.993800
38.006000
43.637200
20.141200
10.217500
10.756300
10.547400
23.417000
21.560700
23.282600
18.069200
25.428600
36.367700
15.765200
20.424000
29.339900
35.471100
36.529800
39.240900
37.326100
30.428000
20.980900
19.716900
32.722700
21.876100
18.017100
15.862700
18.646400
20.643900
25.337200
11.304000
14.688200
33.417100
33.040300
37.105900
35.582700
40.884700
23.526800
33.167500
38.814200
36.556700
33.947800
31.132400
31.860500
39.774600
39.437600
28.308900
36.180000
20.252300
8.048290
16.413800
14.444700
9.316980
17.934000
15.420900
12.733600
10.082000
7.505550
7.340990
28.285500
35.218300
40.176800
12.600800
10.779100
17.594700
7.420810
24.320200
34.392800
23.716100
8.685740
12.341800
26.609000
42.084500
32.411600
28.986800
32.597400
40.799300
18.628400
20.423200
23.664100
44.126600
35.024600
41.587800
28.635100
42.640100
30.532800
10.886100
42.118500
40.521600
39.102000
22.236800
21.541800
24.893400
22.570100
34.546300
22.422200
34.312300
40.763400
28.814800
36.334700
39.088100
29.664200
34.682600
20.772900
20.813200
27.949600
24.972500
18.223500
25.395000
21.882700
8.319110
14.668200
32.030300
16.552800
8.823630
22.561400
9.660920
15.770000
34.635600
36.237100
43.560300
40.739100
31.985300
36.479300
27.995400
17.828300
22.080000
38.096700
43.219800
29.150100
32.360100
28.621900
30.269000
24.015400
19.588000
17.390900
26.312700
10.674500
18.428500
20.757500
15.867500
13.600600
13.992400
24.087700
43.840400
37.889500
36.633900
39.490200
40.291500
38.712100
41.863200
35.729200
20.372800
18.571500
36.434500
39.882000
32.288800
34.406800
18.012400
36.323500
10.414900
16.119900
11.176700
23.227800
21.975500
28.418400
43.653400
30.289000
38.665300
31.762300
35.879900
40.493300
38.653000
15.397200
18.919600
34.898700
33.474000
26.569600
41.956500
38.323800
29.733900
43.185100
19.389800
42.244700
32.642100
22.714500
17.890500
9.265730
19.921900
28.733900
8.560120
22.570200
34.555200
34.967800
27.923300
34.919600
43.622700
25.941500
20.547300
37.843000
36.803800
34.764300
14.196400
13.177900
30.018300
14.321900
7.119390
32.930700
44.272200
35.477800
33.334000
42.383600
18.843100
13.895600
16.529900
13.500600
21.959400
17.903000
11.205300
7.814970
7.937810
6.272700
8.346680
11.975700
23.100900
27.242100
24.757400
26.640300
34.469000
38.104900
30.899300
28.431100
22.616300
29.140800
32.605400
33.686100
37.781900
36.035200
19.208000
13.923100
11.198300
13.529500
12.490700
7.917330
6.045340
13.400700
15.729800
13.872100
30.734400
21.614000
12.921100
18.220800
11.656900
15.272200
19.357800
36.602500
39.857300
37.245400
34.828400
32.177500
34.043000
37.497300
38.858100
43.057000
16.197000
13.009200
29.407600
5.964940
7.336890
38.229200
27.672300
43.433700
32.315100
16.377500
10.595500
16.807800
43.566400
30.790400
24.820400
18.952900
18.063600
40.330300
21.877900
17.918700
17.057300
33.398900
44.026300
30.786800
29.795900
7.819800
12.376200
21.819700
35.616900
34.797200
28.319900
34.104800
38.241700
32.107600
30.192500
43.701300
37.867300
36.741300
42.643500
23.272400
9.489390
10.202600
6.456440
23.933100
25.453900
15.723500
26.561900
22.360100
11.175600
9.576890
10.734300
22.915500
23.268100
14.723000
13.319200
10.955600
8.267500
10.639600
14.586500
25.066100
11.336800
16.606300
20.572600
25.494900
29.312900
32.004100
36.087000
14.315000
6.509160
34.248200
5.951280
8.032350
23.963900
16.618000
13.117100
15.434100
32.722300
9.841490
7.274750
12.856100
14.673900
13.756200
32.275000
30.989600
30.031700
19.455700
34.098100
6.523210
24.101100
33.611900
29.938200
22.860900
20.373300
29.446900
42.219500
28.038100
40.983700
20.240300
36.682500
17.132200
25.549100
35.004000
40.482000
28.920300
30.816600
23.497200
38.527500
43.119000
34.299200
33.363500
21.875300
26.249000
14.375700
5.835660
16.730800
31.279400
13.711600
11.273300
18.004800
35.337600
37.149200
43.586500
20.711500
25.159700
42.494300
31.887400
19.039800
15.206100
35.976500
25.231900
26.794100
27.813600
27.918300
6.852610
29.669400
35.548500
24.286800
25.226800
22.194500
11.067800
21.954600
13.299200
18.859200
9.379470
11.041700
19.280500
40.807200
43.987100
43.761300
16.685400
14.494300
28.989800
29.262100
24.277600
16.462000
15.426200
22.157000
28.835400
27.857200
30.400600
42.547300
33.566600
40.834100
33.735700
24.243200
7.065770
19.574800
19.761200
31.779700
42.482400
36.288600
36.696700
41.744400
40.995900
24.543600
11.413000
24.104700
33.143600
36.099200
43.801500
43.550200
37.236700
41.659200
39.012700
36.285400
6.674330
10.092900
18.862900
12.867000
7.368520
12.220800
12.594400
24.594600
20.565500
26.657600
6.385090
17.232500
23.110100
33.966900
43.879000
38.143700
25.024200
36.143300
36.915200
27.190100
27.549600
41.437000
44.148800
39.156300
20.610000
19.026400
21.753800
41.108400
36.225800
23.141600
26.336200
31.306500
40.286700
38.133100
32.989800
37.094100
42.812300
36.843300
43.848400
29.452100
9.680000
7.756270
34.564800
22.111600
20.859000
22.184800
32.895800
38.400900
26.850200
33.897800
18.563700
10.068500
11.619800
13.282400
14.798300
9.954270
27.991000
23.849300
21.513100
11.932800
17.496000
40.237000
28.871100
34.815000
32.388700
44.141600
42.274000
29.765900
32.549600
28.671600
28.982400
17.905800
29.441500
41.761500
40.090800
33.244600
10.874000
8.774120
8.746620
7.619740
21.872300
11.127400
9.515010
15.658800
41.318800
43.738700
40.700300
41.392000
37.004900
42.212500
40.027700
37.978100
11.565300
13.353600
9.960510
8.023150
12.465200
7.103130
13.282500
35.595300
17.773300
26.624700
30.472700
29.370500
14.009900
7.775910
6.925260
17.288100
18.895300
18.924400
9.977080
35.874200
41.506600
25.860800
21.260800
27.177000
37.049900
37.457200
29.737500
19.076200
22.640700
12.951000
17.688200
22.808400
28.460200
38.676900
25.614400
34.753400
32.549900
19.855600
9.397090
7.688900
33.761600
36.101000
27.929600
28.542200
43.391800
43.524400
34.623100
25.630400
28.804900
6.424880
15.711500
8.018800
12.373300
15.181200
8.663980
6.657880
10.874400
8.593010
8.247160
12.106500
18.375800
22.704400
21.798300
22.811000
11.468900
32.392300
33.436900
39.980400
40.057000
23.396900
12.317200
9.708430
11.480400
7.471030
11.714000
27.126600
24.392800
38.825800
38.783200
35.599100
39.214200
29.044200
41.855100
38.260500
27.514200
24.766300
10.008400
18.399900
11.337100
7.374150
12.638900
23.171600
10.184200
13.141800
23.116800
19.203800
13.340300
36.822100
24.591500
42.987100
30.662800
19.730000
39.807900
17.633900
40.472800
35.135900
28.457700
7.418180
12.380100
33.892500
36.604000
43.401400
27.470100
44.204500
38.285900
40.557900
42.203600
36.483600
38.929700
42.634100
22.720700
23.185000
23.429300
20.837800
5.846310
6.296800
15.253900
24.392900
15.170700
21.351300
17.602500
36.263100
18.217300
41.622900
33.405100
35.834800
32.361400
18.917000
9.810060
33.174300
30.733800
39.314300
35.258100
20.785600
25.171700
8.431330
25.382000
26.566300
22.970700
15.375900
14.205000
33.645600
34.122500
37.371400
32.049000
37.098700
35.654300
30.580600
40.125000
42.252000
42.350000
37.151400
27.219000
32.302700
15.827000
29.072600
37.242200
28.467700
24.478100
11.651900
23.960900
12.886400
9.424840
20.109000
10.886500
18.312100
16.085300
10.171200
8.367930
32.448500
34.394000
29.301700
36.960300
19.590900
35.326600
36.471500
26.304200
32.271100
34.506600
27.946200
35.231400
24.250000
28.919300
13.813700
33.916800
25.899700
23.382300
6.924020
32.656200
27.172000
28.815900
32.441000
27.293900
10.737400
8.864780
31.626700
29.135900
43.535600
35.274800
9.085470
11.835800
18.943500
37.554900
31.766700
15.858700
14.911000
15.541900
6.201570
14.465200
25.339500
20.069200
32.686800
40.006700
43.502400
37.983000
31.223100
41.993700
37.823500
41.953300
35.549500
43.652700
39.879600
40.533300
29.616900
33.773000
22.048400
7.088790
13.014800
9.659560
19.599600
20.619700
13.214500
6.904960
7.199560
15.911100
15.639600
24.544900
6.539400
30.731000
16.530600
22.704900
12.695300
16.749700
6.529900
10.782500
22.167600
10.792400
10.873400
14.678600
6.938740
7.734130
12.137500
26.271800
28.527000
33.007300
42.836400
25.264300
36.435700
26.037300
29.641800
26.334400
34.549500
41.858600
41.625000
40.326700
44.354700
41.084900
23.304300
38.963100
28.394100
24.932400
17.632600
27.396900
42.392400
43.153500
13.323500
24.578100
25.836600
33.488000
24.486100
34.457500
34.200000
12.271000
7.024770
23.315300
14.002300
26.276700
9.374830
7.055330
16.788900
16.188100
19.544300
23.187800
28.663500
36.278600
25.234400
23.843500
22.790100
8.243570
6.480780
6.727190
12.630500
12.894500
23.066000
23.046400
21.596300
7.850150
18.850600
34.953500
43.297000
26.726500
33.804600
32.455300
29.277700
23.578800
23.942500
22.206800
23.941400
27.765700
8.436080
12.291400
39.123900
25.574800
9.841580
11.630100
15.194700
15.979100
28.190000
44.014900
33.309000
17.417700
13.766600
12.511000
10.173700
11.245600
8.176330
15.911800
16.554300
19.331100
31.486300
14.170200
38.419400
38.630800
35.007300
35.311700
21.660900
22.425000
30.267800
36.537200
20.857100
28.401000
38.907500
31.034200
30.394700
40.440300
34.045700
42.687700
38.677200
34.827100
40.870100
33.218600
6.821960
25.102400
22.969600
28.557600
39.980500
28.011500
36.362900
29.950500
39.314900
16.395200
6.267080
11.462200
6.500110
12.069400
16.018300
21.704700
11.233400
11.116100
15.978500
11.567900
15.021900
34.068000
29.183100
42.501700
40.530900
33.410100
44.174900
31.292100
43.834300
34.612400
39.069500
38.066600
40.563000
35.508700
38.066200
44.224300
27.444900
14.600500
26.716400
17.846600
24.075700
29.349800
37.457700
42.906300
44.056600
33.364900
44.052600
43.984000
44.044300
34.671000
8.716670
7.270400
17.326000
7.008840
6.722780
17.881200
26.496500
8.083500
32.932400
33.431600
36.045500
25.360500
35.628200
24.157000
40.089000
43.846200
31.194300
28.524700
33.234500
41.188600
40.622100
25.441100
27.955100
32.150700
28.066500
17.059500
16.075200
8.441690
36.231300
15.738400
26.215100
35.415900
12.303900
13.230100
10.495800
17.625300
22.863000
14.044000
19.806600
10.987800
10.987800
