35.677500
37.104200
24.788500
28.987500
19.757600
15.824400
10.131300
19.219200
12.603900
37.300400
40.809000
26.179100
29.679000
28.644300
40.800800
27.744900
18.105300
22.693000
6.418490
27.895500
29.744900
7.429200
13.184400
22.682400
17.482600
18.655200
30.900100
26.372400
6.057160
11.563600
13.375300
21.605300
29.900800
33.039500
39.328500
40.751000
43.938800
39.396000
38.242100
14.514700
14.205400
14.158400
9.633210
21.711000
5.949900
13.514700
28.206300
29.013800
17.511900
23.021900
10.575500
7.111530
12.530300
13.008100
16.853500
23.347800
13.943100
31.688800
21.043500
30.828700
33.634900
25.760700
27.445800
18.181700
31.009700
43.782700
41.720600
36.592700
34.297400
29.081500
22.766600
26.629500
24.056900
22.204800
16.744800
26.026000
15.587400
14.100500
26.092400
25.621800
29.420500
22.262700
18.757300
13.259400
8.585010
14.458200
12.462900
25.650000
28.050100
28.723500
19.484400
15.948900
18.114300
18.770200
17.961800
13.312200
13.248500
30.945100
24.629200
6.959970
18.013400
16.424600
12.345500
7.883070
17.620800
23.520000
23.252400
11.613900
16.846500
7.634510
8.680170
24.923200
37.369400
37.756200
37.346900
28.486200
39.278600
37.306300
40.330200
34.496600
42.649000
41.076400
30.417900
8.580920
8.473410
32.215900
26.095100
29.639500
25.702400
15.834700
15.119400
24.397700
24.809000
43.391500
40.954200
41.267600
32.094700
40.371700
44.091300
25.532700
18.844500
22.964500
16.193600
19.398500
27.242800
17.268300
12.261300
19.369300
24.926900
7.726020
15.998600
15.781100
19.553000
6.984310
8.168310
12.840300
21.386700
13.811900
8.250490
14.995700
10.283200
15.685100
36.059400
21.388200
16.861100
19.364500
42.172000
36.730500
41.409900
42.108100
21.923500
12.037300
23.126400
30.251800
28.956500
43.339100
39.528700
36.800100
28.584300
12.912400
7.287740
21.833300
12.428900
13.724900
27.034300
6.188500
14.695900
9.534800
9.754470
17.887600
26.836700
25.750000
31.890200
41.996700
40.988700
37.528200
40.960400
33.056400
9.134180
9.724050
32.732600
29.653700
14.921600
15.039900
7.787880
14.447300
15.040900
7.269610
8.093100
21.941600
19.270600
12.686400
27.335800
6.418890
22.551000
18.835500
41.524800
19.780500
15.013400
15.140700
7.179350
18.164100
31.894600
36.951300
26.802000
31.739700
30.672000
38.300100
33.725200
26.974900
26.345300
44.235000
43.679200
12.205100
8.137620
13.096500
32.810400
28.570200
16.522700
8.602550
14.025700
15.673200
21.943000
6.113070
6.211100
7.995630
30.137100
20.703200
42.418600
39.748100
43.345100
30.373000
14.801600
34.873600
21.521800
11.386000
36.590800
31.768400
39.221600
18.341300
31.395500
36.937100
20.445800
9.842020
23.059300
16.075600
32.968600
10.594400
37.440300
22.264800
18.396200
6.625530
27.213500
31.901500
43.895400
39.233600
26.173500
28.052000
30.970200
41.824200
40.564100
31.316700
10.011000
5.970670
11.132100
33.198900
12.770000
9.845990
32.849000
30.208500
19.968400
20.298800
29.478700
30.834000
23.134700
34.200400
38.377000
34.583900
37.953900
36.523400
26.177100
30.755500
29.729100
21.342100
17.619000
17.556200
11.206000
8.213230
16.310000
10.338500
9.757490
5.989990
22.957600
18.391000
12.479200
17.937300
23.144400
7.978680
15.964000
16.095100
6.844900
31.814300
40.290300
19.932600
23.373900
6.555250
20.789700
41.426700
32.126600
27.192800
30.195000
22.946300
21.088100
12.071600
30.234700
27.081300
36.900900
38.355800
13.688400
33.329100
43.873700
40.240900
40.940900
25.407800
25.697600
29.273800
24.424600
29.129200
28.877400
42.667000
42.919800
29.245900
12.451700
24.413400
38.014200
17.292500
6.158380
7.555410
14.560400
39.982400
34.685900
33.173900
9.275340
14.898400
19.248300
43.521700
24.809800
24.024900
14.843400
24.309800
26.654100
42.520200
35.545400
42.582300
31.191200
39.403900
33.309200
24.359200
12.681200
5.802540
24.276900
38.563300
36.530700
9.907260
6.364780
23.000500
14.905400
25.163500
40.914200
6.852710
12.744400
10.973400
7.383360
24.482100
21.698300
36.997200
33.061600
25.590800
31.239400
6.983900
17.952500
19.419600
15.325500
20.357300
18.730500
18.385700
37.821900
10.308200
12.248200
6.085540
22.979400
16.285200
37.690100
30.021400
40.742700
26.034400
35.737000
16.122200
35.562800
35.700200
33.164600
42.965200
44.378600
41.672800
38.785200
28.622000
17.625400
10.696800
18.239800
20.315800
28.759400
23.932400
32.894100
23.169300
15.394100
30.995500
36.930200
38.039300
41.796000
33.273400
25.788700
7.975750
19.100700
21.302100
15.207100
7.003200
8.039590
23.422100
38.055200
34.771900
24.268100
10.091100
25.068600
9.832330
6.033500
8.776300
20.907400
15.309200
41.102300
44.076800
35.401000
21.845700
8.519680
8.806730
27.424300
26.560200
11.800500
6.342130
7.776860
12.980500
9.823050
15.431200
22.415000
18.652900
23.079100
25.714500
36.912500
26.724400
27.826300
24.397000
38.395900
20.214200
19.589200
15.462700
18.940600
12.001600
17.052600
11.364100
9.462610
34.246400
21.566300
43.264900
25.854400
34.775000
41.420800
36.755700
28.809500
6.395060
9.129760
24.835400
24.298500
40.553500
33.285200
27.146300
24.413000
14.468000
8.494730
9.584380
28.035900
15.038000
23.094000
25.369300
19.583700
16.046000
36.401000
12.737200
16.595900
23.745400
34.607600
33.899700
36.280100
25.512300
32.708600
43.616300
41.221500
30.678400
9.446490
16.444500
27.706500
44.043100
36.024500
13.097200
12.568100
40.024200
43.073200
35.827700
36.583300
40.010700
29.893000
36.304400
43.886500
37.025600
33.770100
33.057300
36.289800
24.054400
37.841000
35.008500
28.195000
24.963800
38.417000
40.873800
36.085000
30.631500
37.939700
41.648600
16.925000
19.297300
21.882200
43.270700
44.265600
34.675900
21.231900
31.901800
29.277800
23.000600
26.453900
27.423600
34.962900
38.794600
34.419900
8.698130
10.437300
8.265500
5.821880
29.263200
21.363700
25.716700
15.566300
12.211100
30.666100
34.679700
31.553500
37.285000
6.418010
12.156600
34.384500
34.004900
25.896800
34.341600
38.777000
7.704070
17.514900
9.036550
8.950720
8.695210
22.382700
36.764800
40.968300
41.199600
31.007000
20.972900
25.975800
21.522300
9.812750
10.937100
14.120700
7.478550
24.051100
29.213200
41.657300
40.032100
20.247000
21.261300
23.349900
14.929800
10.703100
10.489500
16.428800
16.608100
10.268900
25.001500
15.507000
7.958520
24.912100
34.880800
18.215900
10.368200
10.893700
12.729800
23.962500
9.667750
13.615500
28.297300
35.160000
16.917600
6.280880
28.507700
30.265900
25.441800
29.118800
27.050100
12.315500
27.458900
41.564500
37.429300
27.822500
36.450200
32.475800
9.448370
13.646200
17.556700
19.799900
38.388800
8.726740
11.340800
18.201200
19.862300
37.269400
37.191600
22.386600
12.220000
10.734400
14.902400
8.982290
10.545700
20.897200
31.081000
32.679400
16.561500
9.636590
9.851180
18.923100
34.937400
24.644200
14.020400
42.490800
25.152000
6.701310
7.446750
21.868200
35.308500
44.111600
43.016800
31.653000
35.733600
33.682600
27.871000
30.438500
16.559300
7.095210
11.384200
26.224900
35.923200
38.657800
11.124400
20.962300
22.566500
27.097500
16.123100
19.820700
18.095200
14.550200
17.155800
20.445600
40.332800
36.622200
26.906300
10.139800
11.409900
13.942100
6.461430
23.386200
12.849500
19.528300
21.651200
28.548500
33.645800
14.477800
36.731400
43.919800
42.528600
18.034600
19.691000
21.913800
18.568400
18.854300
29.087800
40.318400
12.564600
31.662000
25.736400
6.617920
13.353600
16.519300
37.958000
21.321300
39.990800
37.224500
43.684700
21.331400
22.004400
31.652200
30.593200
17.202000
10.727400
6.259450
6.845090
8.637230
13.768000
27.472300
35.491700
30.977900
28.594200
20.549100
7.727220
11.281300
27.744000
32.288200
36.618700
41.653200
25.460400
11.541000
37.562800
15.833700
9.675730
27.021400
25.724400
26.492400
21.731600
13.749500
7.844860
6.780490
25.913600
39.112800
29.852300
32.055800
30.335200
43.710400
30.363500
28.593300
20.447300
6.567050
19.736400
10.833900
8.854690
12.013500
9.951720
8.074050
28.537800
33.002400
42.790300
41.859200
43.304000
37.563100
44.173000
20.146600
36.498400
31.971000
31.056100
31.349500
24.767600
8.007390
7.050180
26.373700
37.125400
29.026000
32.379800
18.501700
6.188990
11.634400
25.081700
38.099700
30.457100
19.677900
14.860800
9.990240
7.792910
10.370900
9.376320
13.126200
26.615400
37.446700
39.660300
43.431600
18.249400
23.420300
27.492700
21.178100
18.354400
9.958900
19.161800
16.425200
9.285350
31.854800
34.778700
44.020000
37.719700
32.827200
15.078900
28.625400
9.981120
12.047300
7.305570
14.245800
16.592700
16.880800
19.222700
39.812700
33.040100
44.254900
28.044200
37.132800
36.295600
15.300300
10.056400
31.911800
30.341900
15.046600
41.884700
44.126800
43.949300
38.715100
41.825300
26.602800
7.573940
9.534870
8.148420
19.220500
20.837300
33.301600
23.149000
37.167800
32.631700
32.043800
23.754900
38.454700
39.614900
7.985330
23.640300
40.309900
44.058700
35.881900
38.283300
27.665000
22.013700
11.794100
19.508000
5.928980
9.965600
20.798300
6.111870
7.767540
9.540870
27.087300
33.342400
14.462800
22.986000
28.357400
13.505400
7.250410
8.022440
9.085700
15.842300
19.091200
37.455100
43.600200
37.049000
26.405200
39.823300
34.167300
29.832000
26.192000
36.883400
40.914200
21.530900
15.956700
26.621100
13.605600
8.433340
9.772740
13.108000
20.340500
18.998800
34.101100
27.702400
31.293400
16.079000
26.308500
41.299300
44.295700
35.602200
34.855100
30.188100
35.772200
37.583800
43.564700
27.931000
28.117800
7.971390
18.146500
6.466260
32.772600
35.313700
15.367400
30.633800
12.393600
8.219530
17.452600
20.271000
18.254500
21.184900
43.008100
26.549800
39.088200
22.428100
26.006300
41.915100
20.763200
11.188900
18.330200
30.076300
23.223600
19.459800
19.793500
26.616800
42.499500
23.525300
33.521700
37.836300
15.612600
17.627800
15.667500
13.779800
10.266300
9.379360
28.408900
6.988540
12.239900
12.485000
40.351000
35.137800
35.810900
25.679600
17.410900
19.841600
43.321500
41.593600
22.907600
6.771170
15.756400
17.701600
17.043900
15.288600
12.886900
11.907800
28.040100
13.484200
19.753200
11.245900
12.170400
24.560300
19.453900
11.914500
16.376900
40.260900
32.837100
41.818200
36.017800
25.090300
13.774100
43.551600
43.626100
12.394000
7.091790
26.004500
18.531000
32.223500
37.417200
33.641600
34.339000
36.384700
33.869500
38.427100
20.429400
7.534410
7.262870
23.052800
7.698340
25.274200
31.767900
38.840800
20.047900
17.600500
25.078100
6.574040
21.581100
27.495900
30.924700
26.191900
29.556300
34.729400
25.215900
20.452700
32.723000
41.243000
35.622700
32.405500
21.235700
16.607900
10.810700
19.349200
18.083000
18.759700
15.274500
27.177900
19.903400
44.081800
42.244800
33.829200
30.367300
34.631500
32.517100
22.038200
25.154700
21.424500
35.671600
43.551000
39.517200
28.840100
12.543900
23.108800
6.621550
16.344500
19.793100
8.331180
22.225200
28.450400
25.958100
22.585300
27.381100
34.205100
17.784500
10.287600
23.075900
13.315900
12.080500
6.722980
10.010700
15.932600
14.640000
17.382700
8.873400
27.612400
28.097300
28.083400
17.345100
23.880500
8.566690
16.973300
15.883600
24.552000
15.807200
25.123100
23.824000
10.461600
22.977300
42.040300
24.036600
34.879900
23.215900
11.205900
7.031960
33.983400
37.568400
24.151400
40.160000
43.978600
37.519800
42.450200
9.876790
30.494200
9.425970
12.206500
40.020300
44.085900
38.519600
38.509700
40.640100
30.000300
8.460630
8.622140
8.907890
27.337300
21.351100
16.757500
15.242200
23.726600
5.941230
6.014250
21.073600
26.397300
24.882900
22.704300
12.495200
19.796500
23.587900
8.037120
22.488400
17.557300
15.835900
12.385400
42.671700
32.841200
19.946900
38.090400
42.026500
44.112200
31.627800
40.407200
20.770100
26.907800
20.175300
27.825200
6.429890
36.080100
35.806500
33.729900
40.026100
34.055000
33.415800
31.135600
32.896500
14.513300
14.650100
7.648110
16.103200
12.367900
22.521300
17.683900
19.722500
7.844380
8.337230
6.794230
23.702100
35.172400
24.526200
6.586810
25.987600
13.320200
23.872200
12.919100
26.279100
32.266900
33.080200
40.143700
36.817100
33.207600
24.064400
43.799500
43.858300
16.696700
24.459900
22.873800
15.188500
10.151300
25.761400
32.190500
28.898600
14.870000
11.454600
17.121500
36.325000
43.312100
43.295600
31.991100
39.156500
41.626600
33.266400
9.160360
19.589600
29.062700
16.526000
35.823300
41.760300
38.910400
34.507500
37.815900
29.187800
15.169500
6.457270
29.058400
15.797400
11.685400
12.401300
16.009500
7.318380
6.734180
16.533800
11.687000
15.199400
7.036850
6.494180
10.963100
9.422310
19.346200
26.944000
34.572900
10.381500
39.848500
43.021800
26.938400
28.541400
37.030900
16.279700
39.773500
25.842000
34.534800
28.340900
35.945200
43.413400
9.768840
26.688600
20.226400
24.479200
42.892300
34.877400
40.162600
25.056900
26.622700
12.723000
36.212200
13.214500
29.017900
34.253100
25.426300
31.718400
35.012600
7.969680
23.806400
11.217800
18.897300
33.909500
39.956800
22.899800
36.561700
42.192100
38.550200
44.078400
13.132900
24.237000
36.035100
36.699500
32.371100
28.138600
26.911100
35.543000
28.338100
36.172100
26.506100
26.528700
19.181900
13.349700
20.636700
25.117400
42.870700
31.233600
41.718400
42.814200
39.807600
7.751740
9.817440
21.015800
17.783900
18.180800
21.106900
22.236700
19.812000
19.125500
14.965100
8.044110
15.108800
15.463400
13.262900
21.093800
10.251300
10.900000
29.424500
21.225300
15.548800
11.940500
33.356100
15.278500
20.263500
28.892200
10.411800
17.113600
26.642300
15.581500
14.162100
12.851700
26.991600
22.911600
43.083100
33.546500
19.998000
29.234200
34.851100
39.284400
37.621300
41.233100
42.908300
30.796300
12.228900
28.469200
23.423300
21.450800
30.863100
22.291200
8.841730
9.831250
25.762500
38.926000
11.307300
28.277700
26.154100
12.377200
21.525900
17.842000
28.253200
21.234500
13.706300
25.485500
29.808800
15.828900
23.872500
27.501000
32.930500
34.642900
26.418100
27.306300
31.478200
10.495200
23.909100
11.748100
29.029200
31.988100
9.260150
11.396600
13.146200
24.807300
35.209100
20.981700
27.232400
11.293200
8.114100
10.264200
18.576800
7.969810
12.683900
20.704700
6.248040
6.603250
6.100870
13.181900
25.130700
8.077790
10.382200
12.210200
38.746400
32.847300
31.683400
34.527400
44.163200
31.507100
24.526700
18.660500
9.420150
7.698510
41.965400
37.714800
44.076500
23.933200
16.271400
26.814400
18.753200
38.457500
40.996800
27.560300
12.883200
17.837400
32.425600
19.119200
40.471800
32.647700
22.469700
35.544000
35.365000
32.963400
30.844200
33.783000
22.696700
32.873700
28.684500
38.455900
30.430500
40.141200
10.845400
10.377100
13.963600
25.902700
14.948000
29.950400
27.527200
18.207600
10.628800
26.258500
26.105100
29.407600
27.031500
44.051900
41.363600
21.764100
24.646200
24.052400
11.138300
12.675900
9.589480
28.883200
42.691900
37.422200
27.832200
31.440000
42.888400
43.842400
35.882500
9.016020
9.684510
8.195300
9.268810
21.019600
37.613800
44.240000
29.536000
35.962000
32.659800
23.387400
40.923600
26.855200
33.907600
22.874900
36.468600
31.518300
43.641000
26.485100
40.435600
44.060700
40.359600
40.403700
17.084100
8.621450
39.470100
32.669400
40.124300
37.946000
32.959500
12.482700
6.466010
10.594100
34.325300
24.806800
29.066800
29.470900
39.674700
36.358700
22.032400
8.949900
8.384940
22.901800
27.959500
36.591200
42.468900
34.227600
25.197000
17.762200
22.893500
15.492100
11.856000
29.968700
28.591300
35.352100
42.437100
40.586400
34.277000
37.031400
25.315800
21.912200
22.127000
40.273500
30.262200
39.729700
33.250200
13.253600
32.619100
22.267300
9.827910
42.042300
37.207900
32.653300
43.770900
41.462500
39.005400
23.323100
35.253000
33.127500
11.883900
23.117800
24.712400
28.899600
33.479000
26.511900
15.432200
7.801290
11.157300
31.753900
6.753120
9.990040
16.354400
22.131500
27.007100
34.808300
34.466000
19.334000
15.977700
10.002800
42.835300
42.323300
41.921100
33.560400
34.623500
38.751300
40.462200
35.136700
24.836400
17.112100
15.895300
10.109900
11.364300
28.473600
38.005800
27.274600
16.040500
5.845840
23.863000
9.655560
15.764400
19.040700
14.618800
19.522200
13.543200
6.844270
10.705200
9.226020
23.549000
24.788000
18.038900
21.284500
6.177950
12.037500
31.427300
15.258400
14.824400
30.350500
34.656900
30.089700
9.061340
20.252000
12.344800
14.423600
6.024640
27.909000
35.914400
20.956500
8.815220
38.702400
28.145500
19.822800
8.994100
23.632400
31.850500
22.863000
6.201930
10.776600
6.853470
27.041700
19.359700
10.715100
21.645700
5.850010
8.678140
16.053900
7.652350
7.521730
19.738600
18.924800
11.625200
8.261910
8.200480
25.550700
38.974300
42.273800
24.808700
27.121000
18.995400
16.765700
28.528100
43.331300
27.489700
16.353700
25.635100
19.318600
13.433800
15.949400
21.189000
31.502100
16.050700
38.688400
29.204500
28.843100
35.810800
21.267700
26.831300
44.274600
16.422400
40.402700
38.934300
42.808600
38.874200
37.900400
8.639420
19.984200
25.671700
7.049620
9.352890
32.199100
15.610200
6.803330
19.077700
11.124200
18.789900
43.490800
32.377100
31.049800
27.636100
32.697100
29.090300
42.765500
24.473000
25.749000
7.889500
18.873700
5.983460
18.496200
26.876500
14.553500
23.764700
25.497200
12.889800
34.576800
35.230300
35.146000
7.524790
7.648920
42.983000
36.659800
28.034200
18.588200
16.689700
9.088780
6.259270
12.196900
43.888400
30.030200
39.068000
21.795000
28.748800
26.667200
7.710070
29.036700
30.104800
27.399700
23.122800
37.576400
39.707000
37.615800
26.443200
16.259000
13.375200
9.962180
17.066800
34.176700
20.025800
7.049280
9.574290
10.526800
10.983200
35.576500
43.081900
35.770100
42.943900
30.099500
37.395400
36.876200
31.852300
9.324300
15.543300
6.600760
8.700120
22.483900
17.140900
12.244500
11.713700
21.636500
7.442980
19.024100
23.144400
16.272400
19.454500
30.435500
27.774700
24.634700
8.749140
11.393600
18.668500
18.542500
14.536700
21.067600
9.372230
21.383000
34.662400
25.543300
44.296200
38.401200
34.835100
31.893900
23.402400
17.861100
19.108000
11.800700
8.148710
8.501730
10.540200
9.313320
6.246890
9.773920
6.115550
36.694500
43.172500
35.086500
40.255400
36.841200
33.653300
10.111900
17.719500
26.005700
5.950440
8.017020
21.700700
20.031100
33.305600
44.023100
38.060000
8.201750
7.907810
12.903200
33.787600
36.718300
15.525900
26.533300
17.606800
24.068400
41.690600
38.095100
28.019200
41.125800
41.616600
36.911900
40.279700
27.365800
10.811300
23.876100
21.415700
22.532600
12.680000
21.261800
24.276100
36.668300
38.499100
32.990400
31.068700
42.166800
37.709500
42.849400
39.430600
31.323600
17.480400
12.336400
19.594900
11.781900
13.603300
27.606600
10.345700
19.494700
11.676600
19.665400
31.671600
40.281300
40.596600
42.803000
33.990300
30.590700
41.114700
42.924900
24.255000
6.365510
11.336200
7.101290
26.057400
15.888800
31.210100
32.398300
44.078100
27.913300
44.333000
44.145300
33.645900
33.078900
23.606300
14.602200
11.737300
11.637100
40.106800
37.908800
35.715400
29.212800
35.992200
27.295000
9.546000
8.605050
22.143700
22.584800
43.391900
41.971400
37.675500
36.937300
20.021100
11.893500
10.149000
19.470400
31.580200
40.303000
35.873400
22.024300
25.683100
20.111800
11.418800
31.855200
17.814300
43.930600
23.663000
18.464900
14.176400
20.768900
32.337700
30.980600
35.901100
19.826300
18.158700
40.573700
21.289000
21.418600
18.970100
17.926900
10.018000
19.910200
11.360600
19.525200
24.261900
34.933400
41.002100
38.322400
44.255400
18.655800
31.539300
26.066100
10.390400
24.265600
6.911620
9.271330
18.408400
6.292230
29.764500
39.273000
31.185000
10.960900
22.266200
27.266800
37.418600
44.065000
42.465600
31.763200
43.436300
32.792100
8.452570
18.212500
28.938200
29.492700
43.617700
11.519600
20.493700
37.182700
25.295900
20.791800
37.697200
41.069800
36.845600
44.164600
23.891800
31.306100
44.309500
21.381800
21.780900
10.434800
13.715200
17.429300
25.401500
28.003000
9.736360
11.232000
16.426700
9.452780
21.162900
39.743500
38.612700
42.539500
20.584300
41.039300
39.119900
21.323500
12.514000
21.786500
43.485100
31.426700
40.623800
39.895500
22.781500
39.775700
40.004800
34.867000
36.944100
24.550600
8.067730
7.997810
26.162100
34.977000
13.919100
21.072400
42.955800
29.799700
26.390300
20.801400
32.248500
7.710280
16.383500
20.348200
24.742900
38.854500
33.633600
35.272700
42.650500
40.736200
17.325400
16.348300
13.084000
8.677260
15.506200
34.986900
36.029100
25.184900
16.178500
30.924500
14.873000
25.801200
26.100500
35.443400
25.745100
31.338200
36.748000
37.411000
36.812900
27.783100
17.389800
32.691400
43.947300
37.616100
15.542800
14.345200
17.524800
21.119500
23.541500
21.792200
31.913200
14.815100
24.753500
42.086900
37.713500
41.146000
41.324700
40.885900
43.051000
39.258700
43.528000
39.141400
42.503700
35.326800
44.133300
35.004200
40.711000
42.386900
37.575300
29.092900
34.960600
41.457400
40.710500
32.075700
37.612600
28.133700
40.051200
27.925700
30.581900
18.141600
13.166200
30.619900
19.773500
15.965900
35.792200
27.610400
28.823500
29.434300
42.812400
36.180700
30.704200
32.660800
24.342800
41.325900
16.917700
44.197600
34.799100
28.286200
11.859000
6.626640
20.393600
10.814100
25.353700
24.459000
8.660250
14.423200
17.563000
8.911440
42.694900
42.194000
30.646400
27.824700
18.345600
12.954000
15.188600
33.263800
30.893800
18.528900
21.987800
43.792700
41.482500
29.666600
19.382900
14.110200
29.354600
37.664300
41.915900
35.034700
6.390740
12.724600
6.923920
14.742500
14.901100
12.810400
27.142400
19.223500
29.977400
37.260900
38.205300
33.950600
41.472600
32.299900
39.613000
27.003700
13.000400
10.962700
6.084610
39.544600
42.232800
27.949800
18.069200
13.756200
13.847900
15.646200
21.147800
37.723700
27.462300
28.141900
28.632000
18.760800
8.428740
15.989100
42.564900
38.928400
27.596500
22.933700
24.634700
10.637700
11.786300
28.411100
33.582400
35.469100
38.938900
36.775800
41.324900
23.847100
35.783400
23.783100
26.193300
43.656200
42.561400
40.520100
38.712300
36.738500
32.865000
35.299500
33.805300
34.565800
18.336700
5.890580
7.119590
38.637400
37.609600
38.095100
42.826200
36.672400
24.541700
11.202800
37.313500
39.604700
26.293300
33.612200
36.652100
16.286200
25.366200
13.232800
10.787800
7.175530
8.429740
29.913700
19.520600
24.607400
44.284300
37.199100
24.929600
36.699200
28.776700
37.747900
14.372900
6.587140
23.803900
41.190400
24.826300
8.386890
7.663830
17.716200
22.141700
12.284900
9.244380
16.805700
15.657700
28.137500
5.900940
10.662300
21.336200
21.136000
20.010600
16.408400
23.648200
9.256940
13.513000
17.605200
21.839400
23.518700
27.037700
28.504000
29.643200
41.969500
42.923100
32.345600
14.490900
8.668950
15.316800
25.086900
37.613800
39.291100
31.361800
32.651300
14.940300
14.332400
41.491300
43.129300
16.715100
6.409630
13.035700
19.646000
10.938900
7.999750
8.452140
16.896900
10.444000
6.547660
15.570400
12.551100
42.598400
39.562900
28.237000
16.809600
38.751100
33.233700
13.113100
12.105000
16.891400
33.143200
36.943300
39.146000
40.097500
25.203500
32.867000
30.314800
19.346500
26.202500
37.972600
17.364900
16.781800
17.977000
14.703400
19.226200
21.865500
13.803500
22.464600
12.866000
22.066500
22.706300
27.255000
24.375000
21.622700
35.496700
38.090100
31.501400
22.658700
11.424300
17.733900
25.638800
14.836900
17.022400
26.779800
39.751800
39.431600
28.214400
6.629030
8.332020
11.752900
15.313200
9.416730
27.688900
20.634700
14.245900
16.648500
9.556820
22.905000
10.684700
11.830000
9.202870
21.765400
40.384800
28.016000
23.581100
22.162300
21.110900
8.231650
6.615000
10.070600
6.030390
18.144600
25.190200
27.189200
22.114200
10.992700
17.825000
14.337000
9.774900
25.151400
32.302800
13.058200
18.505500
13.280200
9.103100
7.053140
16.068100
14.207200
5.893360
35.204700
33.353100
30.587000
39.392500
15.218600
31.156800
25.197100
15.768200
19.547400
29.599200
23.613300
21.684600
8.137010
30.713500
29.151800
41.166900
35.262200
35.706800
41.204600
41.953600
32.347600
17.043800
24.152000
29.925300
27.763300
36.736400
33.770300
23.423400
27.367300
14.114700
13.434600
21.971300
21.146400
12.418300
14.968400
10.802500
30.222100
33.629900
32.358200
40.446900
25.529200
8.625820
19.480800
13.830400
17.777200
24.417000
32.670700
11.084400
18.439200
7.819910
28.428200
19.604100
39.817900
40.873500
23.797200
24.116400
43.156100
12.021200
23.019800
21.727900
35.310100
6.785520
33.476600
38.182900
33.475200
37.035600
35.616800
30.658300
8.752180
22.266800
28.147700
7.662110
35.323100
28.094500
29.261600
32.680500
36.323600
18.453500
14.404200
31.384700
43.375900
20.841200
14.866300
8.207990
26.234200
22.055200
31.282900
17.382300
15.530600
15.873800
8.868690
15.608000
14.909200
19.875400
16.579600
12.142700
16.697500
9.621550
27.903000
32.287100
37.930000
27.623500
9.374400
10.251500
21.497900
37.181100
28.050900
43.977100
27.998200
37.469400
38.319600
29.290200
17.845600
15.928400
19.087000
17.803000
33.760300
35.218800
24.512200
25.427400
29.191800
12.704200
6.858530
20.024100
6.621350
12.573600
7.479130
8.880410
40.501100
31.126000
31.511400
15.813100
14.283600
12.364600
22.286600
13.254800
9.478860
7.502140
9.408540
27.379200
28.395300
30.293500
23.705200
7.260380
11.482900
8.706330
15.044800
21.238700
13.930000
15.034500
35.846800
40.115900
38.728600
28.981300
41.772300
17.819500
32.476000
37.397200
23.247700
14.791000
11.208600
14.682400
39.355900
14.138500
40.365200
29.971200
12.978000
15.528400
14.246600
37.800300
35.303300
27.728500
22.284500
16.648800
6.522380
14.186500
6.591930
13.964300
25.640700
14.258400
19.361600
24.581400
25.636900
40.676100
23.684700
42.409500
41.118400
40.245100
40.854800
39.496400
39.152300
40.208400
41.382800
43.971800
41.961100
33.398900
33.046300
32.223800
19.767300
11.323700
34.928400
36.564700
15.896700
23.166800
7.083270
7.581820
24.125900
33.579800
42.409600
41.414600
21.931200
17.830000
8.833460
8.365680
30.465900
14.971900
31.582100
40.664000
23.227500
37.453000
40.952400
32.925800
27.030400
19.404200
37.199200
16.551900
31.251300
30.399100
37.080400
21.411200
39.075900
42.485100
39.963900
41.855300
32.138900
8.961990
16.187100
24.995400
28.890100
38.744900
20.996800
37.465800
21.578100
6.768970
27.734000
26.101300
38.462800
30.555400
26.676800
27.374400
30.307300
26.372700
24.921500
7.485090
22.716100
10.464300
12.314100
40.024200
32.613600
33.907600
20.668600
14.193600
36.891700
44.048600
39.153600
27.450200
23.533400
11.618400
9.760020
31.113800
25.985900
23.454600
30.119400
36.717600
16.951000
41.303300
39.408200
33.599400
13.885700
9.436650
8.734190
31.343900
6.863240
7.097530
15.669300
26.132400
20.337400
41.133200
26.976700
26.714100
31.640200
9.092440
32.018600
40.955000
22.564800
33.429300
38.378300
41.718600
44.123700
42.415000
43.841800
37.150200
27.497400
35.838100
31.695900
38.502200
32.853700
38.962800
26.975400
25.947500
25.131100
10.154600
38.502100
27.956200
31.917600
20.446000
7.370490
32.408900
39.017700
40.421200
31.962100
23.613100
24.302100
39.948400
27.748500
24.484900
19.869300
8.551310
9.309660
31.598200
42.991300
19.720500
10.305200
13.572400
13.241200
14.611900
42.180200
33.715800
19.655300
9.482590
32.150100
42.504600
36.953800
14.602600
10.315700
18.305200
13.733900
6.411370
7.750770
6.753310
26.571500
40.889700
43.255200
39.603200
44.237900
39.445500
34.924300
26.546000
7.452980
10.400300
35.487900
42.612800
24.753100
17.604800
22.042100
33.031500
20.824200
25.153300
35.171000
44.028300
29.820800
7.704870
19.224500
43.485400
11.760200
12.433600
12.271600
20.356000
7.265680
11.575500
23.234300
8.812270
18.641600
33.369400
22.358900
35.295300
29.916100
37.282500
37.833700
18.787200
12.995000
21.635100
14.301500
19.494700
26.637300
33.944200
29.619600
44.027100
32.011500
8.022160
8.975610
27.131900
14.690100
30.300700
27.667100
25.734700
35.687500
40.594800
38.992900
37.743600
33.379200
44.153400
37.613400
42.614100
44.312800
30.290500
43.008700
24.037300
35.499000
23.689500
21.331100
23.030600
13.497300
13.362100
40.372100
33.236000
39.245200
26.759300
22.095600
30.245500
12.637700
21.036500
17.192500
17.805600
22.244400
18.015700
12.050300
29.971600
40.065100
25.580400
34.767500
28.295900
9.633000
9.397880
6.866860
18.452200
36.193100
22.272300
10.203700
10.359300
13.783600
14.329400
12.702500
10.851600
13.202100
20.280100
7.800750
11.265000
8.269330
18.137300
24.584800
23.961000
26.497100
31.974400
36.769700
44.029900
28.932800
21.514400
8.138830
12.580000
25.750800
33.021100
30.264500
40.436600
44.186600
27.566500
41.660800
19.001200
23.348000
20.833200
15.011400
26.938500
18.985700
11.134800
14.893900
9.292950
18.557700
12.259100
14.948400
36.479600
41.116000
18.485600
14.633700
12.546300
13.441100
11.311700
33.623000
33.453600
15.799800
20.160100
15.475800
8.073080
14.211100
19.360000
7.185280
14.601500
14.940400
22.983500
30.600300
10.425100
10.416200
16.391800
11.095500
13.058700
18.925900
22.618600
17.118600
11.772900
8.159200
10.802900
16.394600
12.470200
22.693700
14.323000
10.742400
9.929470
22.485700
11.961500
6.238330
12.167600
13.239000
26.912800
22.437600
10.654400
16.423300
43.932500
41.224600
35.652400
23.901200
17.114900
17.389900
26.419900
13.966800
24.606400
16.736500
22.164800
14.418500
10.813000
21.776700
9.509180
19.699900
10.711000
12.521600
25.649200
31.071000
18.501400
41.775200
29.904500
37.138400
37.523100
28.671200
21.751100
13.078500
12.482500
12.248800
21.082600
18.644500
30.266800
39.295300
13.427300
11.684000
26.486000
31.058800
17.319300
25.272300
25.916400
22.535900
12.159500
14.524900
11.401100
7.591620
6.616380
35.644300
23.995700
24.618900
18.804400
19.579600
19.143500
23.549200
31.485800
17.281800
7.799480
11.294700
9.739930
17.923600
17.236600
30.414300
25.015400
36.032400
44.393000
26.912500
33.250900
41.376500
38.421600
26.932500
30.996100
35.740100
31.121600
38.125700
37.295600
37.290900
23.237900
20.927400
25.258800
21.287500
11.758800
7.248300
11.205600
12.935500
26.287900
28.858500
40.795900
40.435200
37.962500
40.431300
41.883900
28.492700
7.946760
14.680500
29.140400
18.475200
11.410400
17.077800
28.091200
11.978800
29.856700
25.982700
14.428700
18.198500
39.896200
43.917600
36.041700
26.911700
17.262300
22.395500
22.812100
7.837860
22.820100
23.193900
26.212700
21.943400
14.539600
17.037800
23.124100
15.845400
20.275600
32.554600
21.764500
6.262400
10.984400
29.413100
29.932800
32.616700
33.309300
24.050900
20.610100
42.054800
42.628900
30.760200
41.789700
40.174500
40.356900
22.385000
12.836700
10.502100
30.116600
30.502100
15.903100
26.179500
27.482400
16.771600
6.414390
8.410440
12.280200
25.958700
23.682500
39.342300
29.704400
31.221000
23.911800
36.418600
30.666600
10.352100
16.566300
44.153500
17.454600
13.263300
18.193900
6.484580
7.514700
8.564670
10.279900
10.396000
20.340900
20.406300
23.231700
42.863100
34.453800
39.015800
39.302900
43.364000
40.901200
33.376600
12.684000
6.294500
14.380200
15.825400
32.917300
21.834300
18.253000
13.375300
8.996110
10.992300
14.873400
11.610000
28.114100
33.076400
43.488200
26.707600
23.424800
40.608900
36.301200
36.288100
36.561700
16.250600
32.130100
33.635800
39.767000
27.914600
38.929500
27.486700
16.761700
24.937800
28.695600
40.545100
37.533700
40.889500
32.817300
17.648200
38.639300
41.681300
25.243200
19.641100
8.420360
13.339900
9.191770
23.985700
20.025800
42.537900
33.250800
35.449900
40.319200
21.836700
36.822900
35.249400
30.353200
42.165800
38.537900
40.604100
35.855600
28.457600
6.059330
10.354400
8.068560
12.475500
9.656840
10.242200
11.252800
44.301100
38.685900
14.784800
17.811300
17.773500
23.292100
19.509900
9.372940
18.582100
12.607100
17.131700
20.361900
9.231640
12.297800
28.426400
33.492900
33.093200
42.432900
33.014000
36.009100
36.501200
32.511200
23.936700
22.434600
19.911700
9.911790
13.911100
34.097100
19.100600
9.921130
24.734000
11.014300
8.695790
19.742400
12.636100
8.369170
37.897300
30.255400
32.853500
42.167500
39.434300
12.612300
23.391700
33.314100
27.596900
37.065100
44.185500
43.617400
44.214500
42.150500
33.997600
22.187100
31.235100
41.154300
23.207900
24.809900
23.350200
18.220900
8.472000
18.557600
22.679300
19.905200
18.257100
23.281000
25.381200
10.358300
32.959200
29.201500
41.007500
37.692600
33.734600
37.477200
38.092800
21.699900
18.656600
22.944600
25.642500
9.959150
6.760960
15.785700
30.453300
17.688800
6.395470
8.444510
30.016300
14.939800
22.012600
32.210400
25.197400
22.111400
17.278600
16.091900
12.435000
39.324600
40.871700
21.891700
26.665400
25.552900
42.512300
24.298700
35.528800
38.439900
39.621100
29.544500
8.684790
24.749900
8.897000
21.760800
12.067500
19.482800
19.089300
20.083400
30.344200
33.244300
33.022800
34.275500
40.976300
38.572100
37.444600
20.177800
38.299300
35.061600
37.425100
36.833400
38.108000
35.273700
11.953400
28.405200
31.653900
23.420500
27.423900
36.620200
29.810900
42.720400
35.510700
35.443600
26.475200
38.146000
15.880900
9.503870
13.660000
22.011400
32.462100
38.983200
40.367500
37.833700
37.327400
38.080800
20.933600
25.051500
34.630900
25.992000
25.949200
36.793400
31.367800
24.970400
22.247200
10.747400
19.719100
34.130500
14.259600
35.557900
40.102700
34.846700
26.273300
23.418600
6.908140
7.265940
9.479470
11.941600
8.702930
11.077100
6.216270
10.496900
27.534100
25.421000
13.551900
32.925300
28.231000
12.105800
5.933230
8.858630
19.507100
18.796300
12.243600
22.304700
28.358800
37.494700
41.134100
26.505000
43.055000
31.107600
15.761900
10.441200
12.606000
24.682400
12.346700
15.630600
28.723600
27.283100
21.666200
31.882700
30.903500
33.468200
22.308800
28.453800
39.091600
33.764900
27.358800
41.256300
42.543800
20.852000
30.830900
26.769900
25.211300
28.824900
27.265300
18.338000
8.723410
16.356000
19.232300
15.444400
35.232500
35.434000
15.300200
29.832400
16.415000
36.362100
37.072500
25.808200
11.036300
10.256800
6.492710
12.697300
24.673100
10.225000
14.634300
7.992670
12.101600
16.172700
12.946400
9.960590
7.048310
17.910700
22.513700
29.233900
19.161800
11.429800
19.574900
12.359300
6.273450
6.525560
20.020800
10.185100
7.019430
13.398900
29.981300
8.710990
23.359000
22.233000
37.143800
43.707000
35.058100
35.684000
23.885800
13.944500
12.199500
21.205000
15.239600
8.753430
21.600000
38.304300
17.303100
11.720300
9.919340
8.533980
24.709300
29.904400
17.647700
21.847600
24.152700
8.996160
12.271300
10.671800
10.591100
9.213770
6.914080
24.749500
34.361400
26.672500
17.038900
7.451490
12.092900
26.876400
34.949600
36.143500
29.787000
41.316400
30.123400
24.029000
22.733400
18.481300
33.939800
37.875100
31.235900
12.216200
17.924600
13.953200
9.331760
28.388200
27.172700
33.304900
29.013400
32.597200
33.205000
25.111700
25.445900
9.532390
13.453600
35.281900
18.113400
17.434700
26.518400
26.132700
40.848700
37.081000
40.875200
35.388900
35.098500
21.057700
29.777500
34.810300
29.065100
24.753600
9.970790
22.557900
42.727100
35.982100
28.179200
11.894000
29.582700
19.320800
8.888780
35.973600
36.653300
44.015000
42.073300
23.099900
32.874200
20.457100
20.027800
20.740800
12.341900
38.204500
24.689100
25.595800
16.594900
29.463300
10.673500
19.126300
31.566600
34.556300
36.354100
33.522900
31.223500
14.612500
36.217700
21.641900
27.174100
38.648300
43.856700
43.064100
25.564500
34.124400
30.747100
33.478400
31.591300
31.563900
16.885600
10.143200
14.459600
18.081000
19.833900
6.547000
28.426200
16.813400
8.663220
11.998600
9.063760
20.867700
18.317900
11.094600
23.591300
8.454700
12.779900
37.997400
36.606000
27.510400
17.387600
9.862910
6.854960
11.349000
8.902400
19.173700
36.793500
37.145200
39.370400
29.155200
35.348100
40.925700
12.803100
7.446540
20.396800
19.558100
29.257900
24.895300
30.974500
40.860400
35.473400
33.088200
42.848900
25.736000
17.317600
8.918570
16.949400
17.642800
28.862600
15.609300
30.448100
35.518500
29.023400
35.443600
21.340400
37.528400
34.351700
5.843200
19.454600
13.078600
6.420340
14.547200
19.756700
37.597600
32.013900
33.925000
34.573000
42.733600
41.905700
18.162600
41.964500
26.170000
41.463400
27.235700
11.687000
15.593300
8.262410
22.704900
6.890890
18.816400
6.167880
16.032800
18.458100
13.949200
10.936000
12.443900
15.642800
22.205800
39.001000
32.054000
43.825800
23.924900
12.939800
20.990600
11.048500
17.898900
23.443400
38.837000
35.900900
30.666900
14.627000
30.688200
38.814200
41.298600
37.055100
36.228500
19.226900
7.598620
24.428300
44.322600
24.695800
22.449500
26.503200
8.235660
20.898300
35.965400
34.304600
39.884200
35.893500
10.973500
29.002700
42.725400
40.002000
24.860900
27.706100
19.989000
20.405600
14.009800
43.291100
36.920000
33.943600
39.462500
26.588500
41.466700
27.388700
29.861100
31.363300
33.656200
43.105400
38.723300
40.561300
37.653700
44.232300
39.535000
21.336700
25.674700
9.401820
7.404500
34.125400
30.617200
22.077000
8.344710
6.020770
9.219220
9.612630
15.801400
32.136000
28.335500
35.343500
39.053000
40.005900
39.902700
18.793600
7.394190
9.811150
11.218100
8.606050
6.478820
36.361600
12.313100
12.772100
37.480200
41.550400
38.215100
43.099400
32.291700
39.355800
15.139000
20.235700
21.413400
29.556700
39.735800
9.845630
12.295000
19.149200
30.948900
32.431400
42.146900
26.634700
39.062100
42.175100
16.769300
7.947460
8.306730
22.612500
24.435100
28.642600
11.580900
14.460900
11.725400
8.844020
25.091800
10.644500
17.238100
19.991000
10.557400
17.654300
38.868800
28.064800
41.198500
41.035000
27.478000
40.299200
34.988700
41.945100
12.940600
15.649300
8.061950
9.258210
13.507200
14.039300
10.872300
27.315900
26.276900
31.268200
31.428700
40.040300
40.092600
27.419800
23.740600
28.132100
10.981000
15.670900
15.638900
17.793300
24.931100
35.366400
13.454600
10.687500
28.976000
32.476500
18.990200
33.673600
37.221200
25.736000
13.718700
24.416200
6.534200
38.994300
40.591700
18.048100
15.244300
41.237200
27.095200
10.736100
8.255100
6.818900
23.376000
37.015200
36.845600
32.111300
42.959100
41.404900
18.472900
24.439000
34.529500
31.415000
24.611700
41.566500
41.374200
36.402700
30.195900
34.022800
23.052100
23.949200
24.935500
10.176800
21.004900
17.052100
11.940300
9.111780
20.120100
14.956900
41.441200
20.630800
33.054200
25.387400
42.844100
30.360000
33.733300
36.189100
43.942600
25.893400
40.488900
34.591500
34.397500
10.310200
17.850400
22.004600
29.615400
26.426400
42.076800
29.524800
29.997300
25.883200
21.367100
19.400100
9.434070
25.961400
20.510500
18.004300
7.958830
33.050800
23.447400
29.432200
31.781600
29.072500
21.056300
17.606100
26.024900
33.234400
40.177800
34.157000
28.579800
20.255800
24.371800
26.749000
38.820500
36.039600
32.554100
37.330800
18.810600
43.537700
38.108500
41.807400
27.628800
17.138300
34.436400
30.383000
38.232300
25.525600
19.393700
10.746000
21.224300
22.408000
32.602500
33.752400
15.807500
37.117800
43.109000
37.903700
38.400200
30.328200
16.241900
42.694500
31.818200
19.921300
5.903790
9.121970
9.332830
31.973300
36.117900
22.512700
22.695700
10.855000
23.622400
23.082100
24.779800
21.458600
17.774700
35.811300
23.842900
39.271000
43.788400
36.163000
13.827200
7.216150
18.632600
41.764600
39.776400
38.546500
35.879100
43.929200
19.802500
20.518100
22.930700
33.193900
33.681200
35.960200
20.317200
23.707000
38.327500
29.316100
36.419900
32.332000
18.120700
8.278140
10.204200
23.047700
27.165800
8.013630
39.683000
36.875000
37.211900
25.622200
27.094700
44.034700
29.046100
40.979300
16.091100
12.344600
11.467900
8.368950
20.094300
14.017700
14.761000
15.193500
34.922700
42.974500
30.145700
16.027100
31.262800
39.541100
43.635800
27.091000
22.150700
24.439100
11.124000
18.798100
16.719200
20.982100
20.283900
19.300900
9.140890
23.065400
21.320500
25.348500
7.990070
6.984200
19.720200
9.333830
23.400000
32.933100
43.326000
39.524600
32.731900
36.069300
22.934000
22.572100
23.226700
41.108200
31.848200
38.676100
37.259500
29.605600
42.062600
42.632000
41.325600
37.737200
18.946700
6.592840
9.069460
7.774060
11.504400
13.182000
17.761300
16.306300
5.718710
16.076200
21.533500
19.607000
22.143600
23.177200
22.974800
13.653800
22.368300
16.356000
7.432050
27.835500
34.734600
31.108500
34.970900
41.701800
21.525100
39.153900
33.158400
25.844800
42.081000
42.419300
40.654600
43.501300
44.278100
29.172600
42.496300
41.418400
36.088200
41.716100
36.866200
33.703700
35.819000
25.123100
16.712800
19.530100
38.324600
29.745500
21.070200
30.607700
35.201500
39.039700
23.652600
39.806100
41.139300
24.849800
41.668800
43.988200
32.034700
12.758200
6.028890
7.899350
14.542300
24.543300
38.397100
37.056400
14.773900
15.807500
19.422200
15.162600
5.885510
6.078210
32.444400
30.358300
23.223300
14.833900
9.614320
17.293200
18.225000
37.897600
30.598500
41.579900
41.531900
29.989000
9.733640
6.861110
29.909500
33.205700
39.654800
42.268200
15.059300
15.843000
21.233900
19.833900
41.493900
37.466400
39.353200
21.782600
38.805500
25.497100
31.854100
39.061400
41.971300
34.534400
32.648300
43.127800
37.475600
30.937800
26.009000
41.437300
39.386500
25.160800
40.663700
32.913700
26.243300
10.107900
33.087500
29.518000
30.755000
29.845900
25.550100
33.991600
19.561900
13.864300
8.799410
29.990900
33.079900
17.659800
12.982900
31.818000
10.407200
17.662500
8.644870
7.332700
28.388100
28.750400
34.512500
25.362100
16.134000
16.682500
6.786650
31.110100
40.457100
42.997000
37.993900
27.959900
23.154000
20.854800
40.809200
30.958900
38.224900
15.420100
20.637800
10.314500
28.408300
33.271200
32.699500
14.443300
29.725600
20.759400
36.507100
39.455500
22.007100
21.382800
14.555800
12.195400
19.487300
10.101100
6.256920
14.774700
11.994700
13.491300
15.473200
14.621000
21.591300
18.512100
9.213310
24.269200
6.833710
20.082900
27.500200
41.618500
38.423600
29.687400
29.459200
20.272200
34.814900
21.024400
23.213400
22.707500
27.815900
35.633500
24.282300
25.560500
28.797600
10.519300
23.475800
7.446730
16.592900
28.205100
14.278300
23.926700
35.434100
40.200200
38.937200
25.804800
8.326240
39.263800
39.996300
30.833700
22.530200
14.642300
6.500760
11.772700
18.991400
11.245600
25.553900
14.162600
10.211600
14.335300
37.395600
34.674800
15.450700
41.201200
31.021600
31.606800
28.692400
31.785400
43.308200
20.150600
24.395400
32.406800
26.288500
29.461200
17.454000
13.324100
17.464600
23.170600
35.891400
43.110700
35.684500
44.173200
11.703500
18.220500
21.451800
20.003300
19.656500
43.304900
39.898600
24.301500
29.999200
10.705600
19.240900
25.616200
23.692300
26.242400
29.111600
15.811800
28.226400
8.016280
8.708380
15.850000
37.640300
31.166700
36.011300
33.997200
37.045700
32.483900
20.604400
20.694100
23.253900
40.002200
41.563900
42.474000
29.292200
44.030100
38.048200
43.637700
41.476500
35.040400
34.917800
39.174300
38.602300
37.726400
36.922700
15.403500
17.517000
37.364000
31.824700
6.301450
8.370860
9.484370
10.239700
25.081700
14.253600
10.179100
9.941970
26.977700
20.478600
17.957600
42.709500
35.642400
8.171830
10.010200
6.453750
13.214200
20.102800
21.648200
25.982600
20.841900
19.000500
11.291700
21.265600
18.257900
13.464100
7.368340
25.807100
29.985300
36.653200
35.554500
42.025700
24.197300
34.495300
27.644100
12.561900
42.196400
30.864400
41.569400
33.656500
40.958400
35.670500
22.066900
9.804710
14.352300
9.441330
24.800400
23.958400
23.275200
13.861900
15.528100
9.314490
20.208000
25.718200
22.727900
28.990400
34.987400
33.161100
43.204400
41.646500
42.532600
41.668200
42.554700
43.097100
19.259700
32.025600
26.798000
22.998800
37.974200
24.618400
24.414500
39.347100
30.521000
9.729840
13.010900
12.376500
12.947900
9.792240
10.820400
18.120500
11.525600
21.537200
8.922410
8.378590
6.368150
8.785450
8.856790
14.375500
16.332800
31.599500
29.649400
36.284700
35.854700
27.522300
21.391900
8.362720
21.550300
25.155600
13.655400
11.152000
15.847700
28.650200
14.291700
26.574100
11.284800
22.704600
30.758800
41.283200
40.350800
37.053100
39.480000
7.375240
7.372670
6.565880
6.292660
6.425000
15.393400
29.203600
19.159400
24.381200
35.856300
22.936700
13.594000
17.177200
12.403900
13.602000
9.713640
9.325570
18.055700
13.834100
17.345400
25.022600
21.238000
14.019100
18.732400
7.857550
27.091800
19.137800
11.508100
18.492700
35.367700
10.277300
38.690300
8.768540
13.368900
26.558200
18.918200
30.388900
32.106900
17.353200
9.408990
21.976900
10.632500
9.042910
26.194800
28.769300
41.845300
34.122400
28.671300
34.208000
10.389800
13.763700
6.773930
14.712900
37.310600
34.067100
27.541700
35.973100
27.033300
21.466800
39.000700
42.829000
28.241300
43.657100
25.744900
34.187900
43.650700
24.227500
18.124900
7.451640
6.264350
9.193270
30.485700
36.427200
20.643400
6.719590
7.594680
29.263900
32.175500
11.204600
33.785300
41.798400
39.966000
34.633200
34.565800
31.321100
26.320100
29.605000
40.397700
30.955800
25.925700
31.386300
37.870300
31.077000
35.834500
26.575800
34.505700
40.566700
43.394000
44.076700
39.442900
40.361900
19.075100
30.333400
38.770200
39.179600
41.820900
43.177500
42.349500
27.730800
35.561700
33.408500
31.181800
29.134700
27.397200
22.627200
18.795500
29.997000
15.633800
33.963400
34.790500
35.023500
33.310600
21.003400
25.873000
31.167800
17.934400
7.092270
23.407000
24.937200
24.821200
27.899400
42.290900
33.219700
35.779700
32.729900
24.594200
12.990200
12.661600
6.986630
16.992000
20.433100
32.302600
22.848800
31.211300
39.851100
32.681900
41.544300
40.554500
40.912000
15.234300
9.802470
21.027400
9.331110
16.016400
10.428000
20.395100
32.035700
44.210600
35.431400
19.304200
27.475100
15.063200
7.699620
19.693500
35.237800
17.408800
19.628800
27.820800
31.024800
39.195100
40.238400
31.466600
32.285900
33.932700
21.806600
42.485000
41.222100
12.578600
8.451650
15.236200
25.108200
41.787600
27.373500
27.777400
38.228000
17.080800
14.017800
32.758100
39.778600
29.117400
14.564400
17.010500
35.623800
42.022500
15.498400
23.165800
18.174900
40.503600
38.455000
33.473000
35.698100
15.833100
20.896700
11.647300
30.680000
43.112600
44.193200
36.575500
37.415000
22.752500
19.974100
12.272900
26.922000
32.448000
42.116100
41.071100
35.741100
37.119600
7.218400
7.999330
9.284490
15.201500
39.104700
41.046700
32.596800
13.140400
7.178700
11.145000
12.150300
14.635100
14.024000
35.047900
20.086100
36.266000
20.641700
19.752900
9.020920
7.659800
18.755100
6.731570
9.131620
10.706300
18.962400
34.410700
39.659600
19.315600
27.355100
31.152000
42.829600
23.527100
24.292600
22.328700
27.000700
19.263800
34.320800
16.848400
39.780600
43.723800
26.554100
28.456900
30.394500
36.956000
35.579400
43.041500
33.783900
28.865100
34.850700
26.210500
16.381200
23.299500
31.390600
29.147200
17.797600
43.630700
25.984800
9.927130
9.901510
32.005100
24.048400
26.384900
15.945300
19.377200
10.871900
36.874800
37.242000
31.074500
10.663500
14.668800
8.328510
10.673800
13.660000
7.048270
38.562700
41.289100
30.449100
37.886000
19.578100
13.560400
20.827500
22.802100
15.995300
12.807500
6.418390
38.361500
22.240400
32.587700
25.137800
35.444900
32.550900
24.031100
31.542600
36.178100
38.488700
29.967500
23.839900
22.566600
17.942400
16.720900
10.403700
20.323100
12.456100
9.129050
23.019200
18.565300
10.774500
8.734850
31.504300
33.284700
30.775100
22.560400
19.889200
16.848600
20.465800
22.627400
27.253300
36.986200
15.141500
20.285200
28.015400
26.688200
19.300200
8.677950
10.279000
9.860650
17.560800
9.764550
42.302500
32.315200
31.967300
39.376000
34.969400
40.410200
27.266000
6.571860
33.339000
43.401600
23.333900
14.344000
37.992500
24.457000
12.961200
6.652320
22.356700
29.587400
12.371800
19.411100
22.535600
42.106600
32.243100
35.342300
34.672100
18.158700
38.504700
39.719500
43.088400
27.882100
27.866100
26.957300
27.967000
23.222400
20.273000
7.974230
16.453600
34.381800
34.313200
44.106700
29.114500
39.209900
22.479400
21.766000
26.706900
24.229400
31.288000
26.772000
9.472530
16.579000
12.095200
27.289300
30.695300
42.283900
27.706700
42.315100
31.646900
7.559230
10.333300
12.041800
33.262900
38.579800
41.966500
29.063200
24.338800
8.959980
6.117020
16.594400
25.313300
8.296130
9.778320
19.744500
20.320400
13.869400
16.172700
7.181960
7.223290
13.043700
23.039900
22.222300
39.599500
40.496200
35.023200
22.194900
24.907900
15.662600
13.198700
26.968500
23.928300
20.325100
16.624900
11.794700
15.379400
10.275500
10.917600
12.252700
29.279600
34.110500
38.728800
37.719300
43.076500
28.314000
20.075000
9.467000
18.462800
38.149200
17.777400
6.348350
17.837100
10.973000
9.887340
13.848000
19.006900
19.258400
19.392400
43.561200
42.007800
34.759200
20.680400
24.583200
16.150100
16.187200
9.338470
19.971100
23.593000
28.190900
41.557100
41.648900
33.795300
12.794200
12.395200
26.963900
13.839200
24.439000
18.901500
16.285600
15.065600
22.868800
6.442690
6.115410
8.189820
11.890200
40.511900
39.777500
34.906000
28.913000
33.475700
25.744700
26.334400
11.708800
26.225300
37.411100
33.141300
42.728900
40.631600
33.029100
14.209200
24.306100
12.664800
19.898200
36.689500
9.989330
6.828830
26.716100
39.970100
27.738300
20.327100
39.437500
39.757100
30.519000
27.331000
31.815000
23.863400
11.516500
20.724400
28.812100
30.357500
22.284000
33.161200
33.884100
42.876400
39.660300
33.847200
33.268000
32.616300
41.957600
6.347140
10.232100
12.130400
12.591200
15.934400
21.217000
6.523610
8.066740
12.340300
31.265000
11.848400
15.222500
13.480900
14.998700
12.632400
32.326400
38.521300
34.704100
25.850100
35.875400
23.136700
23.100000
39.611800
24.387000
32.651400
41.009300
43.912800
42.534500
26.413800
34.267200
31.717700
36.152800
33.522500
44.123500
33.857800
43.003100
39.040200
39.643900
37.496700
24.647500
10.368600
27.803300
42.009100
35.600300
20.964500
24.295700
40.919600
37.703600
24.060600
36.136400
22.308500
9.577610
23.325100
31.705700
32.833800
38.795400
21.116700
29.872700
34.721500
27.270700
42.735400
36.858700
40.106500
40.366200
6.726440
18.318900
29.566600
37.796500
40.019900
43.439000
37.862400
29.323000
39.645900
27.034500
14.941700
22.692300
29.178200
15.010500
19.999000
36.366600
28.947400
8.910980
16.394200
8.182800
22.782900
23.320700
11.993400
28.510600
12.488900
9.833960
9.833960
