43.357600
23.959800
43.191900
31.873700
43.575800
26.445000
29.637200
25.806800
21.851800
29.866100
38.341400
14.992600
11.459500
24.045800
39.695900
30.665300
39.237200
40.942300
32.873700
36.958000
37.190100
38.972100
35.014600
6.502280
15.873600
21.996600
20.658200
6.223110
11.850900
6.123560
26.416700
12.624100
17.746300
15.412500
29.124100
26.700900
22.934000
34.606100
23.159100
20.576000
9.199150
21.134600
17.304900
25.851400
39.167600
25.996100
20.559000
18.071200
42.928600
41.186900
28.841600
7.801720
19.068500
10.873600
13.075400
29.936300
12.548400
9.863130
14.751400
25.478900
15.947400
31.021100
42.133600
32.641600
31.796900
11.714900
23.670800
14.089800
26.580300
29.261600
32.642400
19.880300
6.213330
19.489200
37.805600
40.167400
7.958350
12.444200
6.372360
25.016200
12.473400
17.115100
9.005750
19.860500
17.256500
25.890800
21.277700
24.040100
25.977400
16.998100
39.900000
38.373700
43.494800
38.652300
34.977600
33.602300
43.214100
40.641800
22.361200
26.260000
30.033200
43.802200
44.203200
29.979700
35.019800
32.328300
25.331600
23.058400
28.182900
20.192800
25.500400
34.057300
39.366000
37.268300
36.813200
38.496300
26.972300
34.305700
37.200600
35.963600
25.999000
15.756300
41.079300
42.307300
33.995200
44.206300
39.853000
22.194900
31.153500
20.306900
5.980500
12.089000
24.628300
39.622900
6.369040
22.879600
11.962700
21.852700
38.556300
31.491100
34.717800
30.609100
16.810600
26.787200
32.141700
38.519900
18.827300
13.678900
27.401700
31.661600
18.556600
19.039400
8.882770
20.177700
23.332800
29.950500
21.702200
37.454200
35.720900
23.093600
15.062900
7.844060
8.679180
30.343200
25.409300
16.671800
20.111300
9.636510
13.522800
13.872900
13.131900
30.243700
29.350300
43.235300
37.764400
37.322400
24.049000
35.340700
7.844530
9.916680
6.262970
26.566400
11.566300
20.133700
29.837700
21.456000
24.291500
40.856800
35.702100
38.550200
26.128800
23.508500
25.740200
26.052100
11.557000
25.290400
39.649100
25.688000
37.970400
42.632800
30.723300
21.212500
21.883000
42.899400
38.685200
30.085900
21.724100
25.304200
22.153200
18.165700
29.987300
38.402100
22.766900
10.194700
19.879000
43.005500
26.177700
36.995600
29.385800
36.443100
36.454000
28.430800
18.444400
19.299400
16.388600
26.343400
19.540000
16.265300
32.405500
33.637100
40.512100
37.507700
42.187600
27.252900
30.946500
11.281100
43.716100
13.863000
10.891800
8.371560
20.337200
10.903200
16.935400
19.948000
32.488100
17.695600
14.398400
12.423600
7.397680
24.775200
6.860380
31.869000
18.184500
27.214900
39.148800
33.323700
13.943000
14.774200
22.402500
15.586400
14.782300
6.866820
10.563000
15.001500
12.831500
8.413890
9.973490
19.765700
20.833300
7.126620
9.519520
11.927000
6.426110
41.678900
20.126500
32.134800
14.976800
23.717900
9.357850
23.468500
34.569100
37.693800
35.910300
35.032400
25.682100
32.100000
34.465400
33.623500
28.607500
24.995400
29.893000
33.144300
26.727300
23.074900
25.988200
37.098400
39.083400
33.103900
30.951900
38.086800
20.953200
33.394100
41.882000
42.081600
11.262800
8.006580
25.175700
22.743100
33.873900
30.055000
12.932500
6.383240
29.231500
22.060900
18.842600
20.228700
7.377000
8.657610
5.846390
21.396700
37.156400
33.802900
19.877400
10.271700
14.384800
13.767800
8.345510
8.922740
6.267860
19.719600
13.231800
7.472850
11.827500
27.728200
27.075200
36.819800
42.280800
43.627700
32.373100
32.768400
16.562500
11.417900
25.404400
14.125300
14.793000
16.668200
24.417700
9.031690
7.822200
7.528080
9.896370
17.041000
14.727200
25.683400
6.296750
14.398700
6.557190
6.007090
12.455000
10.404900
13.809700
18.538700
20.456200
18.609700
43.222000
39.202200
17.623700
24.022000
18.792300
7.446040
20.400000
13.982100
20.054800
23.006600
9.988810
6.968930
29.317200
17.710400
43.819600
26.996900
6.894480
16.447800
12.624400
25.533000
38.567600
42.577700
39.312200
18.751200
6.814370
14.818500
43.048300
43.326200
38.349700
30.034200
17.899400
17.709800
26.667600
41.339500
42.800700
32.814100
14.202800
9.226940
25.702000
32.858300
23.060600
19.250300
9.502800
13.896900
11.627900
9.896080
14.137600
19.859700
22.792400
40.551200
39.231400
27.990100
15.801200
31.662600
21.136500
38.828700
36.123700
16.780400
27.698900
32.578800
25.607400
10.216300
11.642000
22.601800
27.828100
17.508900
18.214000
8.049650
29.520200
16.683300
20.581300
21.019300
6.303880
8.075080
15.209000
17.901800
16.846400
21.098400
25.212900
18.758700
39.224500
27.965000
39.918000
36.043700
22.582600
21.219100
29.918800
29.309900
35.047100
22.351700
21.890700
12.998700
12.499900
11.471000
7.112080
22.059200
19.935500
32.457700
29.411000
16.906900
6.385210
23.244300
12.293800
23.424800
29.794700
26.797000
41.766300
39.853700
16.919500
7.489780
22.235100
38.410600
37.219900
35.009400
38.471600
26.079400
30.931500
43.169600
30.850100
19.819500
22.047800
25.912900
20.209600
6.105650
11.200300
28.196300
30.520900
42.330300
29.730100
29.097700
41.369400
27.248100
28.758700
42.802900
43.434600
37.295400
39.988100
41.710900
23.591700
38.084700
19.352800
11.798800
26.998700
27.010600
30.424100
33.649700
28.434200
30.022700
8.749690
15.115600
9.543800
14.022400
12.088000
6.457050
6.942170
14.181400
7.779030
17.213700
13.764900
25.295400
40.846700
41.798500
32.630100
40.482700
29.989000
41.714400
39.217100
37.047300
27.251700
31.406700
38.900100
38.891600
39.908900
42.958000
43.077700
32.511500
43.300400
26.700400
43.237300
37.446000
37.351500
31.029200
29.991200
23.496900
14.477800
10.815700
21.566200
43.014700
27.870600
27.167600
38.015100
30.215900
42.579500
36.118000
36.518300
9.062820
24.528600
15.223700
40.119700
38.580000
28.960000
14.198800
24.075200
24.089200
9.893100
36.208700
18.535800
21.793100
13.889500
34.737100
34.474300
41.494500
33.356500
39.592200
26.340800
35.436700
40.936000
41.464500
20.736900
6.304440
16.203700
34.634800
33.043200
34.122500
38.250700
16.696200
14.946200
33.249200
13.842800
9.054600
7.777660
12.847200
30.694800
27.601300
23.141400
23.314600
22.888800
12.195900
10.132300
6.366130
15.808500
22.797100
20.260300
6.484380
12.874900
21.960700
27.461400
31.376100
7.945300
19.724700
14.311900
24.951000
18.532200
18.969400
15.712100
12.895900
25.399600
15.921900
26.160400
10.839500
26.507600
7.893020
9.647680
29.707000
43.052400
28.171900
32.140300
37.014200
41.747700
34.065700
21.923600
20.423900
22.518100
8.211280
9.884520
22.601400
35.521000
32.499100
13.567700
34.261700
29.547700
37.771400
35.013700
39.663100
31.694000
23.103700
9.406190
19.888200
17.565900
40.043900
28.051400
21.815200
42.545100
41.623500
29.844800
6.098550
11.251800
21.634200
40.141400
31.376000
38.186100
43.823700
28.280900
19.672700
29.506900
16.226600
10.271000
31.518800
14.286600
21.287800
19.310000
28.417000
23.501200
33.094700
35.736900
40.124300
36.705600
11.543100
10.774400
41.397400
29.574600
38.176200
37.029300
20.102200
7.577920
16.061900
21.937800
10.980100
12.986500
24.146300
30.078900
44.140600
44.284600
6.660740
21.055200
18.239800
18.736100
10.885400
30.042700
11.383100
7.217520
34.130200
17.502900
17.951000
33.062500
35.103200
32.337400
34.254600
39.179500
20.733400
37.682600
37.576200
41.340100
23.038300
23.564000
26.591300
6.432130
9.420860
9.923100
6.863740
15.158500
18.043500
36.315500
34.327000
32.072200
28.610500
6.047390
21.142500
28.573500
28.088700
28.701900
28.211900
14.287700
35.570400
43.789200
32.137700
27.003800
27.932000
19.611700
12.804700
6.110900
15.733200
15.182400
23.191500
15.257000
44.159000
36.393300
33.380600
39.251200
44.344600
31.713700
38.227600
21.880200
25.391800
13.071600
28.902500
43.916400
39.968200
32.733300
21.624900
26.480200
10.787000
34.530000
7.407750
5.908850
20.599100
35.235300
23.010700
23.141800
23.149100
14.341100
30.015400
25.332400
14.817500
9.103570
11.472200
12.656500
18.900300
12.075500
8.885210
22.001400
10.057800
31.185000
25.775500
8.675300
13.632600
14.940400
6.079650
13.239400
20.954900
19.727700
6.502750
7.828840
6.700200
15.940100
16.767900
18.769800
16.691100
32.383000
36.173300
41.182800
38.779100
12.961700
27.171500
28.019600
32.690100
26.907900
27.959500
32.566300
29.200600
37.817500
20.148100
24.237900
14.362600
36.601900
33.251600
27.712400
36.408000
15.577500
7.622540
6.465780
19.892500
12.973000
33.210200
41.448800
24.218800
20.527700
41.929900
39.576100
28.875300
35.327800
41.786000
39.494200
30.187600
22.819300
13.878500
31.438500
24.592100
17.747600
23.986800
18.838000
20.020200
24.130200
30.653700
15.774200
8.978400
8.380200
15.139800
12.555900
9.085560
37.352000
44.255000
27.906200
25.625800
36.986300
23.656200
28.691100
32.634700
43.481300
42.083000
40.129300
21.760400
10.015800
18.202400
12.036000
9.675720
10.283700
24.555400
16.018800
7.992930
11.847600
30.873200
23.203700
19.856700
21.045400
31.277500
43.760500
38.912300
37.891500
43.667900
42.090000
38.735100
30.179300
13.468300
38.665300
34.696900
31.981700
38.108100
43.257600
40.330000
39.880400
22.427700
18.595200
28.781700
38.488500
42.512600
36.243800
40.156100
18.154600
13.489100
8.136090
6.491660
20.853600
14.899000
29.974600
41.115000
37.475000
28.844200
35.224000
37.529700
41.984500
32.901900
37.611000
29.898200
23.986700
43.807900
42.222800
30.289300
20.458800
28.113000
33.215800
22.531500
39.621400
37.256200
34.306000
32.209400
36.297300
14.647100
20.391000
17.054800
28.599800
43.399700
20.329900
11.875100
20.307500
19.937200
32.089900
39.393100
25.004100
35.236900
38.695700
37.716400
39.033600
20.047900
10.969900
26.645100
16.781600
39.590600
6.620840
17.412500
42.764400
26.367200
37.780000
29.375700
17.143300
16.252900
7.711840
8.990730
6.232750
12.657600
17.290800
28.540000
15.016100
29.254100
37.393500
26.831600
11.217000
20.047000
27.640300
36.373800
28.850900
28.695700
29.732100
39.783900
43.768600
8.717120
23.403600
26.927300
37.691300
39.569200
34.965900
39.958300
23.180300
13.359800
14.054600
7.645400
14.824700
9.239540
29.846700
38.556700
34.845500
43.245300
17.595600
9.374470
9.712950
22.421900
20.496400
22.339300
8.168040
6.713160
18.029400
27.694900
17.624600
11.167200
21.912200
20.211400
6.239480
15.466400
12.894300
16.060900
15.025100
8.451610
13.599200
10.000200
23.760500
6.928990
24.969800
43.854100
30.711400
16.280200
22.133500
18.278900
29.395000
31.265700
13.548000
9.536080
24.607800
9.812350
26.137700
31.461500
14.527600
7.180900
14.363700
15.633100
17.294700
42.596400
32.940100
28.763500
19.567400
9.583640
15.960500
23.061000
24.373400
26.669600
41.374600
39.039800
36.101700
26.023200
32.566300
40.888300
24.813800
32.428800
23.793000
10.537500
6.814640
8.138440
12.655200
13.729200
16.042100
26.853700
25.363700
9.623560
8.211900
25.008100
32.417100
37.489100
38.674000
42.042000
9.251440
26.863400
26.790200
23.285800
20.426000
15.926400
30.412100
31.969100
43.629900
6.640890
7.366420
7.890680
6.056430
18.865900
9.650710
9.595870
33.797500
28.200000
27.501000
14.486500
41.591300
21.160900
25.262600
8.166250
7.069330
9.421520
19.371000
42.741800
42.611700
31.672800
13.369700
21.185800
20.869900
14.405000
6.213280
14.958200
23.023400
17.228900
21.748900
18.909500
7.772420
9.024200
10.055700
14.517600
22.064200
23.221100
33.885600
34.209100
16.210000
16.405000
15.844300
10.668000
13.269800
27.567200
29.048400
18.957800
29.552700
21.403400
10.710400
23.210300
41.306200
32.241800
16.390300
18.172100
25.317300
21.587600
17.151400
20.449500
26.343000
28.461600
13.091600
19.708200
9.689830
13.977400
26.310700
42.127100
30.288500
41.223100
43.971900
25.116400
25.500800
29.752000
35.874600
26.857700
34.531000
24.620100
41.807600
43.551000
32.178200
12.875700
15.919200
30.528600
33.815900
42.797300
40.506500
29.524300
27.091400
32.145300
23.652500
34.903000
33.316000
24.135400
26.183500
30.823600
28.435700
37.109600
39.046700
31.610500
43.738500
33.084400
29.280200
43.233600
37.278200
43.750400
33.170500
12.868400
9.101460
19.913100
17.857100
6.255490
20.062600
43.315100
29.920900
37.238200
30.079700
7.890450
5.933260
7.767300
24.127200
19.807400
29.701600
18.515600
42.372800
21.808000
18.510300
26.888500
39.903800
12.093400
5.993960
9.773170
9.223560
26.586600
37.727400
25.821800
27.081400
17.499900
10.539500
8.942890
33.479600
41.163400
44.148200
25.977700
20.472100
8.184930
18.807500
20.248600
35.522400
13.718300
34.573000
41.307300
30.001900
23.293700
30.868700
17.837000
18.543500
10.983200
30.477000
29.591400
34.735100
42.495500
41.510700
40.481200
29.461200
31.031900
36.483700
37.520900
29.422000
23.739500
17.565500
7.852860
15.576300
13.674600
25.795300
9.774300
6.777670
14.179500
37.065400
15.522300
16.326900
28.095300
8.677070
29.827800
28.896200
20.520700
33.442300
42.112200
29.279900
16.714100
8.446810
33.997200
39.627900
31.074900
40.365300
40.259600
28.635700
11.891900
8.119200
21.183800
9.892020
22.587500
19.115400
10.513100
34.781100
30.127300
8.375900
21.687000
34.719200
43.534000
40.489600
34.793100
35.528600
33.802000
10.683300
8.098130
27.223200
23.464000
32.037600
31.184400
28.810100
18.040400
10.402800
7.804790
15.665800
14.588500
38.305000
34.879100
19.904800
27.055900
8.330700
14.610100
23.385500
25.486300
15.008400
21.726200
18.518000
33.719500
24.113500
41.048500
36.732500
39.843400
10.542200
7.777430
19.382600
36.332400
31.166900
36.074200
27.185100
28.099600
22.624400
32.821600
22.875600
32.745000
37.695700
29.199900
42.834900
40.587500
32.621100
17.206400
17.008500
8.138050
14.282100
19.292100
12.632200
40.528200
36.726000
31.086700
37.898700
36.262500
33.781200
34.422400
14.389000
8.092110
14.436700
17.537800
20.061700
12.719600
18.857800
20.217200
18.108400
15.454700
14.367900
38.085400
29.641100
44.021400
36.892800
43.014200
29.514000
30.036200
26.078900
40.894100
7.829140
10.468500
23.907900
9.011470
19.290300
14.886200
31.351600
35.350200
38.526500
15.067000
19.721200
39.290400
37.895600
30.778400
32.607700
33.795600
22.613800
11.589900
6.767440
14.468900
40.125300
14.990600
24.248100
13.445700
26.085700
33.214600
44.159700
29.909900
14.196900
15.654100
40.980400
31.335200
35.195600
30.316400
28.357000
6.649850
20.010400
8.356630
25.455900
18.270600
21.989500
20.267000
22.715100
14.734700
6.893380
30.890600
29.091300
9.333420
15.743900
9.612410
35.169500
35.470000
41.585900
36.245100
21.912000
10.216200
20.398000
22.353300
27.674300
9.605490
20.419000
36.516500
22.826200
11.414500
9.964130
22.161500
17.099700
18.624000
21.555500
32.026200
40.119600
33.641500
36.052600
37.901100
35.151500
42.527700
25.783100
9.194800
7.540470
17.149300
35.644700
33.273000
22.443700
30.749200
33.279500
31.534900
36.095300
35.685800
35.301600
26.515900
28.877300
13.267800
19.757000
13.536600
16.803300
15.815800
15.740100
14.847600
22.110100
35.949400
26.746600
7.838440
12.490300
20.256300
30.864300
30.857200
38.132500
28.868900
11.359300
18.646000
24.746000
43.206600
40.872400
27.432100
31.596300
40.874900
39.090400
40.084100
41.080500
41.507000
26.156700
18.323800
14.414200
21.466400
15.411700
33.864300
24.297900
29.152700
31.274600
21.979900
22.742700
14.408600
7.238410
26.156300
41.261800
26.901600
14.561800
7.964890
27.998700
10.094200
11.265400
19.436100
17.155200
7.593820
29.422700
18.638500
20.357600
26.096700
18.958400
6.115280
6.694550
15.762900
20.995800
6.216200
14.572200
13.558900
11.396800
8.020820
12.479200
9.870180
14.952300
36.923200
25.960600
35.066100
37.738300
17.581400
8.245610
16.080100
9.542400
22.408700
10.259600
11.198400
18.694700
14.133900
13.158800
30.808800
15.651800
8.469540
18.653300
32.236100
30.032100
13.058300
18.970100
37.258200
33.079200
27.025100
10.177100
13.875500
39.625600
37.865500
35.498800
26.867600
37.202500
23.179500
36.317000
33.294800
29.436200
37.205100
18.512600
35.427500
7.854870
15.053900
5.930880
14.370200
11.184400
12.712000
9.691070
13.929000
6.447650
21.207500
26.771900
21.166900
13.620600
28.698800
25.854400
17.942700
30.830500
16.961700
33.844500
31.832200
10.634400
12.396600
25.552200
12.210900
43.307000
37.833000
21.408600
6.323880
17.843000
17.104400
22.503400
11.268000
14.875700
7.932210
9.760230
20.100600
11.416500
28.051800
28.135300
24.475300
5.845180
30.976800
31.539700
23.940700
13.425100
40.716900
37.504600
32.781100
39.879400
34.109300
30.462000
37.958200
26.107500
40.954700
40.163800
40.056000
11.702300
9.421240
7.910230
9.032200
19.594000
8.503800
5.956680
40.363400
39.975000
17.421500
19.972400
18.115200
27.688800
39.860800
14.440600
6.412110
7.626500
28.801200
39.047100
19.772100
10.131800
12.020500
32.139000
43.794700
31.665700
44.156600
33.823000
5.998350
22.997900
17.404400
21.068600
25.965600
19.243700
25.320600
27.698200
9.488250
7.360280
5.959100
19.168600
15.226800
30.213000
30.184900
23.379500
19.444100
30.940200
7.515240
9.974400
9.181580
9.572330
30.161500
37.821600
28.486500
28.321400
25.346400
26.243300
29.287200
26.251500
13.428000
29.056600
7.085070
6.987300
19.810600
36.982600
37.855900
28.824600
13.858600
24.155600
38.865100
22.678000
16.914200
40.159300
18.791000
22.168900
13.253400
14.097800
27.579300
33.862900
35.013300
26.476200
37.435600
35.341200
27.673100
31.561100
26.256400
11.991700
7.960800
7.260330
12.288800
7.487230
7.481920
24.927200
10.643000
13.484500
35.921900
34.226300
32.753200
9.601960
27.251500
22.728100
17.931200
34.156400
33.741600
38.966200
22.696400
39.833600
41.647400
29.855900
22.597800
35.805600
32.424600
23.094500
17.378300
42.593500
38.994600
32.060400
29.522000
35.882800
39.939700
42.504000
28.445800
42.366400
44.108200
34.970700
33.152300
27.006300
42.697100
43.505800
40.397000
32.401900
27.576100
24.545200
10.525300
17.246500
15.332900
19.122800
26.129500
14.674800
44.305600
31.527200
20.347100
14.433300
10.103200
15.249100
10.268500
23.383400
22.649400
25.584500
16.362300
12.966300
11.966000
9.291780
6.838780
6.789510
16.465100
22.208200
20.633000
43.188600
28.687200
29.607200
21.158000
20.456700
11.750500
15.703200
20.612400
26.077800
36.358100
25.868700
6.508900
7.404910
11.634500
5.899060
19.589600
8.788010
27.378100
38.101100
31.772400
36.972800
28.818300
38.117500
36.804500
34.374600
26.886500
20.687400
13.308400
15.093300
7.854970
32.434800
12.571500
8.614540
9.612830
7.268410
19.764600
10.943100
41.343900
39.141300
42.827100
37.230800
38.952500
41.173900
28.857300
43.936000
35.000300
18.799400
29.274900
22.907500
32.068500
18.061600
12.447200
12.491900
29.047600
22.619900
17.579000
14.603900
6.244050
44.008000
30.442200
32.131400
41.488600
40.959600
26.996100
40.808600
39.742600
39.672700
21.612000
22.733900
36.228500
17.624200
33.263900
6.105490
24.300600
33.400600
27.382800
19.280100
41.690200
35.960400
32.487600
33.514200
23.983500
18.582900
8.974670
15.720500
31.962700
25.317300
43.686400
16.792100
24.947100
15.652900
41.923300
25.579100
14.886700
10.157400
12.333800
12.113500
23.419000
40.970300
43.668500
43.593500
35.920600
38.468500
40.392100
42.957500
27.215100
20.469800
40.106000
35.997200
32.599700
37.698200
34.247800
40.448600
36.484600
19.025600
9.618340
6.093610
11.066600
15.091000
12.264700
17.186700
14.990500
17.783900
20.678500
12.349800
22.711700
14.075900
26.343900
36.540600
39.719900
27.477300
23.412300
24.242900
36.120200
41.061200
33.321400
31.182900
24.476400
10.065500
16.167000
34.819700
33.788200
40.841800
43.568900
37.069100
36.566900
26.267100
37.960900
35.937600
32.989900
44.125800
14.117300
10.183900
36.185900
43.502300
35.875200
31.277400
26.788100
30.382400
39.990300
43.920500
42.307000
43.982200
36.507000
15.780700
28.444600
8.986070
27.954400
24.409400
42.597600
13.040500
15.183200
19.466200
13.969800
31.134800
28.466400
17.204700
16.741100
7.100180
9.136750
21.023600
17.993200
11.258500
19.295400
7.226190
19.497100
16.210000
25.967500
37.814300
40.613500
32.248800
9.197840
14.500600
8.203990
26.486400
28.438200
16.324400
25.043100
7.267720
6.994010
21.341400
30.572300
40.896700
38.553200
39.933000
30.874700
40.529300
22.994100
11.703000
11.769900
6.109410
18.064200
21.825500
9.838260
12.947000
10.997100
14.810900
11.315300
30.495200
21.037300
6.550980
6.271590
16.279500
16.926100
13.579100
22.463700
21.032700
22.447900
34.736300
29.581600
36.407100
26.248400
17.703400
12.554100
16.348700
11.680700
35.260200
28.022900
19.549800
35.294000
40.422800
40.462200
40.589800
31.630700
29.649000
31.785000
15.557500
16.586600
16.425400
13.107300
19.018600
27.507800
26.193600
17.137900
12.735800
26.852000
16.571200
7.774770
17.091400
30.328700
31.328700
11.344200
6.957380
17.694200
10.198400
16.130000
24.474000
42.157000
39.990300
34.958700
27.315300
7.881870
40.271200
23.784900
10.081700
23.980900
20.873000
42.207600
15.368600
20.462500
34.501200
21.805800
41.075800
39.692800
40.202200
42.707100
32.523500
31.328300
8.877320
19.440100
23.156400
8.758230
10.505700
9.391320
15.288100
8.556800
11.446000
6.826700
10.503400
14.466600
13.194700
12.533300
31.922000
13.382900
7.244790
33.358900
41.941000
30.171200
43.690300
40.387600
14.785900
31.415100
24.061600
18.656500
10.578100
12.034500
30.698700
43.702300
36.430200
36.655800
28.268600
19.127900
16.900500
9.184660
9.064500
31.804500
15.516000
11.816300
9.082910
15.555600
30.647700
32.935700
17.267400
19.349000
26.402300
23.125700
23.145300
28.578200
27.708100
22.339200
13.288900
9.541340
8.192740
27.342300
38.320800
32.628100
23.578900
37.489400
38.698200
40.086200
39.878200
39.689800
38.913500
42.046800
24.980600
20.686900
7.087450
27.091600
25.346000
22.012100
35.215600
36.705800
12.613100
16.395500
27.222300
37.961100
35.356700
39.762100
29.782000
39.465500
23.165400
39.612400
42.556400
31.787800
44.026400
30.997700
19.587000
23.207500
15.649500
15.695900
20.875400
41.321500
41.636300
33.269200
16.825100
13.357800
17.568800
24.156900
31.833500
31.325800
17.970900
32.372700
34.459300
27.388100
27.307900
22.922800
14.013500
20.353700
18.985900
40.175100
31.354000
18.685600
22.103800
36.117600
34.329100
41.803200
36.255300
35.715600
13.437700
24.289700
7.075910
7.348720
14.363800
17.062000
10.775700
7.623910
26.180100
32.068900
19.527700
5.967800
15.969500
35.694100
30.759400
31.289700
25.600400
13.592600
35.516300
44.133800
32.430400
31.790100
26.466100
26.423900
39.583500
41.307200
41.804600
26.492700
24.072600
17.975700
15.795600
13.556000
23.969500
24.709300
35.862700
22.617200
12.201900
33.109400
41.340200
44.297700
40.444900
33.447900
24.590500
6.764440
10.936200
10.876300
13.541300
11.589500
8.522740
23.012000
43.525700
39.047800
26.575000
20.305000
7.033160
6.794300
13.646400
12.200600
16.730700
24.946100
25.865100
34.626900
33.825700
30.872900
19.517900
7.692860
15.560600
13.443000
10.293700
9.374380
10.694700
15.958300
12.182900
10.362100
21.258700
19.408700
18.757700
15.781100
27.755700
31.610900
42.747400
38.095200
35.900200
41.496500
28.083100
43.038900
33.443300
26.614900
41.982100
33.045900
38.243600
41.664700
28.064400
42.420400
38.275900
32.441800
35.017700
22.585500
29.675000
36.142000
12.726800
19.682400
9.585880
9.358590
25.218200
43.024800
43.675300
38.804600
20.852800
24.526500
32.912600
39.358300
39.673000
34.618400
16.135200
16.934900
41.723900
27.652700
29.312200
25.380900
7.372820
35.275700
38.722500
24.435000
25.929200
18.952600
27.242700
35.012700
32.773100
43.368600
40.854700
33.467400
39.650700
40.567300
33.487000
27.817900
24.420900
31.675300
41.920400
39.170400
26.899100
36.314500
41.488800
28.309000
39.577000
42.831100
16.668500
26.283000
31.235900
25.037500
6.989130
8.541760
16.301800
10.589900
14.359300
17.733500
34.812500
26.801100
29.424600
24.535400
31.904300
33.098400
7.999880
27.253400
30.313400
16.841300
20.022500
7.010200
21.622900
26.576400
34.435700
14.175100
13.420100
16.124500
39.430300
31.594100
26.853400
10.943200
19.543900
16.980800
27.360500
41.024100
39.861400
29.094400
6.286600
13.252500
13.335500
13.564800
24.638100
38.482000
41.379000
32.214300
36.978800
33.352500
28.077900
27.086000
37.589500
34.326700
25.320100
18.113200
26.671100
39.391000
39.348600
24.632000
23.684100
9.458450
9.664980
20.912700
28.891100
32.520900
37.118000
28.376000
26.801100
13.144000
18.631900
15.029500
29.533400
44.216000
40.754300
19.550900
27.053900
15.011000
9.539270
10.629900
12.142400
26.347400
44.274200
37.435700
37.333200
36.567400
35.917100
34.595200
24.533500
11.713200
29.846300
40.996600
42.741800
41.937600
37.280600
34.138300
36.471800
38.987100
41.331200
28.375500
43.968100
16.764700
11.736400
36.492300
40.965400
38.118700
27.080800
10.710600
11.070800
19.602300
42.456400
32.466200
43.056600
41.762400
42.893400
16.936900
18.391100
9.824330
20.603900
28.178100
24.301100
23.033800
31.184200
20.605700
6.214950
7.577510
7.344660
6.177040
30.824700
13.247900
12.983600
10.601200
17.880800
17.838900
11.742900
8.874800
9.637550
36.680800
29.256400
30.500000
21.853400
8.343050
26.403700
34.215900
33.046300
29.778500
12.878400
21.410200
7.949430
6.452610
38.238700
6.218880
22.774300
24.677400
33.669800
42.929900
43.700300
41.841300
36.272300
27.456000
9.007170
6.971500
12.185500
13.471700
17.723400
40.045200
43.286100
36.466700
31.533400
28.767200
35.966800
10.358500
8.408090
19.352700
25.454500
19.372600
22.305200
14.575900
32.010700
23.811900
21.726900
24.446500
42.830900
20.557200
6.426300
23.577800
40.440700
31.486400
43.644400
32.717500
37.900400
31.934300
40.379700
16.379800
18.490900
15.655100
9.845760
14.174900
10.194400
16.908800
10.120700
8.298990
26.767200
42.304800
35.108200
36.265700
42.554300
44.172900
35.770300
39.697500
26.774300
14.436500
10.307000
32.408500
17.289000
38.006500
22.634000
36.221800
11.997400
37.503900
31.009500
37.457400
41.944600
40.027800
14.665400
23.782100
30.337500
21.985500
9.406650
23.448300
18.565800
37.413200
39.270100
39.366600
38.350300
15.441800
15.505200
16.641600
23.309900
10.720100
10.832000
13.113300
33.111500
40.069600
37.105500
42.149500
28.554800
30.170100
37.343200
19.650300
15.784800
10.151700
18.439700
19.598100
13.601900
8.709940
15.409900
8.769090
27.353100
11.617800
14.013000
24.223900
7.636360
11.560400
7.683310
16.414200
11.023700
10.131700
6.026290
14.174400
15.751400
8.208390
38.398100
30.512400
25.933900
28.634600
19.003400
21.130700
21.027700
29.551500
26.459000
43.180100
31.985800
25.792300
8.418610
33.433100
36.978100
39.307000
24.218400
31.195400
10.497800
8.168080
19.111800
30.548900
9.030740
13.596800
35.379700
22.320100
28.549600
7.966910
8.341730
21.319200
17.530700
22.676800
22.597900
7.710560
10.147600
26.076300
13.485900
24.146000
22.751500
13.503700
38.434900
43.842000
38.656500
37.311200
41.119300
43.321400
31.655700
33.751900
41.127100
15.219400
25.665400
41.216500
31.828900
35.752000
40.848800
43.468800
33.546200
42.676200
40.291000
42.957600
19.772400
7.730350
14.639900
11.944600
25.584200
35.787200
34.112000
35.312300
33.617100
14.388000
13.808400
41.486300
41.012800
12.458400
22.161600
13.213500
6.883700
13.487000
6.663260
6.563850
8.574810
12.302300
13.139300
22.253100
12.531400
10.746200
5.880510
8.146360
6.707290
15.945900
10.617000
8.370780
25.220700
32.894300
36.781600
40.874500
30.085500
23.362600
40.996300
43.982700
40.291600
35.038600
18.032000
22.874500
10.012600
16.795300
32.116600
32.099500
21.290800
16.819600
12.945800
18.006900
42.696900
27.087300
20.735800
35.984800
19.561100
6.414650
13.753600
13.917200
18.172700
43.823700
20.242100
7.275740
9.738710
14.270600
18.565100
29.941400
17.573300
15.020400
16.995100
21.255500
37.785800
12.654200
21.599900
38.789200
43.725500
39.503400
32.110800
26.784800
17.490600
27.308200
30.331700
36.306800
37.022500
38.060200
32.848900
8.674240
8.636210
13.015300
11.656800
18.776500
38.756000
41.949700
6.826640
25.523900
22.983900
35.163700
37.980800
22.167400
36.462400
7.853940
11.391700
24.920300
26.922300
44.063800
37.341900
15.642900
22.471900
27.712200
33.309600
36.781900
27.529900
24.242800
17.273100
32.441800
39.575200
42.844100
38.591300
16.393000
20.011300
29.595700
20.266200
7.775200
20.866800
20.400000
17.435900
13.622600
16.597200
13.367100
16.632500
12.231100
6.786780
6.783720
15.204800
21.292800
13.840900
11.740600
40.129800
44.225800
30.904000
32.099500
40.972300
22.070300
6.510750
9.722110
9.789550
6.427560
15.038500
6.400290
32.169000
21.528700
18.107800
24.278100
14.072400
39.757200
41.006000
41.847900
35.231600
34.082400
29.768700
42.400500
9.890630
24.141300
21.070900
32.845700
35.930500
35.984900
37.663300
34.830100
17.837900
44.247700
38.569000
29.142700
35.773100
24.881600
11.475200
28.709000
40.557500
12.767300
6.747790
16.930500
21.604700
25.161700
39.601900
37.542500
39.201100
10.685300
15.408300
9.253660
31.022300
20.786300
19.506400
7.531510
6.307780
9.710690
24.722700
31.405200
40.701800
32.381700
38.412400
12.912900
20.561500
14.575000
9.462670
22.551800
17.183200
8.126770
5.890500
24.201000
40.623700
43.356900
44.010100
42.981700
31.598400
17.652900
9.480260
39.120300
40.901900
37.736500
19.822900
9.974440
13.974500
14.197800
6.996780
32.583300
33.995100
34.454400
26.249000
38.304800
30.764800
36.800200
42.444300
41.425400
16.583400
14.790300
23.419800
23.911300
28.465600
16.847700
12.535600
17.551100
15.784100
17.812900
17.248500
18.423900
14.952700
25.188000
22.873100
15.950300
6.603000
18.195600
27.730200
22.277300
6.069910
18.253500
11.913000
20.771300
27.598900
18.660600
13.830800
20.773600
11.851300
9.223900
6.476730
18.597100
7.707990
11.501700
12.936800
11.006000
11.982300
39.452600
41.929700
18.567500
10.016500
18.828000
20.710800
17.422300
8.339270
28.259800
24.874200
39.476600
36.753000
36.472700
36.528900
30.110600
20.253400
25.943000
38.050800
32.170300
23.294900
21.735600
33.452800
39.422200
41.412500
34.113500
36.389500
6.018030
34.436600
37.574100
30.963200
35.259600
37.588100
35.259500
26.980100
20.776500
18.996600
21.527800
21.484800
9.522330
6.934510
21.853300
31.052500
44.113600
38.801500
38.249900
36.772500
6.116330
27.428900
24.417500
40.890000
27.733000
21.059200
22.173500
18.483800
33.999900
28.311700
25.533800
23.900800
32.715200
35.931500
39.957400
41.424000
31.526600
33.023900
19.905200
37.144100
43.683900
42.866700
34.681800
26.492300
33.423100
41.957000
43.499800
39.214300
38.378000
13.705200
16.904200
15.102000
11.089500
12.820600
9.961040
11.701400
21.904000
39.105100
36.268300
40.168800
31.330800
43.878700
37.988000
32.704000
35.077000
43.115100
31.203100
34.990400
42.606200
41.051900
20.478300
26.076900
27.263700
12.035700
7.951640
6.035250
11.484500
21.104700
8.954120
44.309700
35.686300
17.764900
25.968800
21.724700
12.174500
14.493200
11.176600
31.418900
36.404300
20.084200
14.884100
6.165370
6.892280
19.435700
19.019600
27.329400
31.322800
34.373100
39.728100
41.995600
20.108800
9.628670
27.358500
37.612200
33.143400
7.889740
10.323500
17.478300
7.613250
7.200940
13.581100
15.003000
12.451100
21.646300
31.700400
28.717900
36.713600
39.026000
26.102400
34.928100
34.757200
24.891600
25.904400
8.113650
8.492730
23.914700
10.681300
8.875180
27.716800
30.201600
42.436800
35.755600
34.962800
43.650100
43.446900
24.344500
15.392800
6.806530
16.103500
24.846500
31.415000
25.077100
11.891000
29.384500
37.126600
11.517600
9.520670
33.570500
39.217700
33.862900
17.780900
7.380570
8.913590
22.920500
42.574800
28.242600
10.405600
28.172600
25.914900
21.165800
31.680100
6.044840
19.657300
12.409600
18.791100
25.754200
39.371400
43.714200
7.954650
11.571200
12.111000
42.585200
34.203500
37.238600
34.086500
43.635800
39.102300
43.967400
42.977600
41.326400
36.421600
37.976000
20.684700
17.349500
33.885600
18.436700
16.228600
35.605300
41.304000
43.509600
35.194600
32.652300
38.810300
32.851100
44.295000
39.081200
40.253300
22.383500
7.033910
43.132300
39.633600
35.749700
33.894800
32.337800
38.671900
33.417000
37.506600
38.090400
20.009000
33.175800
41.138100
30.709500
8.198540
23.578400
27.038300
38.594100
34.688900
42.258100
6.386260
21.101400
11.158300
9.844640
21.357200
29.083300
43.107000
34.214000
41.321600
34.291900
31.387700
35.601900
44.073700
32.067200
19.479400
13.454800
7.319180
20.496900
15.454100
7.251540
16.652900
25.716400
26.343700
17.754100
8.619030
16.350500
42.951800
24.966200
17.372600
37.023400
38.519400
16.503700
21.120400
30.844300
34.290600
25.679400
42.727100
22.427700
18.108300
37.764800
36.716600
23.911500
31.463500
35.055900
37.049700
35.738700
36.169300
26.119900
17.213700
13.661200
31.647700
8.817430
16.766800
34.418100
20.962900
29.654100
41.944000
24.465200
21.215900
17.045700
12.646700
13.198000
20.460400
7.057240
9.258280
8.131540
10.799000
37.627600
43.326700
40.742500
5.987280
10.111300
9.357830
27.085000
18.539200
15.908200
16.222600
6.050040
18.341400
37.995700
44.048700
34.890100
34.991500
30.501200
37.601100
30.443900
8.623730
8.916280
15.673800
12.452700
42.727500
40.729800
21.053900
28.112400
34.185900
43.093200
14.790600
16.659300
32.596500
42.670700
42.621000
35.078400
39.503200
37.606300
41.836600
13.237000
21.914600
19.045300
13.157500
18.712900
25.762900
16.127400
13.706000
33.356900
18.877700
5.840270
14.188800
28.083400
44.088600
40.760900
40.500800
38.588100
38.807600
33.946500
37.646700
34.659000
31.380800
27.430900
33.210500
23.096300
33.148900
29.741000
36.585800
21.903100
37.497700
37.608600
30.093600
35.379500
36.666100
15.462100
6.855570
27.906500
38.476400
40.633900
36.126300
41.617400
36.867200
16.173100
15.988100
22.594100
22.914500
29.715300
30.454000
38.706000
35.280600
40.524000
34.435600
26.476900
19.517800
17.745000
39.422400
30.992900
36.102000
28.153400
36.871500
21.007200
42.983600
40.781900
42.841500
39.618200
43.341800
42.768900
29.158300
20.097000
29.229000
43.370100
40.040900
36.870800
35.683500
43.178200
34.414400
27.177300
29.191000
21.435000
8.388470
18.906800
10.527300
19.873100
23.290600
10.171400
27.290200
35.240800
27.550100
24.618000
6.194930
27.098500
38.174600
27.707100
11.466800
19.222500
8.755490
10.432000
17.315100
6.464090
10.435900
17.985700
11.764200
8.814450
11.810700
6.745180
34.866900
43.173000
38.136200
7.076100
14.143200
20.404000
14.973300
20.895000
40.397300
37.903000
19.514000
24.931800
12.107400
36.259600
24.259300
41.962900
22.993500
27.807000
31.122200
11.857200
24.476000
21.852700
22.405700
23.840200
37.222300
31.731600
40.204500
41.734600
39.082100
32.005900
27.849000
6.824540
21.402600
26.427700
41.348000
43.020100
37.118500
25.429400
42.269300
15.424100
22.109000
31.079600
35.695200
33.477600
36.688000
31.616600
23.673800
25.177300
31.184000
28.988400
33.152600
43.591300
22.491600
13.864600
7.785470
13.223800
19.491000
39.840800
40.291400
37.377800
39.359600
43.735400
41.746900
38.701200
39.759400
37.969300
34.211400
21.741400
26.990400
35.973700
27.624800
24.417600
39.830700
42.708400
39.919300
23.793700
15.979800
28.642600
41.516800
29.991500
15.884000
12.715500
9.431460
20.844800
22.051900
14.860100
32.988700
43.948400
24.659000
41.286600
27.342800
11.343700
16.123200
42.214400
36.971900
34.014800
9.246990
22.949700
32.103000
36.656800
29.158700
22.020200
36.700700
30.146000
23.859900
32.400400
33.411500
42.062500
38.817400
25.685000
29.935500
19.566200
23.123100
28.817100
31.861300
18.022600
36.592100
37.734500
25.756100
12.706800
21.553900
32.092300
42.801000
19.372100
15.061300
11.956700
10.888500
8.975940
19.671700
41.662000
38.237200
31.228600
41.186500
41.226600
41.499800
33.649500
34.172200
42.004900
31.236200
35.873300
11.188500
18.568300
35.400700
44.219500
40.258600
22.527900
28.676800
27.882800
8.460670
9.240500
22.119300
24.420900
7.295970
18.005800
11.647000
36.866300
37.023200
40.577200
34.103100
22.244200
36.231000
23.352600
17.221600
26.628200
10.303400
20.990300
25.865700
23.732400
20.756900
16.844800
10.947700
19.009300
35.001900
38.163400
34.916900
35.802800
40.955500
24.001500
43.629900
39.597300
35.955000
36.433400
40.234400
43.042800
43.494000
13.397000
27.769700
19.621200
15.060600
26.532600
17.786200
27.780700
38.500500
41.230100
27.545000
25.233200
25.475300
44.013800
40.439100
37.886000
41.022700
43.295800
44.288200
24.897600
31.806500
14.217800
39.206200
40.025300
43.104300
38.535100
32.613200
27.418500
7.659290
16.809700
39.081100
42.360300
33.308500
20.794900
9.849680
28.920300
37.884800
36.031000
27.409600
14.932700
16.084700
7.464240
22.990900
33.863000
24.030300
30.553600
35.173600
43.524200
33.893300
20.540200
14.509800
20.890800
31.322200
39.357700
27.795300
21.256800
19.658500
21.599100
24.406300
19.140500
27.697000
38.607300
35.631900
33.176400
26.826300
10.975600
38.006400
38.604100
36.016800
37.653600
35.691400
25.021200
38.745300
19.344800
19.723700
22.296500
25.138500
9.569750
20.995100
29.441100
37.506300
41.157300
15.384400
14.837200
29.780900
19.293800
18.959700
36.369300
40.614000
11.766000
11.873600
8.691410
10.163600
16.410300
15.271000
8.805940
31.723200
26.044100
24.092100
17.752200
7.778470
29.428800
33.713500
25.417900
23.599600
34.256000
41.193900
22.847200
7.441660
11.387700
13.769100
9.488210
25.860800
24.078400
15.868800
19.294900
6.269860
28.028800
40.500200
42.675100
35.840000
26.076500
14.289900
16.805100
23.138200
44.210200
35.399700
27.199000
13.205700
22.635600
35.005100
21.326600
25.047500
38.288400
35.855000
8.834110
22.615800
12.304700
8.302860
14.272300
16.273000
23.135300
41.586300
38.610800
23.016100
23.916600
42.773400
21.916700
26.071200
43.390800
35.369800
14.967600
40.696000
41.468300
33.387200
15.672900
6.389370
21.493300
17.082600
24.868400
28.416600
33.251400
19.405500
9.627610
6.509120
7.754660
14.027500
14.954400
24.099300
8.689280
7.890490
13.891100
10.224900
22.191900
26.557100
18.493900
43.653300
31.960800
40.823300
23.430900
24.742800
13.652600
11.612000
16.526700
12.010500
8.011740
26.390700
22.570000
43.610400
37.458900
7.428850
13.614500
24.259100
18.395400
16.145300
26.123200
29.314100
26.432800
39.574800
26.268500
26.536600
28.034300
19.482800
16.412100
10.656800
30.635500
13.211600
38.852000
12.014000
30.219300
16.291000
24.849900
24.572600
31.603100
32.269500
12.263100
32.833500
38.729100
28.274900
25.158800
9.053730
12.287800
9.663890
17.063000
6.174340
8.633620
39.555800
33.656900
35.877800
22.662300
23.590600
29.322600
40.891300
35.521200
35.018500
36.744400
43.086100
37.526700
19.672600
23.287000
8.709240
13.395400
20.615200
17.371900
18.735900
19.599900
22.901500
21.684700
40.109100
37.283300
21.206200
11.524100
13.464300
19.246800
41.963200
9.580570
7.540910
9.646160
10.013600
20.942700
34.829200
32.569100
24.480100
19.961400
21.036800
40.944000
33.976300
43.672200
43.698200
14.163700
27.688200
23.286900
14.924400
14.786300
17.500800
12.895100
40.641900
27.477000
20.415200
14.084700
27.362100
18.365500
36.697200
16.252900
39.391000
39.893100
31.574600
43.073200
33.174300
25.490800
14.877900
6.696300
18.170400
14.920700
16.881100
30.712800
26.400600
27.642000
35.708700
16.957900
28.592700
34.267500
32.749500
39.992400
33.786100
43.247100
31.454400
28.167200
25.499800
13.755100
18.058500
39.715200
42.794100
42.746400
26.902300
21.715400
35.968400
22.145600
12.792400
14.036400
8.880350
29.830600
20.428100
7.349960
19.671400
12.196900
7.193270
21.092800
21.700800
8.223710
18.258500
10.879800
30.034000
34.712500
38.612600
43.094000
42.325300
41.676800
43.295300
39.357200
32.139800
39.461500
33.684100
30.776100
35.296200
34.925500
34.015100
31.722400
27.218900
31.212700
21.280600
12.274300
21.171600
42.466800
24.960600
20.610100
34.966100
38.680600
11.472600
13.094000
13.414900
28.680700
9.094800
19.218800
15.763600
8.874000
21.933700
19.263700
24.923300
13.688300
20.880200
30.874000
28.403400
40.325300
32.005300
41.886800
31.955000
26.614300
25.244700
33.795600
8.446740
6.068450
23.557700
19.144300
36.553800
25.211600
22.173000
14.649800
6.692090
10.758200
16.670400
15.029800
36.937000
18.564400
16.346700
28.360100
31.021300
41.523900
36.307400
36.027400
20.115300
31.771400
39.115100
26.612500
40.711000
22.486300
12.520300
8.863400
20.603200
8.644700
9.120640
35.050900
18.038300
29.409800
31.571800
40.319200
8.965370
15.558000
11.490100
28.305200
34.693600
17.823800
35.476500
27.525100
18.004400
14.374800
17.327400
40.096600
35.072000
22.012800
23.566500
23.012900
16.930100
25.814700
12.974300
20.074800
41.618100
42.107200
35.357500
39.635200
15.867800
7.029290
8.899940
30.294700
35.783700
41.949400
42.806100
41.644800
28.283900
40.224200
26.487000
26.343500
13.456900
9.228790
9.812790
42.611100
34.726200
23.566500
10.580700
24.964100
19.770900
17.521200
15.716200
14.674600
15.538800
19.625700
24.124900
6.239900
7.435290
18.091300
16.634800
42.323100
30.096900
38.619900
15.090100
6.711360
10.098200
8.890320
23.559900
27.618700
35.177400
27.899100
9.807870
11.991600
16.768300
32.964800
35.844000
34.620500
41.699200
39.723100
40.721100
37.807000
28.536400
37.978200
26.876900
18.274200
10.599900
13.616500
16.882200
6.704560
6.753450
10.948900
10.207200
5.982290
13.827100
22.227800
43.867500
26.694200
34.701300
37.355800
22.927200
34.549400
24.444800
17.882000
6.154240
15.012100
21.074100
21.258700
9.221490
11.404000
18.653600
18.774900
32.845300
34.437000
29.019700
32.430100
9.052130
6.135900
27.702300
41.052900
40.894800
16.862700
15.608800
8.841800
23.125700
24.210300
42.483600
34.789300
36.442400
35.838600
29.692400
38.785100
24.924400
38.065800
30.822200
41.211200
43.467300
40.468000
42.924200
40.285600
21.043300
16.090500
16.404100
14.115800
29.366400
20.350200
13.313400
9.043020
25.892400
24.738700
14.413000
30.136800
18.366800
26.450500
31.680400
12.108200
21.923000
25.180900
12.230700
11.948800
7.157830
21.521800
14.943800
18.723500
10.470200
26.392800
39.102500
36.249000
43.440500
40.580500
41.006000
39.570900
37.014800
30.996300
25.431000
43.224400
44.008600
37.176400
37.756200
31.180800
19.374300
39.614000
40.213500
40.042900
33.118200
19.260800
19.409500
10.744400
7.246190
17.229400
11.567900
37.430100
19.138900
19.983400
34.050300
44.142100
40.113600
33.964500
30.162800
8.419910
11.355300
14.347100
18.531800
17.564700
21.836700
33.090200
43.577400
20.601000
16.812700
18.740200
19.038000
11.206600
32.336900
34.356500
31.884700
43.776600
42.837400
34.433800
35.239200
39.988000
34.201800
24.524400
34.276500
44.138500
39.129800
34.605600
38.904400
6.431100
18.553000
8.318710
18.405600
39.904800
36.179900
28.033200
37.412100
12.133900
10.317800
15.294700
23.294100
40.245000
29.259800
7.276540
8.824650
17.250800
30.149400
35.103300
24.331400
43.137100
34.512700
43.700500
41.226400
29.889100
25.283200
20.359600
8.335190
32.247400
43.255500
36.232900
7.029480
19.223900
11.059200
14.931400
8.225740
16.010300
29.628300
30.366000
16.399600
21.539000
23.076900
11.449600
7.187120
19.254100
31.764400
36.177600
39.397700
36.949500
28.628800
39.735900
41.063000
26.706800
12.111800
29.711700
20.232200
40.838600
39.038700
36.369600
40.277300
31.728200
42.330500
38.290900
42.594900
39.301300
40.470100
39.337400
41.531700
20.520600
24.900600
7.535790
17.806400
14.143600
13.223900
23.312100
28.947700
39.067800
13.873400
17.894200
7.521700
17.236800
11.471700
37.942700
30.686100
13.828800
16.330700
18.545900
13.105300
12.998800
9.228040
23.506000
25.990100
37.865700
20.738500
38.980100
15.027200
30.824300
24.514100
42.941600
26.497900
39.045600
14.783700
21.637200
19.769300
8.358880
15.754000
8.403090
7.150610
43.605600
33.152300
21.262500
28.584400
27.903400
30.838100
26.170100
37.417400
22.974100
20.246700
5.854400
25.660700
18.225300
9.130180
15.995900
29.724600
27.905300
33.875700
32.150700
38.535500
33.942600
26.682600
26.588100
38.149900
34.082800
20.754400
24.818900
18.547600
20.848600
16.474000
18.075400
42.977700
37.837000
42.661200
19.426300
12.637100
35.048200
36.236200
41.721700
43.755200
21.688100
24.020500
20.717700
33.409700
26.796900
38.433400
27.033500
30.270800
9.118770
33.195000
41.330200
34.649000
24.689100
41.663000
41.740900
39.702500
26.627200
30.316400
36.506400
24.795700
21.284800
39.009800
25.089800
37.847400
42.999600
43.020400
40.964800
34.391900
38.846600
43.102800
22.232500
15.426200
23.134900
21.995700
27.019000
43.035900
14.895000
9.674730
15.401100
21.484400
27.624400
28.230100
28.911900
37.619400
34.762100
42.533700
23.800600
27.245800
17.651900
34.476400
20.139000
28.192400
24.150400
35.978700
9.969380
16.380300
15.243500
18.231500
19.356900
30.657600
42.654500
43.217300
30.004000
35.476600
27.974000
14.961700
18.086500
33.554700
7.224080
19.760800
41.239300
32.716200
28.522300
18.484200
9.178650
12.838200
10.907300
15.023000
7.486810
20.417700
17.360300
8.294330
19.005300
39.281400
35.872800
37.293800
38.853300
26.132500
19.729400
13.416200
20.024500
13.392400
8.782580
23.218100
11.167900
18.248200
15.661500
35.331500
36.238200
28.233600
26.978300
18.631500
26.236200
35.580100
32.732600
30.538200
39.105800
37.407100
38.935100
37.791700
26.413300
33.948500
34.603900
42.129200
41.219100
38.360100
30.068800
37.361700
36.372000
33.432700
7.716020
10.839900
6.955480
12.343700
19.148700
16.455100
8.789080
12.128000
8.868430
7.907010
8.012680
14.919700
26.514600
13.686600
37.662400
7.553410
11.029400
18.010600
31.656100
17.837700
21.263000
33.634600
16.270300
22.632700
27.313400
27.526800
33.804100
37.357500
16.323900
41.510100
40.784700
40.401300
37.965700
34.694200
22.544300
42.881100
28.732400
38.495800
23.115400
25.383800
37.266900
40.190600
30.760100
44.118400
36.809800
28.241800
37.061300
24.052200
13.698900
9.186620
29.995600
8.583740
30.593900
32.359600
13.361100
11.541500
13.959300
27.697100
39.877600
26.523000
26.923700
43.720700
40.911000
36.611500
21.325400
21.645600
17.432500
28.252800
19.640100
13.648300
22.660900
10.954900
33.246000
15.169900
16.760100
35.461000
11.274200
21.921700
25.628300
38.638600
35.222700
23.725300
37.040900
32.636800
25.626500
10.348900
6.702020
18.210300
30.415800
43.947700
38.680400
39.597600
26.047000
31.592300
10.457200
25.025000
43.234400
32.434600
30.256000
24.985700
37.468100
39.635900
39.844800
32.897700
37.708700
40.760100
43.535400
35.426400
36.498600
42.284000
23.970900
10.796100
19.733700
11.532100
11.486300
43.952900
32.958700
32.154400
26.564400
42.482800
24.872600
25.978100
12.364900
16.950100
6.195660
30.869700
25.541200
39.540400
25.578600
21.751700
13.200700
14.440400
7.742310
16.180100
15.520200
21.063300
18.931500
8.885800
17.158900
33.197900
40.546700
41.951700
40.567400
40.591400
20.830800
7.809540
7.788410
17.283300
18.044800
28.375700
24.940800
38.334700
37.802600
23.038200
22.006500
36.732900
40.041800
32.158300
7.613700
33.603900
26.219100
33.262500
36.088200
20.880500
21.205700
11.252700
14.426800
20.793200
33.376600
34.453800
13.818000
16.733200
11.921900
9.126800
18.351300
19.486100
6.131260
19.810700
26.411400
20.503100
18.883000
7.781620
23.624100
24.887100
12.985400
13.659500
9.712670
7.256700
10.558500
6.125850
9.964980
16.360600
21.409100
6.743960
9.837340
8.579410
23.743300
22.811300
12.489100
17.830000
16.517200
14.602800
14.508800
12.385700
21.362100
15.939900
7.668210
14.838200
21.733700
16.097000
17.002700
10.803300
13.216100
11.686300
12.274700
23.730000
7.296570
18.967000
12.653200
18.475500
39.258000
13.588600
25.611100
41.171200
36.621600
23.060300
24.154100
41.068500
31.897900
41.685300
27.641200
22.371500
38.250800
43.099000
22.160400
14.664500
20.218400
27.517300
28.184000
27.222500
12.686300
13.357000
19.754800
35.771300
8.630400
21.688200
15.740600
32.175300
16.845200
16.559100
15.864300
6.065360
24.141700
16.904200
12.592500
25.774200
20.999100
7.451770
11.982000
10.688500
12.101300
33.320700
7.826220
23.179400
19.058400
25.213600
12.848400
10.025700
14.455900
23.033500
20.557400
30.822100
22.395200
17.255300
10.015900
13.871000
27.037700
13.921200
7.453100
7.737690
15.606300
29.924300
44.088700
41.865000
21.360200
37.567000
8.152240
10.640100
35.745600
36.314600
21.468500
15.825000
13.923300
22.586300
10.819300
20.993900
26.235500
25.771700
7.029110
8.374500
14.306600
11.941000
7.806280
12.579200
40.751600
28.305800
29.544500
24.627700
39.462100
27.349700
27.006000
25.779700
35.081700
34.890400
42.069600
23.849100
44.427900
28.143600
31.564500
25.073900
33.384900
41.787800
16.338300
11.193600
18.350300
29.370600
38.993100
38.791800
15.765600
10.808800
18.497100
25.351300
38.615200
29.153800
26.772000
31.716700
40.557800
38.365800
36.560000
35.551500
34.250600
37.475500
40.282700
32.224000
35.918000
35.513000
43.261700
33.049800
34.823100
18.444900
19.198400
8.800840
14.750700
33.981000
41.224100
27.747000
31.509600
34.087200
26.994500
21.424800
10.946200
13.708300
29.560800
32.982600
37.598300
7.999720
22.381600
16.990200
16.181500
30.169600
7.370880
18.913900
24.157200
19.113400
19.515700
21.339500
7.486790
10.919000
34.194000
24.409400
26.084600
15.568300
36.093700
20.103600
15.478300
23.586700
35.714700
13.491600
17.270500
6.715440
37.718000
40.174600
36.726000
25.811600
32.479100
20.311500
17.049900
28.365200
7.527430
25.683600
41.309000
32.523100
35.300800
38.450000
41.668400
39.589200
41.326600
28.573200
43.415100
29.990100
19.977300
10.461000
22.399800
12.694100
6.982210
9.641430
32.715500
28.985000
15.134700
18.264200
12.081900
39.712300
15.260100
16.903900
15.883300
41.721100
20.993100
12.161300
21.013800
43.220300
28.052900
11.892800
17.311200
9.319830
28.947900
43.277200
16.498500
21.731400
5.991280
17.305500
42.663400
39.114100
31.304000
11.552900
13.297700
17.697900
25.822200
33.013100
34.420500
32.910900
35.682800
34.020100
39.463400
33.831700
29.622100
11.462000
33.296800
29.809400
40.171200
40.801300
26.427100
31.009300
23.360800
21.360300
41.405200
39.324700
24.882100
21.082100
5.974700
27.137200
40.959800
26.297000
40.814800
23.291500
37.597300
26.311200
40.976100
34.537400
37.283700
10.586900
16.168000
21.262400
19.346700
31.686300
16.571400
27.720000
37.260200
36.856200
43.879000
35.432000
34.307200
42.188000
42.019000
38.689000
18.074800
24.850800
22.561600
28.658800
30.829900
37.261600
35.909800
42.752700
41.929400
26.162100
18.944700
22.546200
21.634200
33.990700
34.593000
40.002200
42.228200
36.429100
44.223600
38.748200
37.198200
35.775400
35.775400
