5.694240
5.670790
5.598030
5.824890
5.646260
5.640970
5.787060
5.621140
5.753610
5.706170
5.660210
5.770520
5.612960
5.685850
5.700890
5.684060
5.579590
5.709770
5.632610
5.627370
5.747720
5.740970
5.582650
5.631440
5.613210
5.560910
5.721000
5.732670
5.739680
5.676910
5.718090
5.619730
5.578290
5.680550
5.687720
5.606370
5.715900
5.550360
5.666870
5.538160
5.713900
5.621710
5.796050
5.709730
5.669050
5.579200
5.715620
5.673280
5.670030
5.727530
5.703260
5.701150
5.597650
5.620660
5.625400
5.605660
5.774340
5.686950
5.647820
5.608510
5.544330
5.669310
5.674810
5.641310
5.672670
5.687250
5.610350
5.664690
5.678940
5.728630
5.633720
5.559880
5.723730
5.683310
5.735490
5.722040
5.653000
5.622150
5.647830
5.720070
5.598570
5.725300
5.608500
5.665840
5.670980
5.619380
5.704350
5.704900
5.530290
5.563140
5.639890
5.744430
5.609730
5.661100
5.658330
5.676830
5.723870
5.618690
5.750090
5.701210
5.600790
5.582180
5.626080
5.706060
5.720020
5.566770
5.688370
5.613840
5.668560
5.615850
5.637090
5.629760
5.734960
5.722650
5.732920
5.640690
5.649010
5.585970
5.684170
5.591700
5.671380
5.668730
5.773330
5.699880
5.615160
5.664530
5.723430
5.688330
5.653080
5.634790
5.668980
5.718140
5.686410
5.688340
5.585040
5.605670
5.619790
5.641620
5.589710
5.755230
5.678080
5.745980
5.602010
5.669650
5.640590
5.711730
5.704170
5.546140
5.655250
5.659310
5.616710
5.656030
5.738430
5.465780
5.588730
5.676820
5.685040
5.630580
5.683300
5.754890
5.587610
5.662040
5.628820
5.637380
5.519230
5.706910
5.707990
5.604240
5.667830
5.637670
5.669770
5.715730
5.652770
5.632720
5.612140
5.624660
5.674740
5.628780
5.616400
5.601050
5.702700
5.677580
5.661480
5.670350
5.571620
5.641250
5.749640
5.659970
5.626460
5.674870
5.679080
5.623780
5.698890
5.702020
5.626220
5.662650
5.683770
5.672870
5.661050
5.589410
5.715910
5.659950
5.596360
5.684360
5.670020
5.676640
5.709260
5.713950
5.677330
5.695850
5.759710
5.662900
5.690210
5.590340
5.668690
5.748180
5.660160
5.681540
5.570200
5.658860
5.736670
5.625160
5.765840
5.644000
5.596550
5.760090
5.490080
5.666580
5.675920
5.650530
5.617060
5.605320
5.699720
5.775690
5.669130
5.603930
5.700090
5.743220
5.621640
5.682440
5.726840
5.705460
5.733470
5.747860
5.696070
5.724840
5.632100
5.601160
5.614710
5.599440
5.701110
5.614210
5.572890
5.759060
5.669680
5.733910
5.643510
5.681230
5.644430
5.661710
5.639470
5.588520
5.653180
5.679440
5.610620
5.662500
5.622770
5.718400
5.682130
5.668340
5.640860
5.690640
5.594140
5.656300
5.706170
5.670910
5.574520
5.688410
5.551470
5.585800
5.574480
5.647580
5.529440
5.596170
5.701720
5.710940
5.672580
5.650810
5.737300
5.703460
5.682740
5.694060
5.659190
5.591260
5.637800
5.675030
5.718850
5.716020
5.597710
5.589410
5.648780
5.641700
5.728880
5.680760
5.659020
5.570570
5.530560
5.561000
5.690720
5.684950
5.623000
5.607910
5.661530
5.785840
5.697510
5.697440
5.714050
5.693880
5.771570
5.661070
5.668290
5.581300
5.693480
5.665960
5.672490
5.733410
5.717770
5.693010
5.662660
5.619240
5.679580
5.568780
5.659180
5.550110
5.667720
5.670240
5.636000
5.568380
5.710040
5.742220
5.666920
5.572920
5.618400
5.613420
5.760900
5.727330
5.626440
5.726470
5.734650
5.674160
5.534150
5.616870
5.641450
5.651460
5.614680
5.640190
5.681360
5.568350
5.745970
5.720930
5.631530
5.652800
5.664710
5.553070
5.464810
5.688850
5.704670
5.661450
5.687060
5.619400
5.748950
5.581450
5.668220
5.605710
5.722800
5.594360
5.747800
5.636200
5.735240
5.644320
5.655060
5.582020
5.738300
5.531570
5.687610
5.609140
5.663520
5.609990
5.604480
5.649370
5.534800
5.740460
5.710460
5.677980
5.615660
5.744520
5.715140
5.740520
5.547330
5.690940
5.634690
5.639300
5.662850
5.675800
5.581160
5.661920
5.767890
5.688770
5.709190
5.667730
5.779940
5.740400
5.643040
5.661610
5.737110
5.597310
5.747950
5.586080
5.711220
5.660910
5.720960
5.554790
5.707470
5.675570
5.664100
5.709090
5.700270
5.741990
5.629270
5.755050
5.608710
5.621960
5.615040
5.584740
5.746090
5.647020
5.578110
5.641320
5.733910
5.705080
5.636430
5.559320
5.551430
5.674400
5.586740
5.554620
5.692990
5.761250
5.600070
5.723180
5.703440
5.611770
5.611210
5.639470
5.602380
5.651940
5.667030
5.756460
5.586760
5.639750
5.662800
5.687690
5.602720
5.683800
5.643230
5.664550
5.555170
5.606970
5.707650
5.603270
5.703530
5.736130
5.637800
5.646790
5.647680
5.634560
5.698860
5.765330
5.737740
5.739370
5.680640
5.731400
5.588190
5.663950
5.619620
5.624820
5.621280
5.584910
5.635880
5.659240
5.619490
5.698090
5.699190
5.664060
5.683550
5.859620
5.651710
5.566880
5.647920
5.732250
5.675520
5.621460
5.674930
5.793770
5.744300
5.552790
5.718330
5.695600
5.643190
5.767900
5.732250
5.705260
5.672770
5.661900
5.718340
5.683830
5.613170
5.681240
5.612340
5.593130
5.644100
5.624630
5.628400
5.669850
5.618530
5.655260
5.741030
5.699430
5.687490
5.803160
5.682750
5.643570
5.715890
5.637380
5.606420
5.772050
5.606960
5.617120
5.651020
5.679650
5.827970
5.730780
5.619180
5.725320
5.687650
5.613700
5.641010
5.677010
5.585080
5.622750
5.758880
5.686260
5.711050
5.657500
5.671830
5.622850
5.768660
5.602050
5.660870
5.580380
5.535830
5.554260
5.685720
5.644250
5.640040
5.714780
5.668940
5.709740
5.724340
5.710340
5.693490
5.679920
5.692270
5.711060
5.673830
5.706990
5.702540
5.616330
5.694100
5.618760
5.704860
5.735100
5.757620
5.630190
5.652150
5.590960
5.633930
5.641390
5.572040
5.535840
5.664220
5.610600
5.623730
5.706390
5.677220
5.749240
5.696530
5.735560
5.619080
5.705490
5.658090
5.594940
5.534600
5.621430
5.712430
5.596870
5.722410
5.559550
5.623510
5.606440
5.610550
5.642780
5.675610
5.648610
5.672260
5.699340
5.606540
5.650960
5.719200
5.689250
5.653520
5.780270
5.608970
5.760430
5.659300
5.668150
5.616030
5.708290
5.702120
5.661150
5.629200
5.770440
5.753230
5.698400
5.661030
5.575130
5.798290
5.550930
5.695860
5.544340
5.697670
5.705120
5.584070
5.696580
5.635030
5.702790
5.592530
5.574920
5.658910
5.681700
5.676400
5.615190
5.648030
5.734510
5.552290
5.685520
5.791160
5.724470
5.708360
5.660920
5.609640
5.631960
5.656900
5.633230
5.639150
5.619120
5.602230
5.756360
5.595960
5.662020
5.597700
5.580240
5.659850
5.676410
5.690740
5.676760
5.773160
5.665580
5.593100
5.555970
5.608920
5.540930
5.592490
5.830080
5.663910
5.675780
5.638370
5.627900
5.641820
5.689460
5.707960
5.671430
5.642420
5.561910
5.609960
5.673720
5.531520
5.700390
5.629110
5.661260
5.596460
5.586510
5.596740
5.689660
5.674250
5.682760
5.808130
5.638490
5.674800
5.686950
5.697840
5.689450
5.548470
5.631980
5.626160
5.630780
5.581100
5.575920
5.535800
5.622150
5.738900
5.712580
5.621640
5.573240
5.537210
5.764150
5.654230
5.713700
5.663100
5.659270
5.640240
5.690320
5.644120
5.645490
5.687570
5.682610
5.771300
5.620520
5.659000
5.760800
5.612360
5.542140
5.683870
5.717310
5.690250
5.735570
5.704170
5.726600
5.648940
5.594650
5.601490
5.728760
5.681820
5.670910
5.688680
5.596210
5.527430
5.725670
5.764060
5.674020
5.683480
5.776620
5.638120
5.674390
5.719780
5.660780
5.611810
5.571220
5.662350
5.645610
5.690950
5.715500
5.797990
5.644420
5.667180
5.586010
5.559140
5.660110
5.592560
5.632530
5.803420
5.649090
5.563040
5.590780
5.635030
5.712270
5.688500
5.538630
5.720460
5.671470
5.560130
5.694360
5.670370
5.717530
5.705010
5.569780
5.805190
5.678250
5.714860
5.596390
5.650370
5.733800
5.590770
5.610940
5.645320
5.627330
5.683990
5.667690
5.551500
5.628960
5.750220
5.763860
5.715760
5.713940
5.791150
5.758000
5.640670
5.539970
5.608770
5.693070
5.750300
5.683020
5.606640
5.797170
5.641040
5.635880
5.600970
5.616810
5.649790
5.628950
5.670240
5.665500
5.672950
5.659100
5.677170
5.630930
5.690750
5.764510
5.703050
5.675700
5.601450
5.750040
5.548340
5.666000
5.734850
5.752620
5.613280
5.658660
5.687260
5.594950
5.708790
5.616790
5.609380
5.664170
5.660430
5.565320
5.538480
5.618850
5.595180
5.604840
5.730860
5.573280
5.561610
5.665720
5.709610
5.714520
5.619190
5.616920
5.570430
5.709030
5.589020
5.730830
5.630980
5.630040
5.692590
5.612450
5.784800
5.659550
5.675690
5.654490
5.694160
5.685610
5.608420
5.619310
5.691220
5.626330
5.674420
5.713330
5.583350
5.498260
5.635540
5.619780
5.696590
5.668210
5.638860
5.677470
5.553490
5.710710
5.559640
5.588310
5.684380
5.638350
5.741110
5.664210
5.629810
5.651310
5.749730
5.521080
5.835010
5.680660
5.673870
5.765300
5.642550
5.588730
5.547630
5.768150
5.642370
5.584500
5.662140
5.654170
5.725720
5.642330
5.627000
5.589300
5.658190
5.588760
5.662930
5.680170
5.612380
5.607130
5.608480
5.652500
5.628240
5.612020
5.700770
5.684700
5.684630
5.682180
5.706090
5.760350
5.626820
5.501260
5.645210
5.687770
5.570180
5.642060
5.617950
5.693440
5.709860
5.646110
5.592790
5.644200
5.629310
5.660930
5.766400
5.602930
5.588310
5.616190
5.675060
5.728980
5.687120
5.642320
5.806040
5.602530
5.673340
5.577560
5.673050
5.640440
5.674970
5.655020
5.645090
5.626020
5.830880
5.767540
5.700430
5.600770
5.663900
5.703360
5.627540
5.737320
5.518980
5.785150
5.585830
5.731400
5.728930
5.616230
5.707180
5.669840
5.500380
5.684070
5.695580
5.505890
5.739210
5.658520
5.718470
5.774980
5.640620
5.752840
5.703560
5.628300
5.560540
5.731130
5.684110
5.687530
5.672110
5.524730
5.590850
5.716430
5.572880
5.681400
5.677040
5.594580
5.668320
5.578180
5.709650
5.798190
5.719740
5.592060
5.591860
5.586600
5.586750
5.690760
5.542920
5.771330
5.697230
5.689180
5.682280
5.528310
5.623660
5.615470
5.515340
5.705980
5.633760
5.576220
5.661880
5.681920
5.649230
5.533220
5.709010
5.586530
5.691870
5.599480
5.686110
5.642180
5.546680
5.766230
5.618060
5.667120
5.656390
5.777330
5.682350
5.696410
5.613350
5.682970
5.618790
5.670600
5.717070
5.628480
5.647400
5.626690
5.667850
5.741190
5.460700
5.617910
5.643670
5.549170
5.668320
5.705700
5.624210
5.726000
5.620580
5.747630
5.641060
5.617760
5.635410
5.714460
5.673950
5.704410
5.664000
5.683930
5.664940
5.725960
5.659610
5.769160
5.643770
5.610680
5.609850
5.579500
5.708820
5.685710
5.640150
5.732670
5.677620
5.730620
5.585990
5.705030
5.675450
5.627580
5.748810
5.669100
5.619050
5.635900
5.516780
5.633960
5.639850
5.783790
5.617860
5.678400
5.779300
5.744220
5.741760
5.706210
5.670700
5.733890
5.632830
5.640340
5.689390
5.646010
5.590630
5.717780
5.655840
5.618610
5.577710
5.691960
5.580870
5.620630
5.603130
5.592450
5.631610
5.576270
5.781100
5.647280
5.560290
5.757080
5.702090
5.736230
5.669680
5.668330
5.706760
5.532660
5.625720
5.559030
5.563120
5.606910
5.617480
5.666870
5.732870
5.676380
5.711550
5.653590
5.549620
5.646610
5.749390
5.687870
5.699640
5.688310
5.660460
5.639200
5.645890
5.691980
5.766650
5.651710
5.648600
5.669990
5.754670
5.606340
5.746770
5.576170
5.593080
5.648960
5.561740
5.637760
5.616280
5.730410
5.599430
5.545000
5.627000
5.711740
5.600900
5.651890
5.614080
5.600280
5.695070
5.697520
5.698150
5.662210
5.629950
5.785130
5.687310
5.627370
5.648230
5.688860
5.546120
5.722150
5.743150
5.668630
5.629630
5.703620
5.724680
5.638100
5.845820
5.729480
5.575390
5.613050
5.640550
5.684280
5.615150
5.681180
5.719400
5.596530
5.685780
5.582640
5.632910
5.652700
5.706390
5.767500
5.805610
5.660070
5.518070
5.736200
5.662560
5.659910
5.750010
5.781810
5.736690
5.630630
5.684240
5.672510
5.699890
5.696960
5.711380
5.731090
5.673030
5.723900
5.677850
5.682420
5.712020
5.666590
5.609380
5.687090
5.642720
5.662700
5.564480
5.543690
5.658090
5.744580
5.725950
5.629830
5.674480
5.604960
5.677740
5.749090
5.666490
5.569660
5.723230
5.635240
5.672090
5.677650
5.730240
5.572240
5.693880
5.591030
5.576860
5.717070
5.637980
5.623390
5.700500
5.724590
5.721960
5.695010
5.766800
5.662400
5.687010
5.640660
5.645910
5.814060
5.686650
5.729950
5.812040
5.685440
5.625100
5.664620
5.638950
5.714810
5.679510
5.579750
5.760430
5.697800
5.699410
5.599830
5.660190
5.614230
5.644030
5.864620
5.648670
5.710220
5.626820
5.679260
5.543280
5.685640
5.681720
5.679620
5.633570
5.630360
5.624210
5.645210
5.621460
5.735390
5.717320
5.606040
5.651900
5.734680
5.643240
5.772340
5.652600
5.647010
5.732590
5.562740
5.587630
5.595200
5.649300
5.632640
5.545690
5.673430
5.603450
5.727420
5.697920
5.541880
5.687080
5.619960
5.575290
5.624320
5.671770
5.587630
5.768660
5.686330
5.722460
5.716830
5.684530
5.720500
5.671650
5.739350
5.717010
5.724820
5.620170
5.677610
5.647370
5.598190
5.603490
5.596130
5.677820
5.613510
5.671120
5.634710
5.645640
5.694000
5.674760
5.732420
5.670100
5.713690
5.719940
5.526000
5.819790
5.650250
5.663620
5.542390
5.680440
5.748550
5.646520
5.702100
5.604830
5.581900
5.683020
5.643430
5.675770
5.632570
5.621720
5.587540
5.694560
5.736120
5.711250
5.608510
5.551820
5.710910
5.667040
5.652960
5.554300
5.630940
5.528100
5.643030
5.599790
5.751140
5.729940
5.497020
5.611550
5.577740
5.684230
5.614340
5.578530
5.685500
5.612070
5.683490
5.777390
5.689220
5.741650
5.750390
5.782690
5.557980
5.695620
5.698830
5.637400
5.570400
5.635450
5.647710
5.620160
5.736010
5.686920
5.663820
5.609940
5.779030
5.602890
5.557300
5.501490
5.654950
5.674790
5.708740
5.737430
5.591480
5.718330
5.716910
5.737160
5.739110
5.508920
5.594240
5.780710
5.688580
5.574690
5.564330
5.681960
5.713630
5.687690
5.697590
5.651080
5.604740
5.779020
5.649130
5.696250
5.616450
5.749230
5.741180
5.682460
5.645470
5.594040
5.663600
5.667890
5.596880
5.773030
5.662250
5.698540
5.587530
5.606320
5.717180
5.705220
5.659040
5.688800
5.693690
5.570830
5.663580
5.631640
5.639680
5.641970
5.674030
5.558580
5.609730
5.703270
5.788760
5.568890
5.725140
5.610730
5.790800
5.650890
5.679810
5.645110
5.693870
5.617230
5.653210
5.660220
5.656600
5.620060
5.776350
5.725390
5.610020
5.654860
5.805730
5.696670
5.586870
5.704230
5.636490
5.672760
5.649220
5.655330
5.448010
5.706450
5.641010
5.637680
5.700090
5.550190
5.704980
5.621950
5.620900
5.767470
5.780760
5.520400
5.659260
5.786640
5.837780
5.708390
5.697580
5.624900
5.673280
5.543500
5.649700
5.635400
5.547590
5.678690
5.634550
5.597450
5.595640
5.701290
5.758720
5.592210
5.629110
5.588810
5.613890
5.499140
5.649770
5.727250
5.606540
5.786020
5.587530
5.663110
5.596910
5.609340
5.746250
5.613770
5.654170
5.627720
5.646220
5.594380
5.719820
5.698060
5.862350
5.614250
5.646430
5.643810
5.760010
5.660430
5.681850
5.747410
5.560960
5.652070
5.631060
5.733660
5.779220
5.648030
5.680010
5.735850
5.742730
5.583690
5.693700
5.625220
5.681080
5.651640
5.613800
5.635190
5.718860
5.694970
5.737410
5.601170
5.742750
5.646640
5.577960
5.721490
5.659000
5.632120
5.691040
5.635200
5.688520
5.677840
5.586400
5.675700
5.679910
5.587390
5.742540
5.585210
5.690210
5.638590
5.671440
5.692680
5.659370
5.696260
5.620090
5.647480
5.612850
5.560880
5.738150
5.785650
5.635220
5.708390
5.832350
5.804970
5.570920
5.708120
5.635580
5.614120
5.671290
5.708050
5.763330
5.700730
5.590040
5.624580
5.726880
5.617880
5.686860
5.622890
5.621240
5.643840
5.552210
5.724430
5.719700
5.570590
5.673800
5.612490
5.646850
5.670390
5.749070
5.736580
5.691670
5.685420
5.683470
5.610230
5.829050
5.592160
5.685920
5.643750
5.649820
5.664510
5.774930
5.686590
5.662490
5.689300
5.598290
5.664490
5.607350
5.711110
5.702250
5.591200
5.708180
5.742700
5.705450
5.720910
5.681530
5.675910
5.776630
5.581470
5.564370
5.639400
5.667240
5.671320
5.724700
5.707640
5.673680
5.696750
5.706320
5.643050
5.742900
5.725830
5.656690
5.649900
5.602090
5.708660
5.726690
5.670050
5.776320
5.606880
5.680950
5.654250
5.633850
5.681070
5.651270
5.679090
5.697800
5.644700
5.692670
5.662180
5.695910
5.548800
5.706420
5.569310
5.586230
5.669570
5.600940
5.677220
5.760450
5.589790
5.504350
5.724430
5.683140
5.671560
5.580890
5.641390
5.564580
5.779600
5.737580
5.696750
5.539130
5.441430
5.738560
5.661490
5.726730
5.536020
5.561190
5.670920
5.737740
5.665450
5.711810
5.587090
5.575840
5.645920
5.567310
5.539280
5.523030
5.701420
5.501770
5.649930
5.683890
5.608670
5.807290
5.588860
5.663030
5.650490
5.694310
5.613960
5.662160
5.647570
5.615260
5.739410
5.748770
5.646940
5.565340
5.663430
5.500460
5.630910
5.632690
5.689480
5.654360
5.619870
5.697340
5.494800
5.608980
5.613740
5.752450
5.664850
5.543600
5.643170
5.547110
5.649080
5.673580
5.666460
5.552870
5.719630
5.662320
5.665970
5.680640
5.624580
5.731410
5.620910
5.642900
5.590740
5.633960
5.623490
5.738400
5.685790
5.661840
5.720280
5.691560
5.669170
5.652060
5.791900
5.694880
5.543990
5.625010
5.598620
5.636720
5.598950
5.779220
5.683550
5.605110
5.669440
5.681770
5.674870
5.680770
5.712040
5.668960
5.649740
5.686520
5.731400
5.467650
5.661050
5.653560
5.553360
5.653840
5.656810
5.565140
5.715660
5.607060
5.533500
5.624660
5.754040
5.737420
5.760840
5.557690
5.791680
5.722280
5.762590
5.648970
5.688120
5.747810
5.640310
5.577630
5.774920
5.652590
5.595460
5.706150
5.592250
5.603400
5.696280
5.718470
5.711380
5.747230
5.785790
5.547010
5.713380
5.692080
5.638830
5.659850
5.678940
5.813060
5.595070
5.729450
5.670430
5.621450
5.575710
5.524540
5.762000
5.610530
5.770500
5.591300
5.759920
5.490930
5.641780
5.605540
5.713180
5.682030
5.573260
5.652760
5.624210
5.593220
5.662790
5.737030
5.681910
5.692410
5.609760
5.603320
5.647370
5.673500
5.653260
5.580270
5.635370
5.648970
5.704110
5.671340
5.661120
5.502820
5.662310
5.642650
5.690090
5.711150
5.738430
5.611710
5.636610
5.562980
5.683250
5.571010
5.720790
5.521100
5.599580
5.660080
5.727940
5.658000
5.692960
5.697390
5.648980
5.620700
5.590780
5.731170
5.741620
5.667720
5.666030
5.648600
5.617080
5.665510
5.689360
5.636480
5.588880
5.607040
5.635990
5.599610
5.597720
5.599960
5.629340
5.656910
5.596740
5.638700
5.518740
5.652960
5.730210
5.621570
5.618150
5.618620
5.647080
5.754430
5.747830
5.742930
5.700850
5.639440
5.635860
5.613540
5.675490
5.654920
5.694620
5.712110
5.735730
5.705580
5.738860
5.581910
5.652920
5.702560
5.574140
5.617830
5.569540
5.652680
5.639460
5.636360
5.578660
5.725360
5.536990
5.656130
5.609560
5.747290
5.603280
5.717930
5.622060
5.709240
5.574760
5.683760
5.612050
5.790100
5.587930
5.663950
5.751980
5.654740
5.672550
5.670490
5.643760
5.621190
5.516370
5.654560
5.736670
5.524570
5.611300
5.679880
5.641850
5.575280
5.640720
5.649880
5.575430
5.705320
5.695330
5.644940
5.639860
5.639620
5.591290
5.646370
5.618510
5.656810
5.610600
5.619770
5.667540
5.691930
5.666980
5.699580
5.698320
5.659670
5.573630
5.637950
5.625380
5.579920
5.636250
5.680620
5.673850
5.584880
5.579740
5.621790
5.583880
5.593980
5.748260
5.851260
5.685190
5.758210
5.752510
5.646140
5.641690
5.631420
5.689290
5.669760
5.743170
5.686400
5.712650
5.589720
5.598260
5.587580
5.678110
5.499540
5.620270
5.610170
5.635990
5.690980
5.662680
5.731000
5.538620
5.682480
5.678260
5.676950
5.710040
5.650520
5.731680
5.604830
5.663750
5.622460
5.594310
5.654360
5.714140
5.640030
5.677070
5.530430
5.564890
5.701450
5.687240
5.638860
5.537610
5.659400
5.607110
5.609690
5.662580
5.660960
5.717520
5.657190
5.554410
5.738440
5.647090
5.779900
5.713870
5.630790
5.654800
5.663930
5.708890
5.719410
5.631310
5.513890
5.648560
5.646060
5.702450
5.579770
5.716040
5.747320
5.711750
5.722110
5.629910
5.630950
5.747720
5.630730
5.727690
5.691510
5.695760
5.731830
5.771270
5.625410
5.507550
5.736400
5.554490
5.628130
5.773150
5.686060
5.557730
5.670460
5.677890
5.545500
5.653870
5.675150
5.671070
5.675590
5.700450
5.692340
5.601090
5.517570
5.556390
5.584010
5.692310
5.692300
5.686450
5.668250
5.634850
5.743370
5.725820
5.674780
5.620240
5.601430
5.687170
5.559050
5.670110
5.686210
5.629960
5.643270
5.616800
5.677200
5.651090
5.685340
5.680310
5.633440
5.685130
5.804400
5.833440
5.677960
5.598210
5.819790
5.670350
5.683290
5.660460
5.721720
5.672860
5.637900
5.686670
5.680580
5.736760
5.576910
5.669680
5.726270
5.570240
5.657060
5.621740
5.672130
5.652920
5.782600
5.620430
5.666390
5.762350
5.582690
5.651050
5.643690
5.589050
5.590020
5.564660
5.748940
5.658800
5.674990
5.704210
5.668810
5.641480
5.583240
5.694660
5.726060
5.778440
5.617950
5.711040
5.700380
5.633830
5.604830
5.732000
5.657480
5.718500
5.737550
5.688640
5.705910
5.662460
5.702740
5.672210
5.670370
5.677330
5.644800
5.692010
5.663550
5.709130
5.614980
5.671210
5.730140
5.657010
5.553590
5.643680
5.681720
5.630870
5.665010
5.711300
5.704550
5.705850
5.654030
5.723130
5.777490
5.684550
5.615000
5.715110
5.616430
5.726910
5.638570
5.692330
5.619030
5.731790
5.678080
5.629350
5.583800
5.628470
5.653790
5.734670
5.590440
5.769950
5.627080
5.738140
5.585470
5.686950
5.582950
5.687670
5.643140
5.711990
5.656370
5.599960
5.671300
5.633380
5.614250
5.733320
5.567320
5.622280
5.628630
5.526850
5.745320
5.716450
5.701210
5.601990
5.762680
5.676550
5.628420
5.584410
5.604560
5.700070
5.661610
5.698480
5.637160
5.638150
5.636410
5.638580
5.518000
5.588630
5.657980
5.860830
5.693970
5.772460
5.673800
5.673240
5.706570
5.712580
5.754020
5.569440
5.601070
5.573110
5.522450
5.678240
5.687230
5.660130
5.545080
5.713550
5.742020
5.697520
5.696890
5.758850
5.659720
5.587480
5.649760
5.609350
5.566630
5.606010
5.677270
5.494870
5.696410
5.686630
5.691540
5.730010
5.750530
5.755030
5.511990
5.644420
5.747270
5.667250
5.632430
5.685750
5.600140
5.663920
5.613010
5.688460
5.663590
5.752400
5.614400
5.645600
5.534770
5.651820
5.636320
5.554210
5.749220
5.593980
5.534490
5.742780
5.682640
5.637830
5.639460
5.759420
5.708450
5.645760
5.616900
5.698800
5.654380
5.703930
5.576090
5.718380
5.654930
5.784860
5.609710
5.595550
5.665410
5.738680
5.600230
5.699520
5.688620
5.648530
5.579680
5.688240
5.558030
5.691260
5.575860
5.732700
5.672780
5.594090
5.711500
5.691400
5.634060
5.676040
5.696240
5.723870
5.616120
5.571110
5.649900
5.716880
5.635760
5.686870
5.738030
5.762740
5.685280
5.630430
5.695520
5.714480
5.689060
5.645900
5.674930
5.819320
5.664400
5.711800
5.754420
5.635820
5.720220
5.864120
5.642920
5.625230
5.636680
5.669320
5.629080
5.748540
5.596810
5.617530
5.637080
5.589930
5.580360
5.662070
5.617370
5.533810
5.715090
5.613730
5.685090
5.770520
5.578800
5.648990
5.573560
5.852760
5.579470
5.755360
5.552460
5.818720
5.647550
5.481910
5.677230
5.558430
5.652280
5.678120
5.656750
5.704400
5.628520
5.578430
5.607850
5.634020
5.600080
5.512030
5.802720
5.617090
5.573830
5.724690
5.663960
5.625600
5.677840
5.605310
5.514280
5.580630
5.661680
5.678230
5.655240
5.606770
5.649810
5.590850
5.601960
5.817820
5.595750
5.707170
5.626150
5.692050
5.725370
5.534000
5.681570
5.661210
5.702850
5.648170
5.699800
5.622160
5.668070
5.542550
5.617760
5.632880
5.682920
5.768510
5.702190
5.576940
5.610400
5.724160
5.678590
5.736400
5.666190
5.696680
5.687130
5.648570
5.683000
5.538650
5.603310
5.594440
5.662500
5.575200
5.651350
5.721690
5.700920
5.699020
5.516840
5.638420
5.676510
5.698400
5.678000
5.652450
5.833000
5.704640
5.706020
5.628660
5.567660
5.651920
5.556560
5.612390
5.743100
5.708330
5.778390
5.675270
5.674260
5.656020
5.668280
5.718680
5.685290
5.531380
5.623040
5.623130
5.633280
5.642800
5.590310
5.639050
5.623280
5.741430
5.693890
5.759400
5.643970
5.613040
5.652120
5.693210
5.623950
5.629500
5.618890
5.640900
5.640400
5.638410
5.673310
5.674920
5.577510
5.621770
5.624410
5.708240
5.736690
5.722130
5.552390
5.552240
5.627320
5.771160
5.700800
5.635480
5.702860
5.665510
5.658810
5.554210
5.765150
5.611110
5.647220
5.679760
5.651190
5.629800
5.593220
5.716590
5.720140
5.631070
5.681830
5.665500
5.559150
5.669460
5.644160
5.618260
5.593930
5.639360
5.697910
5.567450
5.683020
5.663590
5.641310
5.619890
5.550480
5.553210
5.695130
5.801820
5.724310
5.580500
5.652270
5.731520
5.613150
5.650630
5.637160
5.490570
5.671540
5.628590
5.683820
5.770900
5.688750
5.627230
5.670850
5.574170
5.616060
5.636300
5.660310
5.685380
5.711580
5.532600
5.740710
5.673670
5.681540
5.719240
5.632620
5.754080
5.620070
5.657650
5.695210
5.696730
5.631430
5.637790
5.678610
5.707740
5.597410
5.675650
5.594570
5.693750
5.589800
5.635780
5.591600
5.762340
5.645690
5.693430
5.781360
5.676990
5.665990
5.560610
5.628870
5.559480
5.651720
5.686450
5.609530
5.648030
5.712490
5.534880
5.561400
5.662230
5.769020
5.694210
5.554480
5.630470
5.661690
5.730640
5.634350
5.587770
5.636060
5.525150
5.695590
5.639410
5.599420
5.715670
5.670340
5.653640
5.585170
5.663310
5.669690
5.687470
5.682750
5.692260
5.641310
5.679070
5.698210
5.683190
5.830760
5.662690
5.629960
5.601970
5.752880
5.638490
5.668280
5.691290
5.619680
5.673220
5.593590
5.677370
5.674490
5.595250
5.612160
5.655650
5.653140
5.615390
5.647060
5.672980
5.592990
5.617920
5.642770
5.641950
5.635150
5.565410
5.606850
5.618300
5.713130
5.611070
5.708670
5.679480
5.689120
5.672970
5.645900
5.679930
5.677910
5.681430
5.752080
5.670890
5.758090
5.661170
5.553030
5.686680
5.652620
5.699810
5.689940
5.581840
5.719170
5.805220
5.578810
5.710350
5.604130
5.685360
5.667190
5.583190
5.670460
5.610160
5.832030
5.629910
5.620410
5.763450
5.655600
5.649050
5.629140
5.586950
5.659490
5.584430
5.636030
5.619130
5.656210
5.596530
5.750600
5.637690
5.535550
5.724800
5.604870
5.623920
5.587110
5.657580
5.533970
5.700200
5.717390
5.658450
5.677160
5.692760
5.699310
5.705060
5.560960
5.599800
5.705700
5.713540
5.602960
5.631160
5.609670
5.710630
5.708800
5.651860
5.647470
5.633700
5.655140
5.641250
5.740810
5.736910
5.616870
5.676950
5.628840
5.752910
5.699160
5.804480
5.524640
5.686080
5.823530
5.722090
5.620470
5.747430
5.685980
5.757570
5.674680
5.763520
5.609930
5.656140
5.657230
5.637910
5.608110
5.629400
5.649970
5.528170
5.669730
5.757160
5.821070
5.573410
5.591360
5.665660
5.681570
5.634700
5.604670
5.689730
5.642550
5.643120
5.637720
5.637440
5.778750
5.697060
5.620450
5.698370
5.700910
5.783960
5.725330
5.695300
5.681570
5.708540
5.725840
5.623670
5.602020
5.609230
5.728690
5.513580
5.564690
5.622510
5.557810
5.637100
5.746780
5.591980
5.619700
5.566150
5.680050
5.633300
5.612350
5.727850
5.732410
5.629390
5.698670
5.706490
5.704950
5.617390
5.691130
5.793220
5.483550
5.684450
5.678510
5.644790
5.624830
5.563660
5.683480
5.737320
5.681400
5.710430
5.671960
5.687630
5.660320
5.724760
5.640490
5.689580
5.729230
5.771370
5.620830
5.600370
5.733390
5.687010
5.677200
5.742130
5.673170
5.602120
5.687650
5.752630
5.756670
5.723920
5.650300
5.570500
5.537930
5.709280
5.692060
5.557040
5.723500
5.671090
5.713580
5.649660
5.669920
5.729900
5.776640
5.647000
5.716500
5.619590
5.551080
5.614780
5.742610
5.685500
5.634800
5.568700
5.629870
5.555700
5.675800
5.674540
5.601300
5.561590
5.679120
5.711570
5.536930
5.641220
5.727350
5.739370
5.661570
5.726360
5.576070
5.584700
5.644670
5.693550
5.616840
5.637450
5.712100
5.670710
5.615300
5.453470
5.544890
5.505210
5.591290
5.579700
5.591400
5.625000
5.627610
5.644980
5.619100
5.663260
5.699450
5.742730
5.624220
5.730700
5.625210
5.700650
5.683260
5.642320
5.601140
5.590820
5.716350
5.603230
5.652370
5.651430
5.681980
5.592090
5.615320
5.643780
5.547250
5.618970
5.772000
5.560510
5.693240
5.558300
5.586610
5.725740
5.744790
5.659210
5.672350
5.744160
5.737580
5.793990
5.709800
5.676570
5.645910
5.709880
5.599360
5.698020
5.654580
5.671830
5.658200
5.621840
5.579910
5.681770
5.733290
5.681670
5.740090
5.522050
5.572240
5.856720
5.832340
5.770590
5.632960
5.639750
5.576250
5.644750
5.708820
5.680350
5.624430
5.715570
5.600650
5.713660
5.617840
5.629500
5.667650
5.699350
5.782120
5.647670
5.702370
5.606590
5.810030
5.645320
5.723150
5.693090
5.630790
5.660080
5.767260
5.724250
5.764530
5.704380
5.632940
5.595770
5.714830
5.719880
5.550690
5.668570
5.728920
5.611500
5.678720
5.608980
5.618870
5.707960
5.653480
5.657730
5.592840
5.640620
5.673220
5.604710
5.611880
5.560120
5.623960
5.650130
5.734380
5.646600
5.800850
5.643490
5.756200
5.649040
5.744610
5.641540
5.555300
5.576180
5.634640
5.790660
5.645790
5.564280
5.692760
5.623330
5.660930
5.661240
5.659270
5.641290
5.681180
5.628000
5.620680
5.556860
5.668850
5.637710
5.636760
5.665860
5.674460
5.546540
5.543410
5.657500
5.691970
5.601340
5.700790
5.715110
5.585980
5.570040
5.585700
5.677890
5.606610
5.678060
5.638370
5.566340
5.630370
5.669320
5.608610
5.620200
5.724730
5.708830
5.691670
5.666170
5.628580
5.619770
5.681940
5.586690
5.578160
5.720870
5.689490
5.685230
5.637480
5.660320
5.612950
5.775530
5.668600
5.763860
5.697180
5.607540
5.632870
5.634040
5.633490
5.604570
5.582300
5.658980
5.700950
5.629630
5.628750
5.607730
5.651400
5.684520
5.543890
5.607840
5.606420
5.531650
5.639390
5.588330
5.606450
5.685660
5.698940
5.681100
5.681670
5.686710
5.540620
5.742220
5.579210
5.648390
5.668710
5.675440
5.678930
5.626440
5.596480
5.662980
5.729050
5.559490
5.613480
5.465220
5.642990
5.793010
5.648160
5.650090
5.542780
5.650990
5.699780
5.597100
5.596660
5.693860
5.699840
5.730580
5.832560
5.660500
5.578480
5.774190
5.697240
5.734510
5.656850
5.700550
5.673180
5.634020
5.681460
5.560470
5.725960
5.587210
5.669050
5.680450
5.608860
5.666750
5.627570
5.686360
5.696800
5.595120
5.779870
5.612640
5.694170
5.586700
5.607270
5.613310
5.680420
5.645750
5.553590
5.694940
5.525570
5.611480
5.667800
5.648730
5.644380
5.580390
5.725060
5.781060
5.715640
5.569120
5.688590
5.549070
5.645940
5.732780
5.688200
5.672650
5.670680
5.683770
5.674560
5.745270
5.630590
5.562870
5.657890
5.467290
5.665770
5.624350
5.670360
5.644860
5.743580
5.687110
5.572060
5.632310
5.631560
5.715860
5.654160
5.639190
5.643120
5.632280
5.712960
5.576170
5.547660
5.616760
5.627640
5.652140
5.651260
5.680080
5.611530
5.666670
5.716000
5.680240
5.697150
5.678490
5.686290
5.621430
5.543670
5.667830
5.611400
5.660790
5.654680
5.625490
5.583990
5.655550
5.633140
5.673490
5.681490
5.622740
5.752430
5.718090
5.701540
5.714430
5.724340
5.552250
5.731240
5.588540
5.646440
5.528590
5.646830
5.669070
5.692620
5.606500
5.737380
5.678540
5.691170
5.686060
5.627800
5.638170
5.650300
5.632790
5.681780
5.650310
5.753140
5.688310
5.594140
5.710950
5.658890
5.624750
5.705970
5.564520
5.709400
5.607370
5.768640
5.532650
5.678920
5.703130
5.703920
5.577110
5.552220
5.605560
5.579520
5.749190
5.663720
5.684030
5.643630
5.623750
5.621080
5.733360
5.630500
5.572050
5.743900
5.732290
5.653350
5.621220
5.618780
5.685430
5.778930
5.798860
5.701380
5.796260
5.750200
5.703170
5.581220
5.542410
5.634640
5.666490
5.604180
5.654650
5.708680
5.644210
5.760000
5.552630
5.655330
5.656970
5.644780
5.604480
5.487080
5.669400
5.613820
5.663060
5.649860
5.783020
5.623240
5.635930
5.673410
5.679330
5.609180
5.654450
5.553620
5.749770
5.681890
5.705440
5.623810
5.620940
5.551380
5.713290
5.569250
5.733220
5.703820
5.619840
5.626710
5.658740
5.748880
5.662470
5.635020
5.728080
5.713520
5.644690
5.646370
5.542860
5.605080
5.809560
5.660340
5.599770
5.618860
5.699320
5.609090
5.561540
5.779110
5.633510
5.635980
5.594360
5.523190
5.706390
5.692420
5.751780
5.766040
5.686010
5.562880
5.580800
5.652680
5.604270
5.680430
5.615890
5.715080
5.605770
5.657330
5.735980
5.552320
5.587400
5.583140
5.636010
5.561530
5.568440
5.677580
5.647160
5.711900
5.674920
5.771850
5.572940
5.605380
5.711460
5.652930
5.634200
5.568840
5.717660
5.584470
5.715400
5.683740
5.668900
5.676950
5.572380
5.530230
5.628080
5.618040
5.625570
5.543880
5.678130
5.752450
5.672950
5.687660
5.696440
5.617710
5.726380
5.617540
5.809540
5.672440
5.669330
5.652350
5.602390
5.589930
5.702380
5.752150
5.764940
5.551890
5.770780
5.742490
5.618110
5.678520
5.537390
5.751270
5.605570
5.739980
5.659410
5.711720
5.767680
5.699040
5.726660
5.729670
5.585350
5.628350
5.605040
5.618420
5.832340
5.570510
5.609590
5.689580
5.596990
5.543970
5.602960
5.805690
5.601140
5.612850
5.625370
5.610350
5.656620
5.599060
5.622210
5.666300
5.712130
5.693380
5.691990
5.649530
5.767110
5.592290
5.560680
5.656410
5.706190
5.688570
5.658950
5.655010
5.594490
5.679060
5.602500
5.700230
5.730240
5.642970
5.728940
5.672480
5.736360
5.725340
5.629430
5.836510
5.703370
5.526190
5.626800
5.695090
5.660220
5.520650
5.634970
5.558120
5.636560
5.408870
5.680890
5.668580
5.729540
5.631130
5.687840
5.721600
5.660380
5.744040
5.647860
5.644580
5.633470
5.599520
5.553360
5.646650
5.725210
5.683640
5.690170
5.654080
5.551620
5.663480
5.753000
5.661790
5.599190
5.689700
5.569940
5.616230
5.802030
5.690260
5.694290
5.651700
5.597660
5.806050
5.734190
5.637140
5.668880
5.669620
5.667630
5.661600
5.683560
5.817720
5.672040
5.570100
5.670550
5.580810
5.632810
5.700850
5.517730
5.607850
5.646840
5.722710
5.718240
5.667190
5.698960
5.819580
5.613290
5.653700
5.593850
5.656350
5.771420
5.656140
5.650900
5.621230
5.626720
5.681390
5.711030
5.707410
5.618370
5.731830
5.655510
5.631230
5.851450
5.630580
5.779030
5.622710
5.707710
5.725910
5.672920
5.789920
5.551060
5.609900
5.780120
5.651300
5.659740
5.635540
5.648790
5.609680
5.637760
5.659100
5.570000
5.601980
5.744490
5.600870
5.593040
5.730180
5.611140
5.648360
5.731170
5.658560
5.569710
5.674640
5.604920
5.620660
5.628430
5.623100
5.673210
5.623670
5.622140
5.668200
5.620110
5.730560
5.639210
5.690540
5.701600
5.656010
5.596550
5.596550
5.629090
5.659320
5.645900
5.609050
5.620270
5.809650
5.704960
5.560360
5.490280
5.642940
5.655330
5.539330
5.816890
5.789910
5.600690
5.638490
5.738220
5.609140
5.708320
5.589960
5.662740
5.594890
5.657330
5.663850
5.705980
5.545590
5.723670
5.600250
5.707640
5.664050
5.565920
5.659360
5.653430
5.610450
5.710370
5.611400
5.608700
5.667400
5.752530
5.723240
5.580300
5.635280
5.680750
5.681830
5.568110
5.667330
5.680400
5.557340
5.650640
5.539180
5.709280
5.738060
5.757210
5.760060
5.583710
5.678920
5.637440
5.629890
5.707880
5.692500
5.686160
5.683020
5.736130
5.698200
5.733580
5.679370
5.664330
5.626620
5.667620
5.655850
5.665190
5.611030
5.558250
5.692730
5.737890
5.647640
5.795830
5.648100
5.653400
5.683690
5.642180
5.703940
5.546700
5.576230
5.635960
5.665180
5.628680
5.683310
5.619640
5.616070
5.668210
5.627040
5.719750
5.704090
5.684170
5.707930
5.666290
5.626320
5.671180
5.660070
5.607940
5.716690
5.797640
5.590180
5.655960
5.720060
5.624360
5.658780
5.584820
5.642730
5.677580
5.619790
5.756380
5.693000
5.689820
5.703770
5.605840
5.684100
5.734600
5.686210
5.643810
5.734630
5.671010
5.500780
5.762280
5.646240
5.661540
5.617690
5.689740
5.605310
5.563950
5.647260
5.687640
5.553190
5.743520
5.616660
5.606180
5.648940
5.643570
5.812930
5.535610
5.573190
5.737610
5.812020
5.615800
5.766580
5.688510
5.550830
5.667460
5.559180
5.665730
5.676880
5.482960
5.703700
5.580260
5.515010
5.730000
5.625420
5.677530
5.664220
5.552800
5.760800
5.643660
5.672920
5.725270
5.669600
5.629510
5.685860
5.679720
5.685780
5.705600
5.628480
5.695980
5.668330
5.683460
5.701680
5.635240
5.635390
5.668510
5.634400
5.552270
5.787650
5.660430
5.725230
5.719040
5.676800
5.629210
5.649840
5.665780
5.642300
5.796300
5.700640
5.714720
5.607550
5.549660
5.659710
5.668400
5.597840
5.739560
5.596930
5.593940
5.608250
5.684540
5.633340
5.729480
5.497490
5.786920
5.637320
5.728710
5.673570
5.679650
5.746890
5.569150
5.621730
5.622610
5.638120
5.760790
5.693510
5.599150
5.693330
5.684010
5.716410
5.721910
5.574940
5.616240
5.760670
5.575270
5.683150
5.674490
5.624150
5.808190
5.683590
5.751010
5.572360
5.777640
5.678500
5.806010
5.580980
5.618970
5.517550
5.753610
5.690700
5.800450
5.632550
5.636920
5.638270
5.673540
5.668450
5.604210
5.597740
5.579010
5.699950
5.645770
5.632010
5.692340
5.657040
5.577210
5.605980
5.734170
5.749230
5.581530
5.745350
5.645780
5.581830
5.518790
5.617570
5.690340
5.725250
5.741500
5.667060
5.718190
5.663230
5.585130
5.742280
5.811760
5.623170
5.542860
5.664230
5.721510
5.635720
5.674970
5.612420
5.718410
5.664660
5.745320
5.717310
5.736400
5.575200
5.652780
5.671790
5.735700
5.595770
5.608130
5.668560
5.633650
5.784250
5.622430
5.662410
5.627010
5.535060
5.570330
5.650910
5.636110
5.759350
5.671480
5.621900
5.604510
5.687070
5.584400
5.650690
5.655890
5.702810
5.678660
5.718260
5.630910
5.680230
5.611110
5.641730
5.678960
5.615000
5.554130
5.671600
5.774290
5.721750
5.690110
5.783020
5.633830
5.633730
5.619820
5.615570
5.577940
5.767850
5.765840
5.604340
5.591470
5.659600
5.614000
5.559180
5.626820
5.601490
5.660720
5.551290
5.609590
5.742630
5.713580
5.667920
5.635040
5.617240
5.737660
5.656200
5.703390
5.782630
5.645140
5.611350
5.641690
5.680820
5.686810
5.661850
5.639030
5.637560
5.539280
5.651130
5.648580
5.768150
5.548010
5.665920
5.736170
5.665210
5.599790
5.637590
5.562910
5.725940
5.671870
5.643770
5.598830
5.526580
5.719100
5.645440
5.650710
5.741910
5.720290
5.571200
5.640020
5.651760
5.649930
5.689410
5.709780
5.657820
5.779210
5.643850
5.703610
5.814990
5.689670
5.539360
5.695650
5.704560
5.671840
5.697680
5.574360
5.744170
5.712900
5.653970
5.599780
5.715730
5.599360
5.650210
5.620910
5.655730
5.602980
5.720780
5.714440
5.689980
5.688010
5.623600
5.678620
5.711990
5.608930
5.588160
5.710310
5.638040
5.698590
5.610970
5.703240
5.803480
5.542630
5.686440
5.648490
5.620300
5.666440
5.709320
5.726740
5.607570
5.700700
5.609320
5.588660
5.576420
5.609190
5.603720
5.670820
5.585470
5.640570
5.662670
5.597750
5.646280
5.657270
5.665500
5.632710
5.645220
5.679950
5.662630
5.821340
5.599510
5.617230
5.676640
5.635310
5.675980
5.703810
5.567040
5.721150
5.684470
5.604480
5.594350
5.646670
5.766460
5.596660
5.733060
5.604760
5.723220
5.660760
5.717960
5.651670
5.658930
5.738040
5.697540
5.672740
5.713370
5.627490
5.642400
5.581790
5.657260
5.656780
5.700300
5.615840
5.659250
5.617510
5.666100
5.654870
5.605290
5.741230
5.744080
5.712200
5.589120
5.629530
5.796520
5.659520
5.626180
5.731180
5.748270
5.665860
5.614320
5.679490
5.679670
5.656510
5.558380
5.688810
5.718530
5.644170
5.626130
5.651580
5.576930
5.574580
5.635780
5.746950
5.727940
5.607240
5.601490
5.722880
5.551920
5.654980
5.607630
5.609670
5.616740
5.637850
5.530210
5.566400
5.717700
5.748570
5.588370
5.573820
5.567120
5.589080
5.549520
5.572350
5.639900
5.608010
5.629260
5.704930
5.533320
5.659770
5.730400
5.681580
5.662300
5.732270
5.685840
5.591400
5.580060
5.746740
5.650800
5.674630
5.698480
5.723110
5.682650
5.704900
5.591300
5.615480
5.580210
5.577440
5.665430
5.632660
5.709850
5.694950
5.683500
5.615530
5.596350
5.681550
5.652220
5.688630
5.688130
5.648650
5.542030
5.659430
5.693830
5.714450
5.701880
5.734420
5.599740
5.555400
5.661950
5.663410
5.624570
5.699830
5.771740
5.636460
5.564030
5.658210
5.671150
5.653960
5.577670
5.616330
5.570750
5.680010
5.567520
5.669640
5.697490
5.684940
5.667570
5.602110
5.565030
5.688380
5.644600
5.547320
5.710240
5.621910
5.513530
5.764170
5.630110
5.649930
5.577650
5.650510
5.524160
5.671120
5.562580
5.757950
5.661680
5.656120
5.559310
5.755030
5.777790
5.628750
5.657450
5.700710
5.596400
5.676160
5.699660
5.725710
5.574020
5.697150
5.623550
5.621860
5.653890
5.599120
5.692830
5.771580
5.775300
5.553430
5.544490
5.706350
5.718310
5.611540
5.604680
5.591650
5.789560
5.560940
5.651180
5.584770
5.701110
5.701400
5.757810
5.762620
5.602060
5.691520
5.636840
5.647930
5.622960
5.620310
5.694310
5.601800
5.683530
5.696980
5.561310
5.796340
5.643300
5.585320
5.583450
5.637230
5.687330
5.632950
5.769320
5.649090
5.683470
5.699760
5.610710
5.663540
5.677650
5.680910
5.578210
5.636070
5.687740
5.684860
5.722470
5.668500
5.591390
5.624730
5.698510
5.709510
5.649160
5.657210
5.625630
5.615120
5.690570
5.596570
5.636560
5.630650
5.628580
5.703450
5.740160
5.763270
5.733030
5.565220
5.713370
5.711110
5.639380
5.651000
5.632230
5.479620
5.583480
5.664270
5.645890
5.720740
5.728020
5.700130
5.583210
5.701780
5.664110
5.722830
5.633350
5.591060
5.657160
5.759160
5.566100
5.691860
5.631370
5.710100
5.528580
5.649580
5.615470
5.746550
5.687680
5.600540
5.712430
5.670700
5.578190
5.611670
5.568100
5.600080
5.576900
5.710950
5.721460
5.587930
5.575500
5.821170
5.621000
5.581770
5.643870
5.592380
5.680190
5.744910
5.661550
5.619820
5.698830
5.705840
5.608980
5.578700
5.678950
5.761530
5.596980
5.653240
5.681730
5.609130
5.702480
5.565210
5.684450
5.782890
5.667980
5.616730
5.553100
5.643160
5.614950
5.716840
5.584440
5.620200
5.642540
5.707050
5.834800
5.642240
5.679600
5.630000
5.559530
5.681560
5.750290
5.581900
5.673410
5.679900
5.736530
5.646720
5.776220
5.558850
5.767620
5.671060
5.669360
5.619570
5.594600
5.636870
5.565740
5.720500
5.779240
5.575850
5.714080
5.703400
5.721670
5.636780
5.554500
5.668490
5.602780
5.611010
5.689200
5.681250
5.746020
5.661830
5.703950
5.695120
5.551680
5.637210
5.607440
5.612710
5.737190
5.751990
5.688690
5.599970
5.656020
5.652800
5.651920
5.652960
5.638750
5.695090
5.748960
5.617830
5.744400
5.622140
5.710040
5.677190
5.687060
5.661910
5.573600
5.550050
5.730440
5.676240
5.631170
5.529340
5.650470
5.515580
5.689990
5.697450
5.781400
5.583230
5.690270
5.814360
5.725030
5.694460
5.701030
5.699690
5.641520
5.710470
5.633440
5.717060
5.627210
5.674100
5.592660
5.630920
5.600390
5.593750
5.687500
5.728810
5.506080
5.800790
5.681520
5.621430
5.765010
5.565750
5.566020
5.703610
5.603020
5.689450
5.596220
5.557990
5.601370
5.667590
5.695360
5.675370
5.478070
5.621260
5.694400
5.785260
5.717190
5.667490
5.687100
5.606510
5.832780
5.593410
5.622820
5.721780
5.682020
5.629350
5.640040
5.750190
5.577200
5.685920
5.610120
5.747450
5.748080
5.589220
5.498310
5.709290
5.647340
5.616060
5.754960
5.632400
5.679720
5.542350
5.622090
5.567000
5.608900
5.615040
5.709110
5.691180
5.588240
5.623790
5.672020
5.551190
5.583850
5.667530
5.602930
5.615950
5.651690
5.699270
5.665110
5.655730
5.692160
5.697750
5.641210
5.655890
5.685790
5.732850
5.662960
5.652090
5.585130
5.618060
5.613910
5.561860
5.676230
5.675300
5.626310
5.636530
5.566680
5.643280
5.633550
5.676360
5.675350
5.675050
5.706050
5.647050
5.715660
5.729190
5.691190
5.785350
5.541880
5.611710
5.554250
5.610260
5.668570
5.659980
5.713990
5.595910
5.581910
5.595250
5.625520
5.568640
5.634980
5.579670
5.546480
5.731670
5.710420
5.682100
5.607140
5.681710
5.672360
5.638410
5.729950
5.694740
5.725810
5.648270
5.674570
5.695160
5.624660
5.695330
5.767390
5.643210
5.786530
5.605850
5.729420
5.620720
5.630920
5.637240
5.758560
5.635650
5.624530
5.569480
5.781180
5.551490
5.605460
5.690180
5.650240
5.512120
5.582620
5.675730
5.663820
5.585270
5.778290
5.671650
5.642290
5.446990
5.713260
5.688800
5.662100
5.689340
5.613380
5.695530
5.527810
5.641800
5.663580
5.689130
5.591510
5.631280
5.592430
5.744620
5.644700
5.587170
5.707580
5.770600
5.604350
5.616650
5.655000
5.562030
5.585980
5.634640
5.718410
5.619670
5.671200
5.792450
5.656570
5.697570
5.719460
5.780840
5.546490
5.635910
5.735060
5.715220
5.702580
5.689630
5.611990
5.683340
5.627520
5.641660
5.705590
5.616180
5.651830
5.699190
5.830470
5.785750
5.558680
5.615360
5.622100
5.775880
5.598640
5.616630
5.605090
5.638200
5.472700
5.666900
5.723010
5.773270
5.646130
5.493280
5.704650
5.787910
5.738490
5.672260
5.701080
5.552340
5.660160
5.676180
5.700130
5.583380
5.673150
5.582830
5.624200
5.560590
5.662610
5.740830
5.662580
5.629380
5.726180
5.669300
5.714730
5.680850
5.672470
5.691430
5.679590
5.618220
5.612870
5.616670
5.606010
5.675450
5.760740
5.677080
5.635340
5.693830
5.689380
5.561730
5.584910
5.745100
5.594050
5.631140
5.599050
5.608270
5.711550
5.766450
5.669510
5.657760
5.596310
5.567310
5.722380
5.533850
5.656630
5.663210
5.600730
5.580610
5.673520
5.684320
5.691710
5.581960
5.636760
5.547800
5.632650
5.715280
5.715670
5.655430
5.733830
5.566820
5.589800
5.563220
5.623550
5.608100
5.611520
5.660900
5.569070
5.585400
5.678960
5.607320
5.654910
5.704270
5.713890
5.717430
5.674450
5.629530
5.627360
5.559910
5.635550
5.727560
5.752110
5.675010
5.729240
5.561320
5.624230
5.688800
5.669830
5.638680
5.665700
5.706480
5.730700
5.633250
5.662960
5.707950
5.650800
5.806890
5.820750
5.634070
5.559110
5.675710
5.678430
5.667360
5.614500
5.680240
5.642490
5.728830
5.645320
5.596860
5.715510
5.710120
5.741540
5.704450
5.684490
5.555270
5.542750
5.597200
5.527560
5.585710
5.688740
5.593270
5.637800
5.698860
5.551690
5.652960
5.759370
5.705820
5.707620
5.775820
5.599970
5.641880
5.655260
5.556470
5.528490
5.752610
5.634890
5.591300
5.727440
5.665180
5.660300
5.641680
5.693630
5.748860
5.656350
5.683050
5.652190
5.672100
5.734460
5.707110
5.783900
5.574820
5.655340
5.674510
5.635330
5.675120
5.592170
5.656250
5.594490
5.668370
5.575770
5.711620
5.659930
5.716700
5.693610
5.695190
5.566550
5.684810
5.697350
5.620390
5.713350
5.611020
5.726540
5.741820
5.574270
5.515760
5.641750
5.867670
5.605670
5.662780
5.662120
5.668070
5.680600
5.638600
5.648190
5.600760
5.627730
5.689060
5.572680
5.761680
5.717140
5.615840
5.632220
5.617050
5.809840
5.611750
5.693490
5.706640
5.736530
5.682900
5.620490
5.742820
5.655720
5.656930
5.740850
5.624070
5.596870
5.734250
5.689610
5.713800
5.680340
5.727520
5.617800
5.684650
5.751880
5.688720
5.637170
5.613570
5.656560
5.649960
5.622460
5.637300
5.656770
5.608530
5.634650
5.771500
5.595590
5.576880
5.603690
5.591910
5.585090
5.634520
5.653760
5.633120
5.659340
5.629850
5.656870
5.670560
5.577440
5.691390
5.688510
5.691700
5.704310
5.577790
5.573630
5.772510
5.594550
5.614240
5.645630
5.670920
5.690020
5.531120
5.542950
5.716990
5.598490
5.693180
5.662370
5.764670
5.771170
5.664650
5.646940
5.499110
5.662730
5.668130
5.548160
5.796590
5.654200
5.640510
5.652510
5.579900
5.690740
5.559840
5.665480
5.702340
5.608420
5.614790
5.734960
5.572000
5.618430
5.656230
5.632180
5.709930
5.637030
5.639660
5.696630
5.740790
5.608880
5.728040
5.640870
5.586800
5.687700
5.653650
5.712310
5.687510
5.567100
5.614220
5.728050
5.737340
5.556430
5.714580
5.733990
5.673600
5.619380
5.735160
5.602650
5.743670
5.672420
5.650910
5.742900
5.742900
