5.643860
5.518710
5.580300
5.599790
5.609570
5.658090
5.555340
5.643180
5.640270
5.667320
5.762380
5.673230
5.680210
5.644940
5.677870
5.572380
5.744080
5.707470
5.672220
5.615000
5.690140
5.810820
5.616360
5.613960
5.657960
5.606640
5.743560
5.709850
5.630720
5.646660
5.664080
5.675490
5.565350
5.739290
5.594860
5.647440
5.668520
5.686610
5.626090
5.566120
5.640960
5.722580
5.729420
5.679410
5.693630
5.681680
5.583600
5.612460
5.630750
5.647270
5.593420
5.760090
5.845610
5.633610
5.674270
5.714030
5.629490
5.597110
5.696130
5.595520
5.645390
5.785110
5.719540
5.659270
5.644240
5.619750
5.686250
5.641890
5.665290
5.655650
5.543220
5.817710
5.682520
5.672750
5.678080
5.681370
5.655490
5.631600
5.579990
5.632240
5.718470
5.730090
5.578490
5.600280
5.730510
5.710390
5.544460
5.737780
5.659570
5.688770
5.627980
5.670030
5.577720
5.637170
5.702700
5.653360
5.623950
5.738870
5.644990
5.592180
5.747220
5.531330
5.661460
5.678300
5.733400
5.715010
5.705990
5.780930
5.721270
5.681060
5.607600
5.629510
5.659480
5.638660
5.662140
5.666350
5.692940
5.603950
5.775220
5.632410
5.579260
5.655230
5.646170
5.695780
5.626050
5.773890
5.708240
5.672690
5.584200
5.677300
5.544710
5.560340
5.736230
5.629300
5.679930
5.657280
5.618460
5.643350
5.824130
5.579880
5.745520
5.620940
5.650140
5.638220
5.605390
5.557040
5.512100
5.582240
5.717690
5.703660
5.782630
5.614880
5.721490
5.637160
5.523200
5.656470
5.654820
5.613290
5.563090
5.536240
5.618970
5.642360
5.714890
5.759490
5.712060
5.772650
5.707380
5.694550
5.607950
5.677270
5.669760
5.596790
5.805290
5.650660
5.624970
5.534860
5.668090
5.586840
5.686010
5.569060
5.783390
5.729990
5.628140
5.666820
5.653540
5.622170
5.544720
5.599220
5.651940
5.675030
5.702970
5.752880
5.615710
5.712050
5.662030
5.711550
5.621500
5.716710
5.717400
5.664260
5.712110
5.636850
5.711820
5.588700
5.641560
5.637650
5.721370
5.662970
5.664280
5.704640
5.666780
5.726880
5.688610
5.750870
5.646500
5.683900
5.650480
5.483510
5.640000
5.848970
5.704290
5.797740
5.612890
5.704260
5.628400
5.650040
5.673290
5.711560
5.737280
5.751130
5.549450
5.629030
5.595950
5.574920
5.807640
5.692080
5.736550
5.685390
5.597240
5.766660
5.610180
5.656460
5.644030
5.582970
5.751120
5.645840
5.670750
5.690090
5.739000
5.664840
5.560600
5.641080
5.758470
5.571750
5.602630
5.684200
5.713360
5.653680
5.572530
5.728410
5.708010
5.597160
5.654850
5.622250
5.650270
5.641380
5.717580
5.567540
5.558070
5.619710
5.725120
5.689600
5.757420
5.784720
5.688570
5.667240
5.795620
5.605830
5.665070
5.516210
5.597430
5.752360
5.722810
5.743020
5.570610
5.608530
5.831080
5.733010
5.684690
5.704700
5.683210
5.689680
5.582950
5.583070
5.671940
5.728610
5.679710
5.705120
5.731840
5.735150
5.626710
5.526160
5.732540
5.648230
5.558560
5.690540
5.633310
5.664780
5.673210
5.695430
5.596650
5.695290
5.782640
5.527810
5.691990
5.764970
5.677250
5.629320
5.693720
5.654620
5.637230
5.583990
5.602840
5.645760
5.675940
5.639450
5.731600
5.620590
5.641120
5.590740
5.640690
5.665120
5.728380
5.553080
5.723870
5.687200
5.577610
5.767210
5.655830
5.775630
5.673820
5.535550
5.629430
5.624880
5.622300
5.598450
5.652300
5.653650
5.658930
5.623500
5.603270
5.732700
5.579000
5.548640
5.750040
5.799850
5.558430
5.589480
5.747630
5.690160
5.666500
5.592700
5.676980
5.672820
5.636590
5.660370
5.579770
5.646890
5.651690
5.474240
5.676690
5.670480
5.641340
5.657830
5.654640
5.655650
5.787720
5.675710
5.636530
5.612020
5.642560
5.646730
5.669470
5.511190
5.711830
5.587960
5.708900
5.714600
5.583140
5.704800
5.587760
5.653620
5.546810
5.632120
5.533880
5.668190
5.623760
5.680580
5.639340
5.784940
5.444020
5.707620
5.702230
5.588710
5.716540
5.571730
5.608770
5.739170
5.542640
5.578920
5.639230
5.678540
5.700030
5.624120
5.737970
5.719120
5.667790
5.562840
5.750910
5.665420
5.591580
5.674670
5.702420
5.457860
5.635700
5.615060
5.596850
5.638500
5.749290
5.730590
5.735110
5.563830
5.734540
5.728210
5.683690
5.649330
5.646730
5.568850
5.624900
5.663530
5.713470
5.651360
5.590340
5.613400
5.723100
5.616570
5.551790
5.734790
5.597960
5.665930
5.710620
5.755220
5.649580
5.595970
5.688030
5.708330
5.731270
5.707200
5.709290
5.801410
5.612230
5.679820
5.599020
5.577950
5.665280
5.680680
5.700600
5.611480
5.571860
5.646670
5.468170
5.579380
5.675270
5.598990
5.578890
5.673410
5.637780
5.600130
5.699060
5.704650
5.509150
5.647580
5.698110
5.732740
5.794940
5.738340
5.572730
5.671710
5.524270
5.518750
5.615090
5.557320
5.630930
5.693200
5.644080
5.834840
5.707950
5.792320
5.701080
5.546140
5.621720
5.662610
5.617300
5.704140
5.607410
5.718840
5.623980
5.670630
5.620090
5.705640
5.686410
5.702610
5.618430
5.638620
5.699880
5.706700
5.638970
5.624590
5.599840
5.702310
5.570530
5.637290
5.695250
5.699660
5.640740
5.668280
5.616220
5.606420
5.652400
5.684780
5.627020
5.762120
5.617840
5.702820
5.730710
5.622200
5.583770
5.677170
5.624600
5.609290
5.580640
5.806630
5.615580
5.625830
5.625450
5.602860
5.740680
5.631990
5.811860
5.566260
5.665560
5.695900
5.635980
5.762130
5.662440
5.681370
5.568260
5.630180
5.632770
5.686180
5.568000
5.633000
5.772970
5.662200
5.607660
5.689440
5.744030
5.647220
5.639190
5.525980
5.686050
5.549790
5.622340
5.648720
5.683270
5.639170
5.623930
5.779580
5.738800
5.654740
5.647310
5.686260
5.668710
5.703180
5.663290
5.776800
5.601380
5.714580
5.653330
5.675180
5.852050
5.714350
5.628120
5.606650
5.500680
5.674020
5.668630
5.680870
5.593530
5.649390
5.646580
5.682600
5.593820
5.630780
5.615560
5.676940
5.742620
5.606820
5.717650
5.583050
5.604640
5.649480
5.729670
5.658050
5.728290
5.734260
5.690910
5.662540
5.581890
5.682980
5.631520
5.638550
5.639950
5.687960
5.627990
5.712300
5.688310
5.589190
5.613800
5.762050
5.612540
5.470720
5.661230
5.568150
5.672880
5.685470
5.521820
5.719870
5.667010
5.618370
5.556710
5.626790
5.836300
5.616570
5.709150
5.775780
5.578350
5.650270
5.601630
5.656850
5.742820
5.637110
5.593900
5.633990
5.618930
5.641270
5.586070
5.592650
5.640960
5.625540
5.868200
5.594700
5.693580
5.617440
5.745400
5.659680
5.677460
5.649430
5.705670
5.771980
5.680250
5.692340
5.698960
5.579570
5.713490
5.664660
5.661150
5.856100
5.648350
5.677610
5.658030
5.621410
5.634790
5.693990
5.749240
5.601840
5.601510
5.644510
5.624290
5.639340
5.633380
5.624700
5.515180
5.577570
5.617880
5.623810
5.554220
5.495650
5.635700
5.689180
5.632130
5.645230
5.601110
5.733080
5.643860
5.691960
5.756000
5.803960
5.598110
5.581970
5.686380
5.666580
5.661010
5.644830
5.502190
5.676040
5.600140
5.614080
5.601280
5.658440
5.661960
5.666190
5.744050
5.580300
5.598260
5.743670
5.586660
5.714380
5.714310
5.615880
5.745390
5.710580
5.653600
5.627590
5.638050
5.692050
5.643230
5.581530
5.691230
5.597610
5.682210
5.773770
5.670150
5.730240
5.661360
5.668900
5.633940
5.713400
5.746270
5.562430
5.585340
5.556310
5.546040
5.679250
5.731520
5.670220
5.601880
5.623800
5.705110
5.645870
5.792010
5.646590
5.587790
5.698330
5.743670
5.641170
5.743670
5.529900
5.716180
5.673270
5.540190
5.638260
5.648690
5.721530
5.673000
5.628860
5.543580
5.533840
5.698330
5.659930
5.671450
5.714470
5.674220
5.610850
5.639530
5.626070
5.672780
5.816120
5.693820
5.854150
5.668180
5.619340
5.671310
5.702270
5.662560
5.598340
5.635410
5.576050
5.648130
5.569350
5.602310
5.548840
5.567510
5.586510
5.723020
5.602870
5.574650
5.712290
5.639990
5.754810
5.640840
5.639680
5.712400
5.672610
5.646320
5.631900
5.621210
5.691670
5.628240
5.634270
5.726760
5.659360
5.738120
5.686300
5.609870
5.751370
5.713470
5.644940
5.757430
5.621140
5.649960
5.744370
5.620940
5.694540
5.465660
5.603130
5.642930
5.703930
5.717670
5.685860
5.736620
5.756730
5.648690
5.709390
5.593890
5.645440
5.629750
5.609350
5.704890
5.743030
5.604780
5.552070
5.768690
5.730430
5.695250
5.668110
5.614280
5.646020
5.649510
5.700060
5.516580
5.799720
5.677710
5.678090
5.628640
5.663630
5.647760
5.636650
5.534960
5.733200
5.705750
5.637950
5.631830
5.649430
5.789940
5.633780
5.654120
5.712480
5.591450
5.582960
5.660930
5.666380
5.640430
5.646360
5.644700
5.677310
5.752860
5.605920
5.679190
5.610960
5.598920
5.732300
5.844370
5.750800
5.617490
5.680100
5.653650
5.705870
5.724200
5.659210
5.681040
5.551760
5.616590
5.730580
5.577840
5.692270
5.657180
5.521660
5.583270
5.715790
5.630390
5.692520
5.726050
5.656150
5.554020
5.696510
5.681690
5.602300
5.642650
5.541630
5.667620
5.691780
5.760850
5.618910
5.625290
5.712030
5.593350
5.712830
5.677110
5.656140
5.680390
5.787520
5.815320
5.652940
5.618180
5.691670
5.578990
5.695040
5.683570
5.790300
5.637570
5.660670
5.668890
5.707510
5.737860
5.623270
5.607240
5.698100
5.737920
5.640650
5.763780
5.703870
5.692520
5.722300
5.728150
5.610790
5.629230
5.585130
5.539290
5.641180
5.674590
5.668070
5.714010
5.767950
5.655420
5.568580
5.683220
5.597850
5.679780
5.577660
5.666070
5.617860
5.602650
5.769110
5.713300
5.622760
5.622760
5.628560
5.593460
5.833790
5.636940
5.614830
5.664110
5.739920
5.701950
5.727840
5.693470
5.651950
5.667660
5.678720
5.768570
5.616390
5.607890
5.711430
5.589890
5.552000
5.647540
5.615800
5.752070
5.620010
5.541440
5.781250
5.553790
5.801110
5.610680
5.633560
5.665820
5.647240
5.723620
5.791280
5.558930
5.586690
5.697650
5.642840
5.713390
5.682940
5.630800
5.667700
5.711890
5.691060
5.646600
5.604480
5.599440
5.651310
5.576740
5.696440
5.683100
5.617250
5.548400
5.724900
5.707600
5.652490
5.666230
5.650290
5.598360
5.595350
5.640660
5.607530
5.722790
5.659910
5.631440
5.687350
5.744380
5.599870
5.625160
5.632270
5.755020
5.742130
5.643620
5.616940
5.780060
5.647320
5.712450
5.648190
5.723160
5.718370
5.715660
5.557870
5.628370
5.619360
5.671570
5.640500
5.649080
5.642380
5.589200
5.690170
5.681760
5.758700
5.643390
5.547120
5.703860
5.683850
5.672300
5.637320
5.565880
5.741630
5.697580
5.584620
5.875770
5.746770
5.710850
5.678470
5.646400
5.650960
5.556980
5.678780
5.582610
5.682810
5.627250
5.605990
5.693380
5.589510
5.654090
5.618710
5.666080
5.582760
5.620280
5.565480
5.602850
5.645470
5.732470
5.648030
5.676030
5.597630
5.710550
5.665910
5.634670
5.740560
5.793800
5.632620
5.575260
5.684300
5.662480
5.702710
5.670010
5.714440
5.542170
5.672300
5.586070
5.624010
5.714710
5.658020
5.651600
5.701330
5.605070
5.661870
5.622120
5.587050
5.660730
5.660870
5.530850
5.664170
5.624900
5.653850
5.522180
5.758780
5.734230
5.631550
5.672350
5.664980
5.555370
5.730390
5.728360
5.692000
5.591050
5.667200
5.686990
5.591260
5.587170
5.610460
5.644600
5.701760
5.664480
5.747510
5.685310
5.658580
5.711110
5.676760
5.708830
5.660010
5.658220
5.698020
5.752940
5.612740
5.652710
5.656870
5.719560
5.787950
5.677000
5.706940
5.740920
5.600630
5.670800
5.696720
5.713410
5.609700
5.637030
5.599710
5.742020
5.676770
5.664410
5.681430
5.712800
5.661730
5.590600
5.592260
5.665130
5.714600
5.716940
5.675610
5.603980
5.632270
5.645330
5.581870
5.763600
5.742240
5.666000
5.703660
5.731790
5.631540
5.599170
5.731710
5.665300
5.727620
5.670870
5.697900
5.692510
5.594520
5.748330
5.719950
5.589910
5.657230
5.638980
5.551730
5.635580
5.683740
5.626630
5.721260
5.654510
5.670670
5.616650
5.721270
5.522920
5.598020
5.706240
5.609180
5.722440
5.508780
5.577910
5.616580
5.685580
5.556130
5.777990
5.724140
5.643750
5.604330
5.608260
5.608990
5.718670
5.657920
5.592760
5.676530
5.623860
5.645370
5.671680
5.722580
5.663070
5.510420
5.645660
5.660810
5.557370
5.577810
5.732150
5.687330
5.665690
5.751580
5.636020
5.574360
5.700430
5.657040
5.575790
5.692980
5.622050
5.745460
5.668380
5.634330
5.691950
5.620520
5.589210
5.698340
5.774710
5.589600
5.759370
5.606720
5.739640
5.667960
5.668870
5.642440
5.674090
5.606070
5.622230
5.631280
5.680780
5.658290
5.677140
5.584930
5.718350
5.687960
5.603330
5.607040
5.731080
5.549250
5.666350
5.588300
5.713180
5.637390
5.660510
5.807660
5.658800
5.650120
5.642080
5.581370
5.792740
5.578360
5.590220
5.599350
5.667280
5.715820
5.707960
5.653790
5.466920
5.621470
5.589170
5.539610
5.791300
5.611840
5.723430
5.657860
5.663530
5.654060
5.741660
5.690220
5.708560
5.611830
5.804770
5.611910
5.792360
5.666950
5.689430
5.633440
5.678870
5.561140
5.691430
5.644690
5.790000
5.674880
5.532740
5.592600
5.635500
5.578060
5.689770
5.805540
5.610880
5.726300
5.587200
5.580840
5.592150
5.713460
5.589690
5.718990
5.697060
5.776000
5.633680
5.629880
5.496290
5.595870
5.599130
5.610730
5.611620
5.754770
5.507590
5.585450
5.526550
5.738440
5.694670
5.580070
5.577360
5.591850
5.536380
5.746520
5.720990
5.640880
5.640510
5.623440
5.583060
5.661980
5.565840
5.732370
5.639060
5.720590
5.719170
5.709440
5.643750
5.498950
5.604770
5.662030
5.553710
5.634560
5.682420
5.748640
5.567030
5.760060
5.615690
5.589290
5.771540
5.467180
5.658980
5.667890
5.674810
5.789040
5.682770
5.704950
5.653410
5.613570
5.592070
5.546010
5.642440
5.611110
5.655760
5.681730
5.646580
5.730440
5.660680
5.685770
5.778800
5.622540
5.601850
5.567480
5.680450
5.623690
5.701030
5.745810
5.602270
5.591340
5.750660
5.668170
5.696320
5.703890
5.704120
5.591670
5.651220
5.576830
5.671460
5.623100
5.744280
5.610140
5.614090
5.695500
5.675690
5.635140
5.711520
5.620600
5.682580
5.761110
5.660380
5.653480
5.714820
5.690700
5.743890
5.610340
5.677710
5.713760
5.710380
5.534630
5.706750
5.630510
5.668850
5.514210
5.577930
5.695090
5.673790
5.686410
5.638270
5.710440
5.619830
5.652550
5.794170
5.608810
5.710630
5.683630
5.722160
5.588460
5.710890
5.635110
5.644640
5.683990
5.576630
5.602280
5.619450
5.696430
5.588760
5.690770
5.664650
5.702680
5.680020
5.641390
5.714680
5.710560
5.701410
5.586680
5.770240
5.682730
5.608050
5.693690
5.700660
5.549250
5.646530
5.575620
5.708500
5.689070
5.634120
5.657590
5.701420
5.689540
5.666370
5.677020
5.717140
5.673960
5.724760
5.692630
5.538810
5.816160
5.637540
5.557890
5.684690
5.643130
5.557460
5.675720
5.609300
5.693700
5.682650
5.662370
5.769040
5.721370
5.591250
5.665580
5.604560
5.693670
5.573640
5.693270
5.558890
5.642380
5.717220
5.633840
5.547870
5.660670
5.576650
5.771870
5.591250
5.789610
5.649630
5.675980
5.663150
5.648470
5.714070
5.629060
5.610960
5.761930
5.620810
5.572730
5.613960
5.553430
5.749350
5.726170
5.596920
5.743130
5.654150
5.563010
5.595150
5.587790
5.687410
5.829710
5.583140
5.615590
5.703830
5.617370
5.625990
5.666440
5.649860
5.640280
5.684850
5.648120
5.678590
5.668110
5.697440
5.643210
5.681770
5.744150
5.664180
5.666680
5.703240
5.768760
5.604410
5.675110
5.670750
5.683810
5.741270
5.661320
5.661100
5.615800
5.798540
5.552830
5.751320
5.593320
5.813210
5.588090
5.565780
5.732660
5.649880
5.655110
5.731260
5.725340
5.774600
5.654290
5.698110
5.733650
5.622390
5.726970
5.555360
5.623270
5.519020
5.675720
5.675180
5.611540
5.651400
5.534810
5.591090
5.710200
5.728760
5.578300
5.650730
5.697820
5.673560
5.707850
5.656430
5.741590
5.652090
5.457380
5.613440
5.550210
5.584140
5.565060
5.693290
5.648580
5.603790
5.609960
5.654720
5.552320
5.669250
5.700700
5.640370
5.662310
5.690520
5.630840
5.601320
5.698230
5.656220
5.653440
5.651860
5.581220
5.712600
5.634670
5.669060
5.751010
5.650800
5.676210
5.616300
5.600700
5.680990
5.662760
5.495830
5.626580
5.550960
5.653730
5.650640
5.617290
5.582340
5.597720
5.721580
5.675030
5.646700
5.578990
5.758380
5.719880
5.596660
5.647450
5.685400
5.591170
5.657740
5.445490
5.617110
5.609570
5.699220
5.636330
5.683070
5.657150
5.666080
5.618610
5.797270
5.792620
5.612690
5.655510
5.601760
5.693020
5.642850
5.549370
5.561070
5.771710
5.706660
5.637650
5.667960
5.672280
5.708310
5.618370
5.712460
5.748260
5.698560
5.657510
5.760570
5.686880
5.606950
5.731660
5.656650
5.711220
5.726530
5.787460
5.687650
5.671910
5.671670
5.695000
5.680870
5.643550
5.656140
5.579030
5.714020
5.664930
5.707570
5.657780
5.725380
5.626950
5.632300
5.619830
5.766470
5.523020
5.655040
5.636160
5.661060
5.650700
5.644860
5.700130
5.631670
5.676000
5.783770
5.605610
5.561020
5.614940
5.681260
5.762600
5.623080
5.648040
5.613120
5.656880
5.703420
5.666150
5.701180
5.659170
5.654790
5.611070
5.673050
5.733260
5.609630
5.643450
5.657630
5.667380
5.657600
5.740620
5.664490
5.626370
5.664700
5.619400
5.500670
5.670430
5.584520
5.629960
5.688490
5.678660
5.737620
5.652860
5.591390
5.681240
5.692430
5.695320
5.580120
5.623550
5.754810
5.676350
5.596300
5.690750
5.690470
5.703670
5.670310
5.675600
5.715800
5.761220
5.696830
5.644230
5.650790
5.629490
5.664880
5.641480
5.562720
5.630800
5.677890
5.656960
5.662030
5.658270
5.635060
5.719650
5.538870
5.637190
5.708720
5.757590
5.684610
5.752770
5.684650
5.665030
5.685800
5.719850
5.750940
5.587570
5.704320
5.661130
5.642700
5.628070
5.658870
5.670610
5.708470
5.649660
5.633230
5.627100
5.757260
5.730590
5.717260
5.571890
5.711120
5.660170
5.681270
5.728770
5.709980
5.632020
5.575260
5.688480
5.708890
5.702470
5.629940
5.719650
5.701780
5.670010
5.647360
5.563550
5.552380
5.634310
5.678550
5.703770
5.695700
5.743550
5.739220
5.789720
5.491050
5.586250
5.655640
5.638980
5.688320
5.560690
5.606330
5.658400
5.620590
5.692850
5.594930
5.637150
5.559770
5.620650
5.601570
5.603380
5.681900
5.673830
5.703370
5.632600
5.767380
5.657640
5.559840
5.631350
5.597520
5.696850
5.714640
5.718140
5.636710
5.428650
5.638890
5.678830
5.519770
5.637580
5.598380
5.652410
5.696570
5.763160
5.685490
5.620060
5.536970
5.636190
5.701320
5.673780
5.589900
5.617340
5.687700
5.667550
5.625590
5.728200
5.659070
5.664210
5.661890
5.658540
5.634550
5.727330
5.611490
5.587480
5.563760
5.612990
5.548820
5.572810
5.683250
5.710050
5.697680
5.645540
5.661910
5.639480
5.598540
5.726290
5.685750
5.590520
5.621420
5.681070
5.688900
5.699380
5.757740
5.569420
5.697900
5.701250
5.729520
5.688370
5.665230
5.702670
5.692250
5.639730
5.811640
5.658400
5.600360
5.749900
5.665170
5.659030
5.603050
5.524840
5.676110
5.674370
5.578610
5.561060
5.631430
5.545810
5.700610
5.761280
5.532350
5.717740
5.538980
5.675370
5.700700
5.570290
5.659120
5.715340
5.672990
5.638450
5.589730
5.782130
5.651470
5.665340
5.660530
5.573600
5.700830
5.559600
5.689910
5.615830
5.666230
5.653220
5.608240
5.580170
5.651720
5.653750
5.703990
5.680020
5.686590
5.581770
5.599870
5.607220
5.644950
5.596050
5.618660
5.734220
5.569290
5.672750
5.680230
5.672140
5.573790
5.612610
5.694110
5.741490
5.713190
5.618500
5.663630
5.538080
5.687400
5.636010
5.596590
5.794740
5.554170
5.654740
5.731010
5.570500
5.604540
5.659200
5.713410
5.720730
5.684280
5.733780
5.771770
5.715170
5.736890
5.767150
5.672970
5.578360
5.731550
5.698180
5.704400
5.692990
5.628640
5.665460
5.567420
5.719680
5.683570
5.761060
5.677670
5.626710
5.631450
5.743280
5.650900
5.586940
5.805370
5.664560
5.637650
5.708810
5.606700
5.700570
5.851500
5.692240
5.624520
5.596350
5.669850
5.578900
5.635150
5.434340
5.621080
5.755640
5.706430
5.680240
5.644760
5.652720
5.751330
5.760150
5.594570
5.638430
5.615350
5.701010
5.655650
5.716430
5.818870
5.746970
5.647220
5.720960
5.811670
5.660000
5.668070
5.592610
5.682840
5.699430
5.614860
5.730610
5.728200
5.701410
5.599540
5.648270
5.656400
5.666320
5.722810
5.595990
5.637140
5.643680
5.600270
5.651900
5.616180
5.625520
5.577270
5.668640
5.624670
5.618770
5.690910
5.669160
5.641620
5.643910
5.625630
5.694570
5.746040
5.698940
5.585020
5.692400
5.659690
5.694790
5.704810
5.543310
5.645570
5.675900
5.566240
5.632230
5.742910
5.747050
5.584780
5.689650
5.734690
5.655990
5.713610
5.632090
5.594530
5.660320
5.708330
5.747260
5.696700
5.637400
5.643780
5.703390
5.560190
5.559730
5.625960
5.625370
5.624340
5.671270
5.710820
5.682400
5.693200
5.634690
5.658310
5.671440
5.631140
5.729280
5.568140
5.761870
5.662790
5.699050
5.638020
5.606890
5.653900
5.610240
5.700520
5.662240
5.673600
5.581530
5.608800
5.600630
5.538580
5.548950
5.626260
5.610450
5.610720
5.747580
5.539510
5.595510
5.599200
5.759330
5.634100
5.643420
5.640390
5.650930
5.612450
5.662280
5.642870
5.726090
5.671820
5.629280
5.801760
5.607940
5.742700
5.703950
5.723330
5.724640
5.647460
5.709390
5.616580
5.724520
5.681730
5.648910
5.732060
5.656280
5.687690
5.586310
5.695140
5.643610
5.692030
5.681080
5.651950
5.709940
5.751880
5.817100
5.693080
5.581600
5.762800
5.662170
5.533930
5.651870
5.639340
5.681730
5.729430
5.617030
5.649790
5.688050
5.652330
5.656650
5.726380
5.713650
5.700140
5.701380
5.649260
5.672950
5.683970
5.668420
5.685620
5.499540
5.586190
5.600090
5.678560
5.617110
5.600680
5.622680
5.598490
5.693140
5.544520
5.531260
5.639440
5.611810
5.661200
5.731580
5.591490
5.686280
5.404940
5.673500
5.714670
5.540070
5.652970
5.606100
5.687230
5.833200
5.684830
5.771580
5.604130
5.738060
5.648530
5.654420
5.633260
5.770520
5.797300
5.710380
5.672730
5.699310
5.619800
5.566740
5.719330
5.660400
5.686690
5.597250
5.614320
5.675950
5.614780
5.488320
5.632300
5.598230
5.539800
5.552580
5.737040
5.496440
5.719410
5.607910
5.663050
5.731550
5.673620
5.584180
5.611670
5.678440
5.741780
5.730980
5.692230
5.607700
5.600280
5.666900
5.696690
5.632990
5.652760
5.794740
5.567820
5.697530
5.685740
5.659500
5.632820
5.636000
5.675390
5.534150
5.665830
5.549090
5.691180
5.557790
5.668180
5.579930
5.674420
5.672310
5.667950
5.699940
5.675510
5.453540
5.621310
5.482710
5.740340
5.476500
5.616350
5.795940
5.583910
5.756000
5.722900
5.665680
5.657690
5.609900
5.654300
5.589060
5.658580
5.617540
5.638420
5.745290
5.671570
5.592660
5.700730
5.805940
5.562890
5.625270
5.632780
5.626160
5.736640
5.610410
5.776000
5.571290
5.701420
5.695510
5.602540
5.686080
5.684970
5.622180
5.644090
5.774840
5.682850
5.772190
5.688550
5.619400
5.634730
5.771970
5.678880
5.527930
5.655410
5.649920
5.739600
5.600920
5.607240
5.614370
5.638370
5.738950
5.629090
5.664880
5.721080
5.631800
5.697220
5.721070
5.645460
5.665260
5.657170
5.758510
5.614130
5.676450
5.632220
5.687640
5.675400
5.678420
5.633260
5.664380
5.765510
5.801310
5.631120
5.693750
5.641590
5.634270
5.712710
5.718220
5.629930
5.618250
5.672320
5.705710
5.612780
5.747230
5.713020
5.663540
5.594470
5.647430
5.685280
5.572530
5.647540
5.546280
5.623730
5.666050
5.699590
5.602290
5.764800
5.666790
5.792470
5.616710
5.669380
5.672690
5.660120
5.643360
5.669500
5.688850
5.711860
5.612990
5.756770
5.656180
5.657450
5.660410
5.703180
5.705360
5.648580
5.734610
5.691590
5.666510
5.762290
5.685270
5.652990
5.497410
5.704100
5.693950
5.657470
5.697280
5.658040
5.479360
5.648140
5.747900
5.735050
5.584990
5.677460
5.653200
5.779110
5.651590
5.758090
5.621510
5.634010
5.588870
5.530360
5.616160
5.571180
5.794470
5.667050
5.690990
5.716120
5.665910
5.598070
5.543900
5.671890
5.645630
5.596120
5.600900
5.643540
5.667440
5.606570
5.604310
5.626700
5.687680
5.757650
5.754040
5.664370
5.660470
5.669390
5.674030
5.752790
5.631670
5.529100
5.619810
5.635160
5.822240
5.804040
5.768180
5.611980
5.574790
5.627110
5.572840
5.528520
5.600050
5.747270
5.663380
5.664920
5.695310
5.626100
5.635070
5.681110
5.550280
5.769480
5.621660
5.627910
5.624080
5.690900
5.622530
5.690310
5.665970
5.522130
5.696420
5.674280
5.620040
5.714330
5.623580
5.691940
5.594450
5.840620
5.653810
5.589990
5.730190
5.686960
5.598360
5.702800
5.632130
5.629270
5.655900
5.674350
5.611390
5.617700
5.606370
5.664360
5.612390
5.658010
5.570950
5.646560
5.675910
5.608950
5.710980
5.705240
5.697290
5.697630
5.665260
5.682050
5.637060
5.752730
5.717620
5.643530
5.650560
5.596010
5.634290
5.559150
5.648890
5.585280
5.725860
5.643370
5.651810
5.759220
5.634240
5.609960
5.667690
5.602340
5.641020
5.646450
5.709420
5.678890
5.642800
5.749250
5.707200
5.633650
5.578820
5.722510
5.688680
5.578950
5.713470
5.741680
5.582560
5.634890
5.736490
5.685370
5.690750
5.611230
5.756210
5.701980
5.595230
5.767140
5.657610
5.479860
5.721300
5.730750
5.675610
5.604670
5.630950
5.723180
5.707550
5.502060
5.787510
5.699230
5.712090
5.646230
5.664760
5.595660
5.650510
5.697870
5.554740
5.730890
5.649450
5.685890
5.582440
5.721860
5.584230
5.662420
5.625830
5.579080
5.653240
5.666120
5.675500
5.648200
5.617730
5.752880
5.550730
5.683200
5.650580
5.645530
5.626120
5.545370
5.759960
5.603370
5.663390
5.643190
5.664150
5.686670
5.706720
5.746650
5.714240
5.738910
5.650180
5.612220
5.503740
5.668060
5.614660
5.628920
5.467060
5.506420
5.602320
5.563350
5.719600
5.556220
5.712420
5.750590
5.646970
5.625930
5.636920
5.597840
5.542490
5.636740
5.674970
5.706260
5.597950
5.569340
5.725790
5.586270
5.707140
5.570720
5.629840
5.651940
5.713860
5.624250
5.703280
5.727050
5.547600
5.697680
5.656730
5.610900
5.575250
5.683300
5.660040
5.728850
5.664710
5.605840
5.540280
5.621230
5.692000
5.628610
5.648120
5.728040
5.663990
5.601080
5.633450
5.710200
5.599800
5.620030
5.652300
5.600770
5.744270
5.632910
5.754580
5.616910
5.696440
5.834040
5.623510
5.693360
5.588660
5.680410
5.692890
5.546330
5.709020
5.757600
5.638500
5.618630
5.693300
5.670960
5.553010
5.804840
5.544120
5.568450
5.796530
5.623320
5.591280
5.732040
5.655510
5.602460
5.647650
5.731260
5.719020
5.586270
5.721410
5.649980
5.844610
5.811750
5.654460
5.804720
5.640070
5.682290
5.572030
5.685080
5.693770
5.712130
5.667970
5.750430
5.492970
5.695950
5.735380
5.724290
5.716220
5.728440
5.841800
5.704590
5.597350
5.676800
5.593750
5.612710
5.704080
5.676960
5.673850
5.647680
5.605890
5.577230
5.661090
5.633390
5.652500
5.679640
5.599970
5.610510
5.518960
5.616520
5.886290
5.664790
5.707970
5.672340
5.758490
5.594580
5.666870
5.586020
5.625460
5.692940
5.712760
5.564570
5.713470
5.639650
5.623950
5.740810
5.653560
5.668450
5.663800
5.848920
5.814950
5.747110
5.704830
5.646480
5.646520
5.779560
5.693990
5.611000
5.730770
5.667900
5.680690
5.607180
5.616980
5.736920
5.701020
5.780750
5.710640
5.667450
5.735160
5.612390
5.629240
5.540210
5.632400
5.704200
5.676120
5.673750
5.700050
5.612080
5.602310
5.606180
5.589410
5.680850
5.667500
5.633550
5.635940
5.609350
5.649710
5.630390
5.618010
5.661680
5.672370
5.600880
5.672510
5.731690
5.643240
5.586150
5.655310
5.701180
5.751080
5.765000
5.667390
5.659420
5.725990
5.607820
5.576890
5.569740
5.563440
5.770700
5.703930
5.606160
5.538000
5.579070
5.674970
5.585900
5.711030
5.755900
5.677790
5.743220
5.602730
5.707390
5.701760
5.668240
5.622950
5.701810
5.550140
5.642030
5.600920
5.669430
5.651670
5.766010
5.670820
5.669410
5.584080
5.683100
5.692710
5.588130
5.650900
5.718200
5.626730
5.705460
5.792300
5.658130
5.614840
5.655740
5.661950
5.607430
5.611710
5.597660
5.653360
5.628360
5.746880
5.643270
5.725930
5.611330
5.695100
5.671170
5.789770
5.665490
5.725240
5.688600
5.513100
5.666600
5.628830
5.662970
5.624980
5.626790
5.648010
5.657720
5.779480
5.679990
5.670800
5.676620
5.725270
5.556000
5.678170
5.644650
5.704120
5.620570
5.593820
5.660370
5.635870
5.674640
5.737800
5.591330
5.649260
5.601070
5.730120
5.759000
5.762490
5.685390
5.666290
5.673630
5.668810
5.621120
5.613440
5.642730
5.647450
5.610950
5.746320
5.610630
5.605490
5.701720
5.556210
5.688500
5.717840
5.582700
5.752820
5.611730
5.643790
5.709190
5.644960
5.628520
5.682810
5.663410
5.675410
5.619780
5.572210
5.615890
5.620070
5.678950
5.682190
5.631370
5.665630
5.650800
5.610520
5.666950
5.628660
5.645350
5.734020
5.675220
5.660600
5.546560
5.616000
5.505160
5.690030
5.716050
5.660370
5.592770
5.639780
5.582900
5.721710
5.673490
5.598500
5.697560
5.689210
5.665780
5.622370
5.655500
5.658100
5.646790
5.610340
5.582040
5.740750
5.665560
5.690570
5.602890
5.700760
5.666400
5.732580
5.736610
5.733050
5.584220
5.671890
5.706380
5.638110
5.639200
5.647320
5.586360
5.649010
5.597630
5.666920
5.639060
5.668900
5.643760
5.679360
5.639200
5.624030
5.666370
5.750520
5.734520
5.713650
5.791120
5.683120
5.576740
5.613640
5.800470
5.663340
5.672350
5.777440
5.709530
5.565440
5.682710
5.583230
5.732830
5.545500
5.503810
5.709000
5.658690
5.533200
5.698610
5.716320
5.656350
5.606630
5.817320
5.721280
5.592990
5.620550
5.618200
5.620850
5.601990
5.629730
5.567370
5.675610
5.682310
5.739660
5.580730
5.739550
5.630050
5.659860
5.537830
5.524690
5.685850
5.634790
5.498660
5.649500
5.633790
5.667240
5.729310
5.660830
5.682820
5.630210
5.661820
5.734830
5.720620
5.672830
5.619460
5.541360
5.707330
5.716700
5.687750
5.640410
5.679450
5.743920
5.659030
5.574880
5.747770
5.722800
5.646680
5.641180
5.711110
5.753990
5.757170
5.737590
5.642400
5.701470
5.624940
5.602690
5.648770
5.742360
5.743880
5.584910
5.625760
5.652050
5.661620
5.589680
5.635720
5.749160
5.660100
5.650470
5.596490
5.613130
5.627240
5.595270
5.778800
5.645910
5.727880
5.671180
5.641910
5.632000
5.659780
5.625270
5.565100
5.655600
5.705570
5.847590
5.551230
5.683290
5.659220
5.735150
5.688080
5.721190
5.752340
5.509850
5.635020
5.659140
5.695230
5.652590
5.714440
5.759210
5.736070
5.719210
5.782820
5.729280
5.707040
5.756160
5.639680
5.637090
5.690980
5.572800
5.640400
5.623840
5.708630
5.673490
5.578320
5.594090
5.559250
5.563270
5.641710
5.757800
5.669640
5.600890
5.588240
5.557270
5.628600
5.701580
5.686940
5.603080
5.554360
5.703720
5.679110
5.695020
5.671620
5.622630
5.613600
5.717740
5.535340
5.574870
5.690120
5.578280
5.695850
5.709900
5.663980
5.692340
5.693490
5.611770
5.699920
5.702990
5.727240
5.723690
5.548650
5.553320
5.663520
5.718520
5.682430
5.784230
5.626510
5.613730
5.617190
5.756400
5.640920
5.709120
5.604480
5.665730
5.740910
5.653820
5.752850
5.616080
5.741410
5.728510
5.719790
5.710880
5.739100
5.563070
5.700740
5.697480
5.628790
5.709050
5.738900
5.675300
5.542700
5.595700
5.593730
5.650530
5.687420
5.659390
5.671950
5.816530
5.749020
5.630340
5.648570
5.690050
5.672810
5.711480
5.665160
5.638750
5.509500
5.521370
5.692760
5.702550
5.592470
5.735920
5.696080
5.762920
5.659780
5.603130
5.667300
5.640220
5.611190
5.627510
5.659460
5.686620
5.681930
5.663700
5.549050
5.713250
5.636610
5.639570
5.548300
5.688070
5.580040
5.604570
5.725420
5.627220
5.665730
5.585810
5.662530
5.722960
5.742050
5.620230
5.650170
5.717670
5.578110
5.697760
5.654120
5.634640
5.588940
5.704410
5.620140
5.554860
5.725700
5.669840
5.705170
5.642940
5.712520
5.659450
5.705510
5.717260
5.628100
5.732540
5.604010
5.706060
5.641890
5.658180
5.728060
5.656770
5.485420
5.709950
5.676850
5.679220
5.807670
5.734450
5.465610
5.682320
5.587860
5.721370
5.592030
5.662830
5.644180
5.650940
5.671030
5.572720
5.631710
5.637880
5.720150
5.569770
5.634580
5.649780
5.728380
5.693530
5.620750
5.718260
5.671410
5.694430
5.738610
5.640500
5.691520
5.561130
5.651900
5.664910
5.695760
5.558920
5.795230
5.664070
5.612440
5.620930
5.710070
5.726800
5.533570
5.588410
5.561350
5.701680
5.727100
5.576860
5.597670
5.624890
5.667610
5.648430
5.715070
5.604850
5.532380
5.526320
5.739170
5.619660
5.576120
5.720320
5.608640
5.593120
5.642110
5.679440
5.669290
5.652820
5.585610
5.536450
5.733670
5.740690
5.581300
5.713370
5.628150
5.661480
5.681580
5.638320
5.613190
5.689160
5.795800
5.641720
5.727540
5.582320
5.698350
5.525070
5.569430
5.766310
5.644350
5.658140
5.711110
5.660500
5.703080
5.601050
5.753710
5.599370
5.680750
5.714210
5.722240
5.778850
5.703460
5.716920
5.727180
5.694860
5.725270
5.667300
5.680740
5.714460
5.661610
5.672990
5.766950
5.772320
5.784920
5.723330
5.718070
5.563140
5.539540
5.630390
5.669570
5.689100
5.733870
5.621490
5.693950
5.683690
5.769760
5.700650
5.645110
5.609530
5.600990
5.613550
5.673630
5.638100
5.588790
5.545640
5.612800
5.726020
5.696080
5.590760
5.724330
5.654880
5.698480
5.631700
5.820780
5.649090
5.684590
5.582820
5.647240
5.645560
5.706550
5.628350
5.632970
5.587430
5.562100
5.698580
5.641320
5.616170
5.664250
5.650240
5.681150
5.625380
5.650410
5.660720
5.568370
5.592550
5.675010
5.684360
5.617040
5.728610
5.682620
5.679820
5.667850
5.653090
5.589920
5.636750
5.714120
5.735290
5.756490
5.665650
5.726800
5.617130
5.676480
5.689200
5.634690
5.635090
5.675090
5.730500
5.630400
5.618850
5.593000
5.776000
5.672090
5.542230
5.699830
5.816020
5.747400
5.704920
5.640570
5.765680
5.742250
5.768600
5.629230
5.665130
5.629250
5.735820
5.698490
5.595030
5.676100
5.711290
5.532060
5.727270
5.711180
5.645050
5.735120
5.728300
5.680010
5.672790
5.729920
5.695990
5.666370
5.596820
5.678920
5.616060
5.584880
5.720850
5.652490
5.675220
5.656760
5.602830
5.730220
5.761180
5.672190
5.615260
5.495530
5.672800
5.640980
5.572280
5.667220
5.637670
5.736120
5.671220
5.657800
5.710000
5.598840
5.652270
5.757680
5.690090
5.681240
5.721390
5.741820
5.584140
5.760340
5.647570
5.609810
5.538660
5.637250
5.714690
5.735470
5.768540
5.616200
5.696010
5.516200
5.573850
5.586420
5.649920
5.623740
5.730580
5.670980
5.673160
5.653210
5.617330
5.561060
5.741830
5.618510
5.629960
5.733640
5.762460
5.617780
5.631380
5.681610
5.759310
5.630150
5.693370
5.675630
5.671120
5.561730
5.719680
5.513770
5.675970
5.688260
5.719540
5.697760
5.675330
5.650770
5.746440
5.627190
5.585600
5.649290
5.786090
5.732530
5.663600
5.561420
5.654620
5.620550
5.598290
5.606630
5.618870
5.660220
5.658250
5.658200
5.618740
5.665140
5.589900
5.719880
5.595930
5.744840
5.491390
5.609290
5.705110
5.689470
5.605780
5.572810
5.623440
5.555060
5.742130
5.640330
5.628560
5.569990
5.577020
5.810190
5.712410
5.697680
5.730910
5.642890
5.788790
5.736290
5.721210
5.731330
5.591780
5.553060
5.547650
5.638460
5.643470
5.673810
5.656770
5.694280
5.618340
5.710400
5.663460
5.633850
5.664410
5.590250
5.665600
5.641930
5.714140
5.619820
5.702560
5.690760
5.626080
5.711320
5.667660
5.673300
5.678170
5.590030
5.648050
5.700160
5.722130
5.549960
5.658770
5.603120
5.701050
5.691460
5.653100
5.655600
5.652040
5.683000
5.551020
5.742480
5.692240
5.577310
5.671490
5.661890
5.684560
5.662100
5.609710
5.657180
5.574200
5.580740
5.695490
5.616490
5.578230
5.628640
5.621080
5.668950
5.639990
5.807350
5.642560
5.519420
5.624040
5.617230
5.674760
5.607900
5.619270
5.502150
5.595560
5.585880
5.563480
5.638180
5.596810
5.635200
5.579470
5.736340
5.677040
5.683340
5.618050
5.716040
5.830330
5.674970
5.581630
5.626280
5.675580
5.624170
5.773780
5.738750
5.660190
5.649870
5.544160
5.727470
5.710960
5.721530
5.609500
5.688380
5.575330
5.667810
5.717340
5.560810
5.696620
5.522100
5.624360
5.722740
5.762710
5.565350
5.738110
5.567760
5.614550
5.633160
5.653230
5.664180
5.669290
5.667130
5.650820
5.704030
5.689790
5.598650
5.702140
5.625490
5.660970
5.730120
5.624800
5.669100
5.746420
5.694110
5.716910
5.694320
5.739270
5.721780
5.735520
5.531500
5.635910
5.514710
5.649100
5.636410
5.644020
5.685880
5.677200
5.605790
5.604040
5.637700
5.676260
5.608790
5.703060
5.682830
5.609280
5.542910
5.512440
5.612690
5.730960
5.724260
5.717450
5.687650
5.696530
5.654520
5.621800
5.679380
5.645860
5.671710
5.675930
5.673010
5.709220
5.658470
5.645050
5.611790
5.707970
5.588880
5.609490
5.731280
5.685280
5.711650
5.748720
5.619910
5.732290
5.638720
5.730820
5.651530
5.653920
5.653850
5.717310
5.592090
5.652350
5.719520
5.592510
5.680760
5.572510
5.693860
5.689930
5.714710
5.574290
5.692020
5.647780
5.605740
5.654660
5.688430
5.679080
5.648350
5.701700
5.588160
5.595350
5.693250
5.622790
5.656770
5.564220
5.653930
5.629320
5.643590
5.553210
5.724170
5.702050
5.727530
5.611510
5.571890
5.705590
5.609550
5.720210
5.614540
5.645240
5.669550
5.669820
5.667690
5.732780
5.613330
5.677130
5.590460
5.682270
5.565050
5.733980
5.740390
5.584480
5.654560
5.642000
5.675220
5.656490
5.642760
5.643110
5.637250
5.624140
5.611530
5.666530
5.630120
5.671890
5.640880
5.629720
5.686760
5.603590
5.635610
5.603470
5.633630
5.685340
5.746290
5.752520
5.683890
5.553810
5.651850
5.741220
5.718080
5.658370
5.592790
5.762850
5.549720
5.644910
5.627800
5.681470
5.654980
5.693630
5.594030
5.587120
5.599080
5.665240
5.651720
5.626120
5.778090
5.687560
5.679030
5.620940
5.742130
5.767520
5.692900
5.709380
5.555290
5.620720
5.641210
5.603970
5.689360
5.685670
5.658270
5.655020
5.669300
5.618410
5.614320
5.720230
5.599870
5.542690
5.651010
5.642440
5.602460
5.560790
5.638910
5.618100
5.730300
5.567330
5.608850
5.751970
5.660350
5.615310
5.693100
5.638760
5.714180
5.526410
5.699980
5.572480
5.658490
5.585900
5.736900
5.609030
5.593220
5.633620
5.636310
5.651900
5.625860
5.647030
5.630440
5.560610
5.552650
5.671120
5.557540
5.621490
5.662730
5.660450
5.679040
5.643640
5.732220
5.566900
5.705040
5.632270
5.717970
5.649530
5.626700
5.602120
5.565950
5.745610
5.728640
5.572940
5.658720
5.672690
5.733970
5.770680
5.688730
5.762580
5.648040
5.696780
5.716760
5.746620
5.684810
5.746570
5.670580
5.761900
5.696010
5.656590
5.709600
5.729160
5.519860
5.680930
5.658020
5.643670
5.631230
5.554620
5.665340
5.671300
5.631370
5.594000
5.529630
5.598880
5.722640
5.618600
5.699190
5.691250
5.716330
5.579280
5.538470
5.642110
5.797880
5.756620
5.693880
5.751400
5.733190
5.617670
5.657120
5.727360
5.657250
5.671440
5.669990
5.617350
5.734320
5.723600
5.613330
5.644710
5.749780
5.620600
5.667220
5.693800
5.723430
5.582780
5.750260
5.703900
5.637640
5.619370
5.730480
5.677400
5.582540
5.611550
5.701140
5.614770
5.736300
5.656250
5.719110
5.684020
5.643470
5.775360
5.583090
5.652720
5.682520
5.712180
5.688220
5.633960
5.682740
5.715470
5.627730
5.753000
5.730290
5.675480
5.594840
5.637280
5.688410
5.626080
5.685890
5.715330
5.680360
5.583900
5.592970
5.558810
5.684180
5.673120
5.675270
5.595310
5.576750
5.607730
5.623760
5.647490
5.728700
5.594400
5.771620
5.726720
5.554130
5.583220
5.626190
5.578490
5.605580
5.717840
5.680080
5.427900
5.666920
5.690710
5.673780
5.672330
5.646020
5.696460
5.639100
5.705540
5.685050
5.570010
5.772410
5.550370
5.644170
5.572280
5.674040
5.706540
5.692780
5.712660
5.747720
5.604780
5.600300
5.778890
5.575910
5.660620
5.564920
5.480450
5.714040
5.560640
5.702150
5.670560
5.657410
5.732010
5.663200
5.709950
5.600170
5.654660
5.610950
5.706550
5.600890
5.617100
5.626920
5.608410
5.635430
5.662840
5.633710
5.703040
5.613130
5.715510
5.616440
5.669490
5.608250
5.710470
5.602220
5.582320
5.759120
5.641140
5.696110
5.609810
5.622010
5.582070
5.707620
5.653610
5.685500
5.682150
5.707920
5.568250
5.636370
5.696340
5.620700
5.688960
5.787300
5.684600
5.740310
5.624160
5.799570
5.508120
5.547020
5.691280
5.667180
5.594020
5.643510
5.669910
5.695170
5.583370
5.654120
5.711190
5.790140
5.612300
5.619100
5.530400
5.543880
5.653240
5.645790
5.735380
5.612270
5.666930
5.552130
5.693590
5.636570
5.659090
5.723320
5.668290
5.594650
5.658280
5.542670
5.704670
5.631890
5.732330
5.663660
5.528280
5.601040
5.617970
5.592840
5.644310
5.749470
5.714070
5.673580
5.657300
5.696880
5.623890
5.711350
5.652560
5.688620
5.712320
5.686400
5.720840
5.602430
5.582840
5.625360
5.617580
5.587270
5.727210
5.652720
5.552070
5.776380
5.617060
5.755790
5.643240
5.693890
5.665580
5.675910
5.549600
5.672100
5.776570
5.611990
5.591630
5.578820
5.639010
5.698190
5.651730
5.549350
5.563010
5.609390
5.656910
5.697690
5.701460
5.636430
5.659820
5.670760
5.645930
5.804860
5.645770
5.746090
5.647450
5.575800
5.704850
5.778190
5.685030
5.695260
5.731850
5.613100
5.758440
5.740510
5.686840
5.786090
5.693400
5.707280
5.569880
5.706750
5.595360
5.615150
5.603410
5.599090
5.587400
5.604790
5.639310
5.689770
5.710350
5.736770
5.702600
5.675190
5.674030
5.619020
5.667770
5.758860
5.555640
5.538600
5.528850
5.800700
5.687140
5.599820
5.450680
5.551430
5.648220
5.674960
5.589450
5.545090
5.602480
5.685010
5.677820
5.591770
5.555780
5.789360
5.696880
5.762620
5.593860
5.790970
5.713050
5.589480
5.624300
5.682930
5.599460
5.526200
5.714700
5.689890
5.575190
5.614650
5.600080
5.637240
5.636460
5.784900
5.692970
5.743060
5.818840
5.663620
5.742560
5.648280
5.467240
5.731140
5.786650
5.675400
5.623140
5.690860
5.671730
5.722740
5.697850
5.589940
5.667580
5.680840
5.546420
5.618680
5.571130
5.678320
5.590590
5.753340
5.590380
5.671730
5.647970
5.656570
5.661750
5.801640
5.706730
5.738320
5.733880
5.616560
5.719300
5.598590
5.586920
5.573620
5.519470
5.712630
5.684250
5.672960
5.674760
5.710640
5.563230
5.753930
5.533040
5.555100
5.700840
5.712980
5.652060
5.727130
5.630700
5.578670
5.678860
5.542230
5.608200
5.532360
5.596210
5.588440
5.608510
5.626880
5.678490
5.649870
5.578940
5.549380
5.699280
5.708260
5.558200
5.588330
5.694980
5.674890
5.709490
5.536110
5.674860
5.564740
5.712170
5.633600
5.704590
5.505800
5.626650
5.556840
5.701240
5.670510
5.638270
5.653410
5.831650
5.664810
5.645370
5.656000
5.751480
5.628120
5.844980
5.647960
5.708400
5.570760
5.632000
5.670350
5.694660
5.572430
5.706460
5.579000
5.735070
5.567900
5.715250
5.754970
5.674550
5.671070
5.712430
5.556940
5.731030
5.521620
5.699410
5.643860
5.613570
5.668240
5.720990
5.637230
5.773270
5.649580
5.716820
5.735640
5.716090
5.588080
5.546370
5.627220
5.684380
5.722980
5.728390
5.687900
5.709060
5.589440
5.706990
5.795290
5.633170
5.704700
5.668920
5.689410
5.599350
5.643350
5.644040
5.757720
5.609920
5.835030
5.547040
5.565640
5.814400
5.696870
5.766820
5.633630
5.676140
5.600250
5.591240
5.682160
5.677060
5.664970
5.700260
5.440080
5.557930
5.636150
5.502670
5.582150
5.635150
5.718440
5.662300
5.658490
5.750000
5.630490
5.657870
5.631620
5.691970
5.596590
5.648610
5.608270
5.742000
5.753610
5.608450
5.534800
5.617290
5.652000
5.699150
5.757130
5.705290
5.632330
5.662210
5.752430
5.696720
5.606300
5.736510
5.685310
5.674900
5.609790
5.793010
5.729950
5.767890
5.790420
5.687650
5.724530
5.601970
5.748020
5.537040
5.573590
5.698950
5.653340
5.622770
5.747940
5.628650
5.521450
5.717320
5.694050
5.736040
5.734210
5.652690
5.537000
5.734360
5.630680
5.628960
5.533100
5.702050
5.745730
5.670170
5.620870
5.637770
5.688170
5.688610
5.620850
5.791940
5.744610
5.561390
5.642780
5.671970
5.756990
5.591330
5.588340
5.489070
5.559500
5.666470
5.790540
5.598170
5.609530
5.640300
5.713010
5.623270
5.669480
5.715920
5.817290
5.758660
5.661180
5.728960
5.697650
5.695730
5.622800
5.637620
5.673350
5.656230
5.634870
5.696140
5.731170
5.684940
5.629800
5.613810
5.549690
5.662990
5.594070
5.494800
5.739300
5.644720
5.534910
5.652230
5.620900
5.624530
5.660930
5.746470
5.618310
5.478690
5.630350
5.647220
5.585840
5.540690
5.789840
5.614710
5.645520
5.709550
5.682490
5.662380
5.744230
5.610950
5.762350
5.713630
5.610510
5.696030
5.542410
5.703390
5.631450
5.589380
5.598070
5.839480
5.711820
5.655130
5.649360
5.760990
5.597520
5.706820
5.633550
5.616390
5.725150
5.628510
5.652810
5.624700
5.653570
5.616280
5.698660
5.713420
5.734120
5.725040
5.739400
5.672920
5.584650
5.666950
5.657730
5.686250
5.700670
5.654090
5.676720
5.635050
5.520930
5.709760
5.577190
5.613820
5.628120
5.650080
5.638730
5.560150
5.698200
5.704670
5.693700
5.599370
5.716590
5.665250
5.755130
5.737750
5.699540
5.671780
5.705560
5.645060
5.640630
5.645350
5.622060
5.648490
5.684150
5.665700
5.597020
5.666960
5.675300
5.744650
5.700550
5.586580
5.602240
5.622530
5.724600
5.828910
5.487770
5.674440
5.624760
5.661160
5.724810
5.716070
5.636230
5.627430
5.699220
5.588270
5.740480
5.685680
5.701920
5.693150
5.609130
5.726240
5.603120
5.594690
5.660670
5.675440
5.726570
5.601870
5.597550
5.687570
5.650330
5.597290
5.592260
5.613950
5.578600
5.811080
5.623180
5.672760
5.719060
5.673690
5.618560
5.774330
5.597380
5.653560
5.648730
5.638520
5.720420
5.578050
5.651880
5.592330
5.606240
5.673660
5.698900
5.623390
5.604950
5.697720
5.622680
5.709990
5.638350
5.615640
5.584860
5.641630
5.668660
5.693440
5.634620
5.580090
5.746090
5.716130
5.620990
5.808660
5.646100
5.623390
5.569800
5.573950
5.678510
5.622330
5.722290
5.613300
5.677210
5.728900
5.741560
5.615020
5.712950
5.674500
5.645230
5.695370
5.687550
5.734430
5.650960
5.653940
5.677720
5.719290
5.666200
5.740820
5.694260
5.817640
5.564470
5.734340
5.630300
5.622350
5.528880
5.541730
5.610660
5.629540
5.776920
5.674800
5.614710
5.643740
5.572920
5.598800
5.780920
5.719810
5.624060
5.661560
5.672380
5.583440
5.665730
5.628300
5.644860
5.609720
5.637780
5.702960
5.656540
5.778630
5.691180
5.602790
5.636370
5.710200
5.752760
5.675000
5.859360
5.752880
5.577200
5.651860
5.673730
5.778470
5.674330
5.512300
5.604150
5.651530
5.624950
5.666170
5.683910
5.649850
5.582880
5.781960
5.695220
5.658660
5.606130
5.641640
5.606570
5.736130
5.670280
5.749180
5.673660
5.592670
5.748590
5.709920
5.786530
5.570730
5.778950
5.608140
5.718660
5.680440
5.596200
5.738870
5.594370
5.674730
5.650440
5.674820
5.507020
5.646860
5.642890
5.452280
5.580910
5.684430
5.571220
5.609640
5.604170
5.642820
5.702630
5.576470
5.753640
5.795330
5.608400
5.635100
5.518540
5.674840
5.703510
5.521090
5.563300
5.596990
5.632030
5.567750
5.609580
5.707070
5.675040
5.617150
5.640090
5.622650
5.683470
5.678200
5.748850
5.664100
5.699820
5.560290
5.625400
5.721390
5.619350
5.614400
5.682690
5.576170
5.636100
5.609670
5.688830
5.629730
5.681880
5.619650
5.679820
5.566300
5.686550
5.589210
5.707180
5.793510
5.663660
5.543400
5.702410
5.708460
5.643040
5.647830
5.739500
5.668290
5.695130
5.748620
5.781920
5.744780
5.677370
5.671170
5.643610
5.734710
5.662090
5.653320
5.712200
5.649480
5.637500
5.678030
5.629090
5.767220
5.627160
5.592350
5.649390
5.724630
5.605750
5.698290
5.733000
5.507950
5.574930
5.668880
5.677700
5.686930
5.627160
5.667290
5.781260
5.623890
5.703900
5.664850
5.590810
5.698010
5.583740
5.708080
5.608280
5.678210
5.622260
5.768750
5.745220
5.591230
5.710170
5.755530
5.744330
5.617350
5.696570
5.660380
5.595340
5.613680
5.615730
5.715940
5.649150
5.599560
5.654390
5.640270
5.669740
5.526690
5.691910
5.596970
5.550390
5.742510
5.647010
5.644540
5.708880
5.631790
5.727850
5.454130
5.683150
5.658930
5.676510
5.650170
5.595520
5.610660
5.569910
5.696600
5.606260
5.712280
5.623180
5.674330
5.674330
