5.690550
5.645450
5.683390
5.699470
5.664790
5.684960
5.722940
5.648800
5.598170
5.653590
5.616680
5.755530
5.678260
5.651260
5.651350
5.556740
5.684240
5.648560
5.614140
5.671490
5.691340
5.629800
5.643550
5.629350
5.712470
5.634610
5.611310
5.717750
5.538300
5.564260
5.664280
5.657630
5.577330
5.583830
5.675320
5.602230
5.698280
5.628220
5.586320
5.556040
5.816800
5.714150
5.636470
5.713110
5.606080
5.620180
5.716660
5.644670
5.580060
5.669910
5.702580
5.680880
5.717770
5.670200
5.719280
5.647920
5.655740
5.579810
5.638740
5.584330
5.644640
5.719480
5.662970
5.646600
5.766830
5.658290
5.691120
5.652250
5.663640
5.595540
5.760010
5.608100
5.735090
5.528390
5.617960
5.677990
5.600230
5.645810
5.748620
5.619180
5.563810
5.652730
5.539950
5.716390
5.600560
5.603300
5.580660
5.607560
5.730880
5.599680
5.694880
5.778250
5.687010
5.615910
5.660030
5.564280
5.674840
5.726390
5.735720
5.627180
5.689700
5.594080
5.622850
5.622000
5.503850
5.674830
5.635820
5.772910
5.791920
5.655150
5.650770
5.716490
5.539950
5.610590
5.607990
5.667500
5.672550
5.653060
5.716490
5.627290
5.602650
5.672220
5.691560
5.648280
5.635160
5.707370
5.730550
5.736800
5.682210
5.628220
5.618210
5.658770
5.591650
5.571100
5.596590
5.667410
5.610200
5.597180
5.589350
5.705820
5.800780
5.576330
5.660260
5.669700
5.684040
5.719870
5.777630
5.712050
5.647680
5.687420
5.550410
5.590660
5.587810
5.556270
5.696180
5.613900
5.615600
5.544910
5.636090
5.558280
5.715580
5.718420
5.713870
5.735090
5.671290
5.559720
5.677110
5.667550
5.611940
5.565350
5.583750
5.665260
5.867260
5.614500
5.727700
5.662260
5.636840
5.683500
5.689040
5.537880
5.697640
5.693760
5.620540
5.633400
5.661030
5.671530
5.573590
5.547230
5.565820
5.671230
5.627830
5.646500
5.610830
5.802800
5.568410
5.623540
5.672000
5.698600
5.704000
5.691050
5.730590
5.619710
5.606490
5.723910
5.710610
5.778170
5.577120
5.699300
5.560950
5.598760
5.688250
5.724820
5.575750
5.571400
5.662620
5.703310
5.646660
5.643830
5.782180
5.639890
5.706820
5.733770
5.588250
5.746670
5.554850
5.628730
5.548980
5.674000
5.599560
5.682640
5.779770
5.690450
5.671740
5.636670
5.591720
5.641780
5.662310
5.664950
5.546960
5.649280
5.754480
5.748860
5.665720
5.648280
5.753380
5.668630
5.704820
5.656930
5.646840
5.568740
5.718450
5.756030
5.719700
5.644300
5.613930
5.694850
5.595560
5.667270
5.612190
5.664990
5.640280
5.684540
5.638400
5.641400
5.595690
5.556340
5.732800
5.662440
5.691830
5.659680
5.568390
5.633080
5.648890
5.732700
5.753540
5.658430
5.617480
5.719710
5.714810
5.664440
5.683120
5.737860
5.752710
5.632030
5.786730
5.691290
5.767810
5.590540
5.693770
5.554890
5.598170
5.665070
5.618860
5.711960
5.572140
5.758630
5.740400
5.763460
5.726570
5.762420
5.707760
5.653000
5.664400
5.609760
5.597590
5.621530
5.624730
5.653600
5.677380
5.776420
5.673270
5.697310
5.687790
5.538830
5.736650
5.687600
5.554330
5.673900
5.622720
5.624370
5.624970
5.675790
5.643310
5.671420
5.680030
5.670780
5.557450
5.645400
5.624820
5.718350
5.666950
5.634450
5.658570
5.726530
5.638750
5.728690
5.679260
5.697040
5.610090
5.523930
5.633870
5.780400
5.672470
5.681930
5.685110
5.701770
5.772000
5.615630
5.654240
5.733490
5.798100
5.651720
5.691340
5.679490
5.710870
5.714740
5.553620
5.725790
5.653420
5.643710
5.656790
5.800000
5.616960
5.711290
5.560420
5.720930
5.601300
5.703860
5.633070
5.581130
5.635730
5.600400
5.697470
5.595940
5.674960
5.587020
5.673020
5.644630
5.731090
5.683410
5.732020
5.641480
5.736630
5.614200
5.604550
5.596700
5.620770
5.713770
5.559070
5.764560
5.590670
5.589330
5.575280
5.699620
5.575690
5.652260
5.588800
5.705080
5.583160
5.675360
5.650950
5.682480
5.644010
5.686760
5.588280
5.676280
5.692900
5.611090
5.767030
5.718530
5.645760
5.684130
5.622650
5.647310
5.586820
5.748710
5.587830
5.556780
5.556750
5.758570
5.722040
5.571720
5.604640
5.643730
5.739780
5.682700
5.750160
5.572310
5.568120
5.514560
5.627790
5.661950
5.705350
5.596920
5.606520
5.677440
5.676080
5.634420
5.786810
5.660410
5.755690
5.729870
5.608010
5.692930
5.630990
5.637100
5.641260
5.738670
5.626340
5.613310
5.618640
5.649770
5.712610
5.683400
5.696470
5.646290
5.794130
5.517640
5.574700
5.622720
5.622400
5.691840
5.680060
5.636730
5.653880
5.677070
5.629220
5.581890
5.708220
5.672360
5.671710
5.717020
5.685540
5.662620
5.738580
5.694560
5.665090
5.613950
5.682640
5.551650
5.584700
5.603720
5.696580
5.664880
5.607850
5.648920
5.567420
5.695540
5.661470
5.591490
5.697630
5.726720
5.643490
5.595590
5.711450
5.641850
5.580900
5.745240
5.662400
5.642280
5.562830
5.656520
5.688380
5.654990
5.556290
5.679660
5.607670
5.591650
5.510880
5.631340
5.691050
5.631990
5.718770
5.702050
5.763150
5.678780
5.675640
5.603120
5.602170
5.691880
5.619340
5.716760
5.718370
5.735370
5.661910
5.528890
5.576600
5.709520
5.644130
5.736900
5.689460
5.643370
5.739910
5.634710
5.555230
5.659430
5.626970
5.643760
5.600030
5.691510
5.725320
5.646700
5.631740
5.667040
5.734970
5.681390
5.523300
5.792260
5.649490
5.634110
5.608180
5.598460
5.679880
5.616010
5.595460
5.702620
5.719180
5.665460
5.688430
5.536380
5.672420
5.596340
5.658220
5.628290
5.609460
5.694480
5.795500
5.673370
5.521080
5.628210
5.644620
5.637410
5.681250
5.640510
5.749010
5.650560
5.704170
5.673270
5.630190
5.694390
5.627970
5.765790
5.652650
5.709550
5.705850
5.660350
5.736980
5.767160
5.621460
5.606890
5.746680
5.684530
5.666080
5.590020
5.575670
5.529770
5.697310
5.624970
5.587630
5.657340
5.582300
5.741110
5.726140
5.708790
5.736890
5.825750
5.740440
5.621100
5.693650
5.641330
5.683490
5.802560
5.661300
5.598410
5.594550
5.654900
5.607740
5.725950
5.589920
5.667600
5.752570
5.581080
5.623910
5.688130
5.708270
5.816990
5.672670
5.706930
5.716010
5.673490
5.646700
5.583240
5.664190
5.647270
5.758350
5.749120
5.610190
5.655190
5.659920
5.739400
5.763330
5.681310
5.607240
5.581380
5.545960
5.640100
5.671510
5.645410
5.556310
5.627870
5.743210
5.654420
5.663750
5.626300
5.740830
5.632850
5.675660
5.593770
5.675340
5.557060
5.719300
5.699510
5.652080
5.708820
5.746100
5.710060
5.764630
5.587010
5.667850
5.723970
5.700470
5.737770
5.497170
5.611430
5.671700
5.739160
5.743530
5.660930
5.654970
5.691270
5.622050
5.672400
5.699520
5.693570
5.622870
5.506330
5.615170
5.675710
5.583540
5.686580
5.609990
5.775030
5.617260
5.660850
5.668270
5.619310
5.688090
5.531420
5.655240
5.656550
5.624290
5.569980
5.473740
5.584430
5.623660
5.736390
5.657660
5.577160
5.852240
5.666790
5.627790
5.784420
5.717070
5.583440
5.520400
5.718830
5.682480
5.719760
5.581830
5.634210
5.725190
5.666610
5.650010
5.660140
5.656260
5.762610
5.618140
5.571150
5.576960
5.617490
5.674050
5.711080
5.698440
5.630000
5.713330
5.746410
5.599500
5.662500
5.669710
5.689620
5.693760
5.621700
5.746030
5.699830
5.708430
5.670150
5.639270
5.772760
5.639790
5.544160
5.680060
5.684750
5.636580
5.735980
5.582790
5.618720
5.577130
5.711790
5.603950
5.694330
5.647340
5.786310
5.748520
5.642560
5.605260
5.660880
5.650540
5.780110
5.691520
5.659760
5.652280
5.607210
5.698930
5.645560
5.642270
5.513840
5.799250
5.641180
5.653720
5.746580
5.732070
5.644330
5.778900
5.661550
5.722490
5.716050
5.549370
5.753670
5.717980
5.622290
5.660300
5.706800
5.776670
5.543850
5.553570
5.627380
5.726890
5.690730
5.576760
5.755290
5.557420
5.609130
5.554320
5.631220
5.779090
5.658200
5.608700
5.649450
5.719770
5.607490
5.715470
5.670830
5.639700
5.691990
5.639530
5.573920
5.777740
5.659630
5.748800
5.658820
5.763730
5.634780
5.590090
5.743740
5.703970
5.730890
5.660300
5.662300
5.674850
5.750280
5.743760
5.728490
5.609720
5.611790
5.662080
5.631850
5.623670
5.527470
5.666960
5.856070
5.627660
5.662370
5.562730
5.686180
5.645680
5.644550
5.567230
5.642880
5.620400
5.808460
5.618340
5.617060
5.848940
5.723920
5.688820
5.750800
5.620890
5.718430
5.744530
5.604930
5.682850
5.626380
5.641220
5.664830
5.713270
5.602340
5.584460
5.706290
5.667400
5.628920
5.603090
5.627630
5.624580
5.712050
5.681090
5.528170
5.661430
5.572470
5.726290
5.679660
5.728080
5.537740
5.754220
5.709460
5.663930
5.729310
5.643240
5.725490
5.735440
5.684580
5.749330
5.706750
5.819030
5.688220
5.646110
5.608510
5.563030
5.696950
5.653790
5.657780
5.654180
5.713300
5.711500
5.670560
5.708130
5.655880
5.664550
5.623110
5.672990
5.711530
5.622850
5.612400
5.674870
5.569980
5.644160
5.854500
5.524930
5.717290
5.685960
5.834430
5.560250
5.555210
5.647960
5.589520
5.556390
5.647440
5.802190
5.616500
5.537900
5.608330
5.732250
5.790960
5.643410
5.751550
5.621040
5.595570
5.645070
5.589940
5.680540
5.642630
5.670200
5.599730
5.614510
5.656850
5.658370
5.599920
5.626630
5.758730
5.696470
5.629350
5.808900
5.668540
5.705130
5.585410
5.798090
5.652330
5.656240
5.692980
5.761810
5.590640
5.617630
5.642470
5.691150
5.706900
5.609330
5.642390
5.682220
5.611430
5.835820
5.496270
5.790780
5.580400
5.763430
5.796000
5.673940
5.584410
5.640430
5.572500
5.660550
5.713420
5.639450
5.653850
5.627130
5.709320
5.646410
5.657580
5.833970
5.606410
5.665900
5.666120
5.755130
5.625740
5.672200
5.712350
5.673170
5.617780
5.608990
5.677570
5.795110
5.483710
5.624110
5.580990
5.641920
5.695080
5.712760
5.689000
5.769010
5.569980
5.648170
5.587920
5.571860
5.582670
5.660200
5.649620
5.684850
5.584260
5.569370
5.508200
5.653900
5.703420
5.662720
5.690540
5.633130
5.720780
5.745040
5.642780
5.643870
5.596360
5.565710
5.658330
5.593120
5.700180
5.688260
5.658790
5.601520
5.649210
5.670410
5.672910
5.579080
5.583610
5.694160
5.654380
5.740760
5.825220
5.633350
5.651370
5.591280
5.755520
5.513500
5.648480
5.638160
5.762540
5.797630
5.581100
5.628440
5.665410
5.669930
5.701300
5.685330
5.637230
5.623610
5.652960
5.658860
5.582600
5.889540
5.565580
5.623050
5.701130
5.725790
5.652420
5.726360
5.551980
5.465660
5.640230
5.632540
5.658440
5.769680
5.632250
5.683080
5.744600
5.612810
5.593530
5.656330
5.569470
5.675910
5.650050
5.800850
5.717450
5.683840
5.606260
5.688730
5.733210
5.720570
5.806230
5.721130
5.623670
5.703510
5.612070
5.677330
5.709860
5.686540
5.649120
5.673330
5.629250
5.700070
5.652560
5.668340
5.676070
5.550000
5.700330
5.738270
5.620160
5.567710
5.618850
5.604070
5.730500
5.674880
5.722970
5.670870
5.711250
5.674520
5.654490
5.657790
5.663640
5.677000
5.597010
5.618260
5.589110
5.648540
5.751850
5.664580
5.677580
5.671550
5.616990
5.656230
5.562930
5.765100
5.671860
5.719320
5.777940
5.682040
5.758170
5.677180
5.592440
5.763210
5.653750
5.656740
5.727590
5.660430
5.758480
5.695910
5.719740
5.759820
5.515130
5.711780
5.753610
5.657220
5.431090
5.692310
5.624420
5.603320
5.644720
5.666840
5.597420
5.628410
5.794590
5.801270
5.707920
5.743550
5.823750
5.645430
5.702910
5.617290
5.748790
5.606530
5.660870
5.657280
5.521360
5.776760
5.717870
5.628620
5.694040
5.617400
5.679020
5.616980
5.705000
5.698760
5.644550
5.696780
5.636600
5.612050
5.653680
5.596300
5.598820
5.573100
5.531610
5.644250
5.729300
5.598720
5.623260
5.718790
5.719830
5.630830
5.747950
5.812210
5.705690
5.615880
5.646890
5.649800
5.722160
5.611430
5.695720
5.602170
5.791670
5.636280
5.693430
5.603070
5.763800
5.632880
5.689970
5.632150
5.781800
5.721550
5.642140
5.726270
5.627760
5.590240
5.712200
5.828260
5.803870
5.600630
5.557510
5.675110
5.647630
5.770600
5.734250
5.711380
5.590260
5.624650
5.745980
5.726670
5.548380
5.811450
5.743500
5.635290
5.684480
5.641450
5.713340
5.597920
5.606660
5.625670
5.621030
5.661880
5.645680
5.755290
5.645550
5.625860
5.649370
5.738950
5.629700
5.695690
5.751760
5.654320
5.734870
5.577130
5.673750
5.630440
5.710650
5.736100
5.719650
5.716540
5.689550
5.625810
5.641650
5.786720
5.635660
5.663610
5.721590
5.641610
5.510280
5.612880
5.646640
5.634860
5.645120
5.786870
5.609810
5.671970
5.696540
5.648880
5.774700
5.743230
5.678070
5.688120
5.663710
5.732000
5.676340
5.629170
5.642670
5.616360
5.668200
5.699150
5.602630
5.653970
5.638320
5.752790
5.672990
5.678100
5.608490
5.798130
5.706120
5.585040
5.591730
5.667380
5.603880
5.695330
5.699560
5.682720
5.610340
5.685600
5.653070
5.745860
5.681160
5.669500
5.708490
5.645270
5.622970
5.653330
5.607110
5.657950
5.557430
5.763440
5.682210
5.596650
5.671390
5.728320
5.682030
5.737040
5.684830
5.524650
5.701730
5.660210
5.618250
5.704900
5.696690
5.682010
5.671440
5.633630
5.594790
5.633580
5.746440
5.563480
5.599930
5.698700
5.675850
5.715260
5.571560
5.561350
5.710910
5.648020
5.656790
5.687250
5.773250
5.616940
5.699260
5.606670
5.648950
5.703960
5.613730
5.628460
5.751280
5.569730
5.634820
5.654600
5.669880
5.711450
5.619760
5.615730
5.633560
5.618200
5.800350
5.655540
5.626690
5.671430
5.692860
5.548730
5.680420
5.594400
5.621270
5.558180
5.747470
5.686020
5.586670
5.662820
5.710670
5.567330
5.705790
5.720130
5.695280
5.708910
5.707790
5.606700
5.583070
5.690970
5.611400
5.643740
5.595180
5.576780
5.604040
5.687330
5.723800
5.796220
5.695950
5.715250
5.730530
5.612820
5.641130
5.611490
5.665330
5.736430
5.718620
5.637790
5.665900
5.699780
5.659480
5.596850
5.648130
5.678100
5.597010
5.750230
5.588580
5.773810
5.722140
5.574760
5.672030
5.683790
5.684710
5.611180
5.700450
5.721740
5.599390
5.710610
5.578170
5.621890
5.578310
5.700090
5.562660
5.617080
5.670300
5.710720
5.521070
5.695390
5.718190
5.696360
5.741210
5.602640
5.632160
5.682100
5.647910
5.722940
5.634400
5.552830
5.647910
5.624240
5.591810
5.571280
5.751510
5.653900
5.542480
5.671170
5.688700
5.628560
5.643310
5.639950
5.664520
5.641760
5.616780
5.611490
5.677030
5.540730
5.678030
5.630220
5.704520
5.596630
5.633130
5.647720
5.583110
5.680920
5.730680
5.701990
5.591050
5.795000
5.745030
5.784420
5.637830
5.685590
5.575080
5.614660
5.665190
5.597220
5.663110
5.645930
5.699820
5.720530
5.680060
5.727370
5.701280
5.653520
5.611140
5.634870
5.758660
5.648460
5.750280
5.624670
5.634940
5.664130
5.710310
5.653710
5.643870
5.788190
5.712310
5.698190
5.652720
5.504850
5.757100
5.636110
5.704260
5.554620
5.590250
5.578700
5.571910
5.710400
5.697010
5.580030
5.679290
5.570360
5.646980
5.610910
5.778550
5.611870
5.750590
5.708640
5.652930
5.693220
5.579320
5.615480
5.681690
5.647440
5.720120
5.720380
5.701610
5.649420
5.836950
5.710810
5.690830
5.643190
5.722720
5.675890
5.614910
5.682540
5.825860
5.650680
5.713030
5.595920
5.707520
5.605440
5.716120
5.836150
5.576450
5.613630
5.605690
5.712490
5.608060
5.694980
5.751170
5.681400
5.628360
5.725070
5.601140
5.658400
5.650750
5.719230
5.661170
5.667200
5.609720
5.732720
5.586230
5.600080
5.712410
5.758010
5.714830
5.641290
5.678120
5.749970
5.750800
5.646930
5.630330
5.642670
5.670360
5.697570
5.632340
5.666590
5.664560
5.699560
5.616380
5.709450
5.624760
5.678590
5.813550
5.576230
5.671240
5.710400
5.572010
5.643270
5.653170
5.643360
5.654890
5.693890
5.625120
5.572110
5.559530
5.621630
5.758560
5.672000
5.670910
5.507530
5.577880
5.658380
5.646230
5.705020
5.744420
5.590490
5.595390
5.705430
5.637040
5.639080
5.801040
5.729690
5.728270
5.672140
5.673640
5.642220
5.725340
5.699260
5.695710
5.761600
5.681970
5.806580
5.734370
5.661770
5.694010
5.665310
5.694430
5.718700
5.572700
5.684950
5.676070
5.797050
5.568480
5.710940
5.680950
5.774700
5.542490
5.701250
5.597580
5.619660
5.649330
5.706540
5.590480
5.609540
5.686520
5.572770
5.699960
5.708750
5.672220
5.788150
5.606670
5.639190
5.646550
5.580700
5.732250
5.703770
5.642310
5.704420
5.602140
5.641160
5.632810
5.513790
5.661480
5.677790
5.635770
5.734420
5.674850
5.685950
5.714980
5.695150
5.645650
5.604240
5.537470
5.635210
5.724620
5.580110
5.593500
5.704520
5.679130
5.743490
5.540850
5.523910
5.618390
5.641210
5.628990
5.716310
5.696560
5.657750
5.656780
5.588000
5.680440
5.770160
5.747380
5.653410
5.608260
5.710800
5.734460
5.712100
5.517500
5.563430
5.757140
5.624840
5.754970
5.680020
5.636900
5.703510
5.598080
5.605640
5.685310
5.704410
5.727230
5.729240
5.702770
5.677990
5.618190
5.786080
5.703040
5.566170
5.714130
5.715840
5.657120
5.605670
5.772500
5.640680
5.697330
5.676260
5.633100
5.551680
5.772010
5.598630
5.569610
5.629340
5.532640
5.719230
5.572270
5.612700
5.631970
5.640050
5.672520
5.685080
5.710760
5.709600
5.646740
5.679770
5.660500
5.702840
5.623530
5.560110
5.626370
5.734880
5.603550
5.694300
5.693080
5.497050
5.736630
5.681380
5.730900
5.667640
5.715330
5.717500
5.637210
5.506640
5.678270
5.719690
5.735570
5.694360
5.635910
5.560290
5.605330
5.671500
5.672830
5.682010
5.580490
5.699200
5.645210
5.595710
5.758710
5.557490
5.760470
5.697930
5.685410
5.645040
5.754980
5.610880
5.733600
5.531030
5.627440
5.692000
5.637670
5.657140
5.758420
5.662440
5.702290
5.707890
5.719830
5.685720
5.593660
5.661010
5.588620
5.721300
5.747200
5.702790
5.691090
5.622500
5.708850
5.688400
5.630220
5.657500
5.679810
5.651140
5.650300
5.635710
5.747580
5.675640
5.640710
5.623900
5.560970
5.800290
5.611590
5.604360
5.590020
5.610790
5.751610
5.660240
5.490370
5.643920
5.736210
5.610630
5.628340
5.553030
5.670920
5.756790
5.768380
5.644590
5.622360
5.549040
5.664970
5.610720
5.696980
5.710450
5.562010
5.630180
5.650770
5.708640
5.700070
5.661710
5.694480
5.610740
5.710880
5.675030
5.762880
5.734730
5.449750
5.742090
5.611110
5.716660
5.614190
5.597520
5.810190
5.656960
5.713350
5.699390
5.654810
5.640230
5.675330
5.669950
5.568960
5.781700
5.592380
5.628580
5.480370
5.643790
5.724820
5.588990
5.596820
5.665650
5.652540
5.618130
5.610530
5.667380
5.688170
5.625370
5.671740
5.657750
5.704180
5.694130
5.644820
5.605450
5.669860
5.666130
5.700750
5.537890
5.607990
5.725290
5.615260
5.702090
5.719940
5.694830
5.609630
5.577250
5.576560
5.597730
5.693840
5.642100
5.613220
5.572750
5.656210
5.600870
5.757850
5.784330
5.714460
5.576970
5.767060
5.647720
5.618740
5.782200
5.545490
5.604830
5.619270
5.712390
5.651520
5.646530
5.575570
5.716880
5.598900
5.611380
5.595070
5.608560
5.594030
5.636060
5.635250
5.735280
5.499530
5.451590
5.737450
5.676590
5.581000
5.583380
5.749190
5.526250
5.609840
5.676830
5.717860
5.651800
5.645960
5.649690
5.678060
5.603580
5.601370
5.647030
5.654810
5.601190
5.738690
5.689370
5.767580
5.686390
5.604570
5.558720
5.668410
5.751660
5.705310
5.516760
5.735020
5.616930
5.657300
5.691250
5.755080
5.646190
5.578410
5.779390
5.612800
5.704100
5.707270
5.585840
5.624850
5.706300
5.637720
5.712100
5.562520
5.636550
5.768780
5.616020
5.614800
5.700490
5.803400
5.553540
5.644410
5.589480
5.785880
5.687660
5.557990
5.609520
5.752350
5.692580
5.757110
5.491440
5.595530
5.594680
5.677010
5.572330
5.580650
5.715560
5.648410
5.571720
5.659340
5.596210
5.659840
5.662090
5.708610
5.647090
5.709440
5.761050
5.713610
5.644890
5.630400
5.704830
5.713050
5.647910
5.608690
5.602270
5.640840
5.722730
5.562260
5.680540
5.618460
5.654960
5.707230
5.627090
5.518890
5.682350
5.631610
5.557190
5.592890
5.504210
5.603620
5.594430
5.738070
5.508630
5.663130
5.711150
5.559880
5.607010
5.595020
5.692460
5.601100
5.729650
5.527800
5.602650
5.703090
5.662680
5.708090
5.648300
5.719680
5.635210
5.846060
5.713140
5.647810
5.747470
5.786920
5.592930
5.778290
5.660360
5.777390
5.633220
5.744800
5.624730
5.691190
5.661110
5.582890
5.685720
5.752760
5.643210
5.699860
5.687380
5.678550
5.610750
5.670820
5.733280
5.618210
5.521170
5.654380
5.707860
5.731380
5.741630
5.644000
5.726090
5.696610
5.673060
5.734380
5.680030
5.573260
5.739980
5.692830
5.800230
5.626810
5.662250
5.641790
5.708620
5.661240
5.682640
5.686340
5.627710
5.574630
5.718090
5.689220
5.750690
5.652970
5.680900
5.687620
5.668540
5.643050
5.569200
5.624500
5.580310
5.706920
5.620650
5.692950
5.642990
5.685080
5.661270
5.814510
5.653200
5.673280
5.732330
5.720080
5.607360
5.653010
5.710970
5.732460
5.688610
5.688640
5.566900
5.619460
5.721300
5.684220
5.746230
5.625190
5.698530
5.569560
5.642560
5.492810
5.694650
5.566590
5.679680
5.612060
5.621580
5.598190
5.624210
5.695390
5.720710
5.598880
5.520840
5.645870
5.705430
5.691000
5.745660
5.704350
5.607080
5.659520
5.621300
5.730440
5.715440
5.616150
5.698580
5.678880
5.536260
5.789580
5.658420
5.639070
5.588380
5.562110
5.686790
5.712440
5.757640
5.602390
5.719780
5.657450
5.571630
5.704500
5.638530
5.642190
5.740420
5.658520
5.579850
5.590180
5.635890
5.556660
5.546870
5.560260
5.647050
5.690820
5.630390
5.725350
5.750790
5.642920
5.619650
5.586970
5.592860
5.629270
5.634970
5.714220
5.650900
5.708210
5.663710
5.567180
5.571220
5.748330
5.591120
5.741720
5.653670
5.671450
5.734500
5.591510
5.508980
5.708560
5.682450
5.599960
5.615200
5.545440
5.756360
5.598570
5.586460
5.623130
5.680880
5.696000
5.687900
5.592700
5.683890
5.685730
5.702110
5.593280
5.661060
5.669970
5.646460
5.643090
5.745400
5.703540
5.739670
5.730170
5.541600
5.722460
5.688840
5.651910
5.696770
5.699280
5.670120
5.780100
5.631300
5.606130
5.798710
5.646320
5.591070
5.715300
5.654150
5.670450
5.536150
5.642640
5.630200
5.664760
5.634500
5.619490
5.716550
5.645980
5.695000
5.744790
5.513180
5.693790
5.749910
5.614650
5.627920
5.690040
5.540530
5.614970
5.565630
5.705860
5.625930
5.743440
5.623530
5.506910
5.586110
5.624510
5.742360
5.587420
5.760320
5.675050
5.605120
5.687430
5.665680
5.755970
5.720200
5.530800
5.642310
5.787800
5.704020
5.569300
5.536450
5.599240
5.686990
5.721430
5.643480
5.648310
5.849680
5.619370
5.695420
5.807710
5.697200
5.644560
5.771150
5.616540
5.739810
5.734260
5.722270
5.636250
5.744120
5.593600
5.713620
5.582640
5.625420
5.579370
5.708540
5.715010
5.759890
5.649640
5.649690
5.620150
5.596520
5.550910
5.700710
5.747850
5.739130
5.619500
5.762450
5.657930
5.655310
5.722560
5.742940
5.555180
5.695820
5.616240
5.678030
5.645600
5.716080
5.644770
5.786340
5.729810
5.606360
5.609620
5.660840
5.644080
5.701290
5.582240
5.670740
5.595660
5.671430
5.714450
5.751900
5.724340
5.637560
5.662560
5.641260
5.598070
5.756920
5.749540
5.545120
5.634260
5.617080
5.587710
5.737020
5.694130
5.760800
5.691480
5.607980
5.700660
5.665210
5.712300
5.592150
5.690960
5.665140
5.639480
5.551770
5.696790
5.559150
5.635800
5.700970
5.706110
5.692210
5.649320
5.642200
5.722050
5.571760
5.621900
5.699650
5.591870
5.661470
5.617550
5.729510
5.778940
5.676590
5.652180
5.610700
5.583710
5.589840
5.611370
5.602030
5.687710
5.543500
5.702780
5.614290
5.696460
5.660380
5.606640
5.691830
5.616840
5.647130
5.652210
5.628400
5.637720
5.623810
5.691830
5.634790
5.576560
5.669290
5.662840
5.622490
5.547530
5.751560
5.758590
5.665910
5.624980
5.724360
5.642160
5.651590
5.559730
5.632980
5.638920
5.726680
5.611060
5.558340
5.588780
5.521200
5.703280
5.748880
5.747900
5.686560
5.747030
5.745340
5.740010
5.559700
5.648620
5.596390
5.637060
5.600410
5.725520
5.654140
5.615650
5.688420
5.616830
5.751220
5.646350
5.716580
5.738250
5.633010
5.790330
5.703760
5.644200
5.675160
5.694260
5.523960
5.602170
5.607340
5.685290
5.578840
5.688750
5.550360
5.716150
5.701720
5.624740
5.648850
5.639630
5.748730
5.665080
5.638060
5.683510
5.633950
5.628460
5.662780
5.608510
5.734970
5.650150
5.590450
5.634760
5.734330
5.710880
5.560240
5.723560
5.668220
5.705540
5.682310
5.635190
5.610600
5.604210
5.648300
5.751060
5.583100
5.728810
5.606900
5.658250
5.640460
5.639610
5.649920
5.665320
5.547200
5.528270
5.757320
5.717260
5.652760
5.590630
5.745730
5.652640
5.753100
5.652520
5.621670
5.648080
5.573770
5.786520
5.658320
5.696960
5.630090
5.722880
5.686430
5.659150
5.668940
5.660780
5.659420
5.723860
5.705060
5.687670
5.729310
5.589270
5.608860
5.624530
5.669950
5.758380
5.608140
5.533230
5.632230
5.664320
5.748970
5.792380
5.682340
5.626140
5.642230
5.708900
5.722190
5.690700
5.700320
5.766210
5.721190
5.585960
5.724300
5.692040
5.672140
5.749360
5.702510
5.630390
5.572840
5.751500
5.627440
5.681670
5.611220
5.577560
5.701520
5.627050
5.570030
5.516440
5.575770
5.619740
5.720110
5.615860
5.681930
5.595930
5.658760
5.584060
5.613610
5.798640
5.623910
5.675450
5.607960
5.701370
5.772220
5.707250
5.782570
5.713910
5.700620
5.664780
5.655400
5.602950
5.713410
5.671180
5.711250
5.630380
5.696770
5.701920
5.678050
5.580830
5.554250
5.774630
5.697860
5.733850
5.637720
5.615800
5.633680
5.683880
5.653400
5.654990
5.587980
5.682330
5.776380
5.523490
5.587010
5.726350
5.684510
5.645470
5.615670
5.617490
5.775690
5.673200
5.542040
5.646550
5.685000
5.657640
5.574700
5.707940
5.695640
5.636420
5.757550
5.592950
5.674700
5.728620
5.716010
5.614480
5.641920
5.715230
5.557320
5.620240
5.608350
5.669380
5.727830
5.591460
5.630300
5.632560
5.640320
5.686960
5.686570
5.658070
5.622020
5.585400
5.585260
5.770610
5.691970
5.589730
5.528290
5.703700
5.704050
5.646400
5.692590
5.649540
5.640310
5.625570
5.707180
5.688810
5.754560
5.629630
5.647750
5.766870
5.530740
5.682460
5.667590
5.647880
5.547280
5.694710
5.720810
5.631540
5.759670
5.691790
5.676060
5.597640
5.594160
5.570880
5.613410
5.691200
5.683100
5.747670
5.647730
5.713150
5.704190
5.673990
5.529910
5.602380
5.689020
5.787660
5.629480
5.684840
5.597780
5.683660
5.620650
5.717380
5.600970
5.607220
5.712620
5.646020
5.533500
5.597640
5.656110
5.691140
5.791590
5.751450
5.637400
5.667400
5.598920
5.669470
5.537600
5.598540
5.637610
5.731130
5.667540
5.695860
5.551170
5.652260
5.714520
5.646460
5.589870
5.720350
5.600900
5.605440
5.667200
5.674310
5.659990
5.589030
5.716860
5.649370
5.647910
5.653870
5.670950
5.624070
5.582810
5.741440
5.594980
5.737160
5.742290
5.606510
5.717960
5.613990
5.578890
5.636620
5.617780
5.652600
5.619590
5.643310
5.697080
5.682040
5.689100
5.730800
5.732350
5.509210
5.692050
5.562160
5.635490
5.605160
5.589320
5.585650
5.617400
5.638710
5.655680
5.700580
5.726520
5.573590
5.752480
5.655580
5.693730
5.692730
5.668160
5.688690
5.594520
5.674100
5.647120
5.676910
5.636180
5.637390
5.696490
5.734930
5.692070
5.631200
5.681670
5.707760
5.760200
5.707810
5.705820
5.759260
5.685700
5.668690
5.697670
5.393710
5.779090
5.624550
5.622650
5.518690
5.663380
5.506310
5.759810
5.609580
5.733030
5.716630
5.635820
5.778660
5.681840
5.584590
5.597420
5.633420
5.698470
5.677720
5.751810
5.664270
5.669680
5.757540
5.619230
5.607350
5.655050
5.723980
5.754330
5.793820
5.691640
5.598570
5.573960
5.637110
5.645830
5.708300
5.659580
5.598490
5.664870
5.614690
5.579450
5.719770
5.549680
5.669710
5.550900
5.656790
5.639340
5.666310
5.715570
5.684770
5.680320
5.556800
5.627690
5.706710
5.556020
5.677570
5.698210
5.697250
5.802030
5.646390
5.704260
5.645260
5.703160
5.609660
5.704390
5.692360
5.616120
5.560260
5.688820
5.620960
5.615160
5.628020
5.635190
5.612320
5.576530
5.621630
5.583990
5.698490
5.799220
5.620700
5.607220
5.689670
5.628080
5.621650
5.766770
5.702850
5.688960
5.545470
5.703400
5.764100
5.548010
5.637660
5.620720
5.673760
5.794750
5.617710
5.732620
5.694610
5.618620
5.719260
5.697420
5.746160
5.720600
5.829780
5.684130
5.675520
5.687920
5.780630
5.749730
5.628210
5.735280
5.533780
5.636830
5.671680
5.584550
5.637590
5.582110
5.740830
5.666130
5.589230
5.593040
5.617350
5.580090
5.695390
5.672070
5.675970
5.648240
5.631460
5.710240
5.629370
5.700210
5.631120
5.752550
5.652520
5.577480
5.587740
5.671910
5.603150
5.617690
5.688360
5.705800
5.656990
5.624040
5.661080
5.716710
5.584230
5.680650
5.714050
5.619220
5.629260
5.697520
5.601080
5.608810
5.703480
5.584520
5.575450
5.788610
5.830870
5.690570
5.753430
5.670900
5.568640
5.603430
5.563920
5.796780
5.581640
5.602290
5.733300
5.648670
5.609020
5.612020
5.684130
5.632840
5.653760
5.650130
5.646220
5.638580
5.810680
5.738300
5.581180
5.673290
5.701390
5.578290
5.635310
5.701420
5.757180
5.668860
5.539620
5.622650
5.545600
5.617890
5.628930
5.720810
5.564760
5.701970
5.575570
5.619740
5.725890
5.542690
5.547180
5.672310
5.553470
5.733400
5.728090
5.578850
5.701290
5.747060
5.744490
5.656220
5.687590
5.632350
5.636210
5.761810
5.672760
5.697690
5.580020
5.734610
5.666910
5.767910
5.655310
5.735830
5.676210
5.726910
5.578280
5.574290
5.728550
5.814560
5.674720
5.741550
5.671120
5.736220
5.600730
5.649090
5.772780
5.640490
5.630810
5.739900
5.656980
5.623450
5.653960
5.550160
5.575500
5.658050
5.555370
5.762610
5.708070
5.596820
5.659000
5.608600
5.638520
5.607240
5.749510
5.715360
5.616250
5.767590
5.718630
5.593770
5.823580
5.678830
5.714730
5.598810
5.599730
5.621400
5.806390
5.733500
5.732140
5.611890
5.723390
5.710410
5.665940
5.731000
5.803860
5.807510
5.567360
5.597570
5.765320
5.689280
5.679260
5.698330
5.676680
5.620080
5.779750
5.607290
5.755980
5.741280
5.636310
5.723650
5.525440
5.739730
5.577650
5.765560
5.714550
5.644920
5.588740
5.621170
5.642770
5.667710
5.617800
5.628890
5.617450
5.635560
5.674920
5.600650
5.709810
5.666570
5.673540
5.607160
5.686680
5.705560
5.570550
5.616670
5.681280
5.650740
5.623010
5.600710
5.795610
5.711890
5.739730
5.630760
5.729580
5.647110
5.658050
5.525660
5.667480
5.679620
5.567640
5.654050
5.722040
5.575520
5.564680
5.714370
5.672750
5.618920
5.577200
5.591240
5.664130
5.557530
5.628410
5.705090
5.768350
5.595240
5.683290
5.666640
5.622420
5.613860
5.616200
5.727380
5.609860
5.711830
5.689580
5.666040
5.620330
5.741690
5.585020
5.689810
5.737410
5.740380
5.564870
5.664920
5.612130
5.685540
5.699930
5.721120
5.664640
5.634960
5.726300
5.670380
5.581070
5.582080
5.649900
5.775700
5.686450
5.670200
5.703300
5.744380
5.627480
5.626050
5.769840
5.699920
5.666600
5.641420
5.696390
5.723900
5.667830
5.677970
5.629140
5.695400
5.615910
5.630060
5.686180
5.692760
5.740900
5.562610
5.645400
5.750540
5.649090
5.591250
5.636070
5.538910
5.615120
5.656950
5.607420
5.587660
5.696730
5.607240
5.743860
5.767410
5.681230
5.580770
5.558070
5.643620
5.598940
5.676220
5.647140
5.649880
5.585570
5.606880
5.620290
5.591870
5.666780
5.629720
5.578190
5.593260
5.709400
5.575820
5.617170
5.761690
5.570170
5.758010
5.657810
5.671230
5.794600
5.695270
5.698460
5.760180
5.655710
5.482180
5.721460
5.558390
5.654580
5.733620
5.713880
5.673820
5.557150
5.626440
5.719990
5.711910
5.662010
5.640460
5.774420
5.571200
5.676320
5.718090
5.612500
5.576600
5.698560
5.649180
5.759520
5.580800
5.751780
5.625480
5.708870
5.727770
5.703540
5.677070
5.733940
5.665150
5.575320
5.601100
5.722540
5.633830
5.575490
5.573350
5.563840
5.642570
5.772450
5.544480
5.558590
5.738320
5.634190
5.499620
5.685970
5.685510
5.734120
5.562310
5.698320
5.587290
5.618880
5.631020
5.731780
5.565250
5.672220
5.539880
5.729020
5.675550
5.633580
5.724540
5.610850
5.732410
5.678530
5.600060
5.671610
5.674300
5.604640
5.534960
5.582250
5.746910
5.656940
5.809460
5.657840
5.615220
5.624700
5.617610
5.585300
5.712930
5.663440
5.716140
5.642260
5.704660
5.716590
5.573930
5.632920
5.570280
5.661710
5.700220
5.648400
5.638560
5.702410
5.610460
5.587690
5.646970
5.585150
5.721720
5.766660
5.670320
5.547380
5.737160
5.737070
5.700720
5.708940
5.604650
5.621100
5.742740
5.607010
5.611120
5.725000
5.699760
5.671980
5.605660
5.587840
5.621180
5.753430
5.594280
5.649150
5.719920
5.757690
5.666130
5.685730
5.733960
5.609940
5.665960
5.742800
5.649330
5.607330
5.629200
5.695170
5.695810
5.701000
5.653130
5.638940
5.672480
5.575620
5.656220
5.741720
5.674000
5.664000
5.718540
5.499360
5.618880
5.737200
5.670970
5.664510
5.514180
5.726390
5.723770
5.614150
5.656030
5.661970
5.605630
5.609850
5.725990
5.691680
5.699900
5.655340
5.597980
5.515580
5.682170
5.671410
5.671360
5.685490
5.634440
5.548740
5.627490
5.694910
5.522150
5.657960
5.739680
5.742780
5.635900
5.689390
5.657390
5.641730
5.561720
5.593510
5.622290
5.746310
5.609010
5.616290
5.670960
5.673450
5.630390
5.629510
5.637660
5.728870
5.567230
5.608980
5.680940
5.700300
5.554540
5.586490
5.550320
5.649130
5.645060
5.707040
5.665490
5.708430
5.732760
5.674510
5.739230
5.616840
5.630840
5.584830
5.577160
5.574030
5.663080
5.689690
5.680640
5.606780
5.681520
5.791480
5.664970
5.737200
5.721840
5.530380
5.676210
5.649670
5.686830
5.635260
5.695820
5.650360
5.642510
5.613370
5.741040
5.651040
5.659490
5.596020
5.675660
5.729830
5.582580
5.594390
5.699830
5.605540
5.624090
5.539940
5.582830
5.530530
5.749810
5.667140
5.679300
5.565610
5.658070
5.559400
5.742420
5.630900
5.639140
5.764780
5.610650
5.598820
5.540790
5.706240
5.742650
5.773390
5.765520
5.718340
5.725550
5.646010
5.660120
5.649670
5.653700
5.691260
5.617980
5.573090
5.676410
5.649540
5.537410
5.668570
5.666050
5.694120
5.665850
5.752170
5.544900
5.641340
5.807360
5.599310
5.629980
5.706270
5.695490
5.728610
5.649530
5.702070
5.775510
5.635850
5.632450
5.759610
5.606620
5.722620
5.560490
5.673540
5.653640
5.646720
5.700700
5.480640
5.647020
5.642190
5.752360
5.608150
5.591530
5.711210
5.639760
5.683000
5.759160
5.692400
5.750420
5.578450
5.550590
5.634630
5.702890
5.686180
5.725040
5.721480
5.752550
5.749310
5.631900
5.672350
5.641400
5.690130
5.701790
5.826260
5.622300
5.605350
5.659820
5.551360
5.711980
5.740610
5.733040
5.718610
5.692330
5.679100
5.770080
5.750850
5.648340
5.656480
5.593610
5.717260
5.650850
5.669620
5.643350
5.782120
5.548180
5.555290
5.621490
5.689930
5.514540
5.752670
5.616160
5.590650
5.587460
5.619550
5.655650
5.655990
5.648600
5.809890
5.527150
5.692210
5.797630
5.758590
5.581230
5.644710
5.606860
5.731960
5.691340
5.632180
5.686360
5.783490
5.669480
5.611010
5.478510
5.610850
5.639140
5.650680
5.702700
5.735260
5.690270
5.685390
5.717690
5.713410
5.694010
5.708710
5.711900
5.720100
5.594570
5.746250
5.777470
5.652260
5.650060
5.669240
5.611090
5.663240
5.638440
5.601560
5.649330
5.664780
5.703520
5.689340
5.676970
5.698790
5.537140
5.654900
5.603570
5.791340
5.591690
5.608910
5.755070
5.641780
5.788070
5.681860
5.687380
5.634800
5.697500
5.684550
5.674000
5.644640
5.660760
5.596470
5.554940
5.664390
5.632370
5.692320
5.613840
5.614780
5.589140
5.684190
5.775930
5.705010
5.729160
5.685670
5.659980
5.613570
5.665120
5.636670
5.635610
5.777150
5.701580
5.685290
5.636550
5.579460
5.584340
5.672180
5.690470
5.569260
5.790060
5.549460
5.821130
5.582100
5.598200
5.665290
5.613620
5.525050
5.671090
5.566740
5.677490
5.642180
5.586110
5.725200
5.655610
5.655980
5.711280
5.638030
5.785240
5.612810
5.664070
5.751380
5.638430
5.663180
5.688230
5.596210
5.672780
5.698260
5.661490
5.610650
5.702090
5.740820
5.590110
5.642290
5.722860
5.638380
5.645020
5.648690
5.624670
5.746060
5.689770
5.673280
5.736250
5.536300
5.747770
5.747620
5.693700
5.704920
5.697750
5.510130
5.630210
5.711180
5.679510
5.669470
5.689120
5.585450
5.642190
5.692270
5.657580
5.757550
5.649150
5.807750
5.632240
5.550450
5.660490
5.607780
5.575640
5.722630
5.656990
5.695000
5.697980
5.703210
5.661990
5.588330
5.561930
5.612700
5.653130
5.647680
5.598520
5.657200
5.594110
5.608220
5.702570
5.662970
5.604070
5.608320
5.621370
5.739010
5.812220
5.659920
5.552020
5.618270
5.651130
5.692090
5.667570
5.559090
5.674130
5.723040
5.635120
5.581520
5.703920
5.669920
5.685810
5.690370
5.651430
5.717210
5.788090
5.706140
5.692950
5.706000
5.610260
5.627220
5.683990
5.770370
5.801900
5.600750
5.634510
5.736150
5.779870
5.606260
5.694080
5.641230
5.663540
5.603760
5.657140
5.744240
5.687650
5.722230
5.696750
5.636480
5.468790
5.704150
5.729660
5.633480
5.730680
5.743550
5.626080
5.618260
5.715460
5.723220
5.702420
5.665590
5.635810
5.711240
5.643340
5.597930
5.682720
5.613500
5.664070
5.717630
5.648170
5.707910
5.651490
5.706760
5.775970
5.738520
5.634570
5.611680
5.619650
5.782740
5.715110
5.750640
5.630240
5.808730
5.609940
5.656650
5.664300
5.771810
5.557580
5.625960
5.651470
5.673900
5.703230
5.715200
5.504010
5.727390
5.667750
5.655130
5.688090
5.606570
5.729700
5.616220
5.735860
5.676250
5.641480
5.814340
5.750150
5.696730
5.683410
5.649490
5.689960
5.628360
5.810450
5.499350
5.689270
5.634150
5.699880
5.613690
5.587130
5.592530
5.566300
5.666340
5.619840
5.817550
5.622990
5.696320
5.707720
5.722120
5.607060
5.687820
5.753960
5.692140
5.720500
5.624130
5.737950
5.665000
5.531280
5.745850
5.680280
5.684860
5.636920
5.629230
5.520600
5.611280
5.546020
5.730630
5.697050
5.656840
5.666390
5.677690
5.710890
5.712770
5.663310
5.633220
5.662610
5.737940
5.705110
5.556390
5.713890
5.680270
5.714730
5.622960
5.706250
5.545080
5.625350
5.631870
5.720230
5.585190
5.519000
5.640400
5.669490
5.685680
5.628380
5.586430
5.613600
5.626460
5.698670
5.669820
5.659310
5.631680
5.567770
5.630590
5.667300
5.658320
5.723620
5.697110
5.596240
5.751680
5.717490
5.654440
5.736380
5.691470
5.669010
5.674070
5.727650
5.812210
5.649340
5.627710
5.557910
5.744410
5.676210
5.638450
5.706570
5.597660
5.656460
5.714500
5.701680
5.658390
5.699030
5.608710
5.721940
5.478030
5.761390
5.712650
5.597980
5.687190
5.616420
5.704110
5.669570
5.660170
5.566260
5.724670
5.623240
5.548800
5.622090
5.713450
5.700850
5.635890
5.564410
5.606470
5.692220
5.671170
5.697590
5.649050
5.656480
5.652890
5.595720
5.712910
5.719140
5.648840
5.627870
5.628730
5.606900
5.649760
5.645430
5.671180
5.699340
5.648910
5.687150
5.798300
5.729700
5.723140
5.780350
5.673400
5.682370
5.685330
5.599360
5.638250
5.674610
5.636080
5.669800
5.678010
5.866540
5.580560
5.665960
5.667170
5.574160
5.712220
5.775570
5.709370
5.630920
5.588090
5.687520
5.612720
5.591290
5.514800
5.694780
5.654230
5.778040
5.662120
5.824860
5.666670
5.697360
5.531080
5.696800
5.584920
5.633660
5.578300
5.751940
5.678600
5.571210
5.602080
5.625250
5.660970
5.597670
5.765450
5.712680
5.659030
5.627780
5.527970
5.706030
5.666200
5.706680
5.604560
5.525450
5.655610
5.651920
5.644650
5.505620
5.660850
5.791880
5.702140
5.760160
5.745800
5.659640
5.717970
5.664090
5.663040
5.660410
5.696070
5.652350
5.761050
5.680410
5.601630
5.686850
5.723530
5.651320
5.636870
5.701940
5.741050
5.697850
5.689130
5.592930
5.595970
5.608220
5.701920
5.502760
5.604190
5.709980
5.630020
5.692920
5.659960
5.680770
5.562310
5.653200
5.654770
5.576280
5.617690
5.619520
5.614780
5.592250
5.658870
5.595600
5.512630
5.646320
5.625650
5.717240
5.741950
5.702270
5.503070
5.606710
5.677400
5.644130
5.608520
5.630150
5.616960
5.652040
5.683510
5.729770
5.687780
5.763710
5.592750
5.826910
5.674920
5.637910
5.685970
5.783810
5.684920
5.606040
5.620190
5.550570
5.659350
5.654670
5.568750
5.670830
5.758630
5.679360
5.609020
5.584010
5.647680
5.694680
5.692860
5.591370
5.776550
5.771050
5.713910
5.633050
5.658220
5.628820
5.647000
5.764610
5.561720
5.647010
5.813900
5.674700
5.568690
5.673490
5.666050
5.649460
5.725960
5.595250
5.612090
5.596220
5.654390
5.521890
5.679290
5.612000
5.600820
5.683520
5.572260
5.721000
5.648640
5.751370
5.699570
5.680180
5.578050
5.672330
5.641990
5.711840
5.777340
5.611880
5.720040
5.761120
5.582840
5.718330
5.699160
5.730110
5.635950
5.590700
5.696460
5.626980
5.632610
5.719990
5.725570
5.697470
5.626050
5.721110
5.591710
5.680180
5.635310
5.595990
5.581560
5.771860
5.766490
5.739560
5.687460
5.672260
5.680350
5.550090
5.646920
5.656430
5.565260
5.648420
5.693400
5.679920
5.662650
5.708440
5.720540
5.677940
5.509530
5.631670
5.619100
5.631180
5.694620
5.665510
5.721890
5.698910
5.580490
5.659370
5.709290
5.536470
5.599110
5.721650
5.545340
5.533840
5.675540
5.578370
5.640340
5.676090
5.570310
5.536970
5.619820
5.626620
5.607240
5.719300
5.630340
5.748160
5.670610
5.665010
5.604250
5.743010
5.733000
5.591890
5.626020
5.650630
5.675600
5.628980
5.722200
5.681630
5.741050
5.620660
5.679820
5.520740
5.684950
5.605710
5.476890
5.529840
5.637860
5.704410
5.701380
5.610680
5.728010
5.651960
5.657580
5.614090
5.661570
5.583080
5.645470
5.701200
5.631280
5.624660
5.535460
5.751850
5.687160
5.657310
5.707860
5.699590
5.579620
5.661730
5.713010
5.648390
5.519620
5.754530
5.778370
5.620130
5.640650
5.533280
5.547870
5.756050
5.650600
5.700940
5.635940
5.751870
5.695670
5.688450
5.701740
5.525090
5.607690
5.673500
5.667120
5.711910
5.716460
5.621360
5.716510
5.603030
5.749840
5.645700
5.554140
5.710620
5.645280
5.526010
5.665240
5.688950
5.642630
5.776070
5.639340
5.578240
5.628780
5.585160
5.705900
5.554980
5.757960
5.704080
5.491090
5.793920
5.625340
5.604900
5.717250
5.691770
5.741760
5.572200
5.531260
5.655330
5.700180
5.771700
5.810840
5.729470
5.694670
5.760870
5.631840
5.748740
5.585900
5.616570
5.656050
5.609270
5.682540
5.577680
5.582680
5.648750
5.701040
5.668590
5.689640
5.721120
5.634330
5.555270
5.695990
5.660320
5.706410
5.620940
5.651520
5.660150
5.713730
5.719180
5.611020
5.650580
5.574580
5.620660
5.576600
5.612360
5.533660
5.611250
5.732540
5.638940
5.710350
5.614350
5.668940
5.676140
5.765880
5.628840
5.683730
5.752430
5.499350
5.632410
5.691290
5.708210
5.564670
5.734090
5.654240
5.568410
5.593630
5.621680
5.664280
5.663800
5.782860
5.610630
5.649340
5.650430
5.723250
5.751190
5.690590
5.596770
5.760980
5.659940
5.613280
5.577600
5.639740
5.587580
5.728590
5.569070
5.693680
5.603640
5.665370
5.621870
5.606410
5.629060
5.762690
5.626310
5.711320
5.566900
5.606220
5.741470
5.618810
5.559630
5.700350
5.665020
5.589110
5.704460
5.703250
5.778310
5.847880
5.735680
5.657090
5.667100
5.592940
5.575250
5.649150
5.705290
5.647840
5.566870
5.545080
5.714330
5.709810
5.675780
5.744180
5.735320
5.658660
5.621070
5.676170
5.588140
5.597320
5.716480
5.651380
5.592320
5.569200
5.736990
5.664540
5.717560
5.602640
5.690000
5.631100
5.717230
5.630260
5.665610
5.626030
5.612190
5.515500
5.686460
5.581750
5.589610
5.744810
5.604730
5.648090
5.648630
5.558620
5.725270
5.639870
5.609820
5.703330
5.721280
5.606600
5.720860
5.682260
5.683400
5.606240
5.705400
5.626790
5.599930
5.817080
5.698780
5.785860
5.659010
5.589100
5.590750
5.683920
5.618720
5.622990
5.568160
5.734270
5.690720
5.564950
5.683930
5.651660
5.632420
5.649500
5.631200
5.658620
5.638260
5.664180
5.716030
5.587780
5.721270
5.665360
5.602710
5.689410
5.611860
5.703520
5.701900
5.688440
5.734790
5.723550
5.609780
5.795680
5.683250
5.751050
5.665190
5.695110
5.611020
5.672430
5.535050
5.643820
5.581220
5.746170
5.625350
5.701980
5.531450
5.743350
5.596610
5.571280
5.715260
5.733610
5.805890
5.677030
5.668580
5.586610
5.688040
5.633260
5.650870
5.694530
5.653530
5.649430
5.653310
5.588050
5.707990
5.617500
5.632980
5.735330
5.526860
5.567230
5.652350
5.678020
5.694310
5.766900
5.732020
5.583270
5.774390
5.570060
5.622880
5.601080
5.725280
5.613570
5.609820
5.772830
5.678220
5.649040
5.731960
5.620480
5.624040
5.554450
5.632820
5.709610
5.732830
5.673250
5.557570
5.813600
5.609480
5.719800
5.602670
5.648560
5.577910
5.674600
5.658360
5.775960
5.650270
5.653620
5.544310
5.706040
5.633190
5.639750
5.599530
5.602040
5.719660
5.614790
5.649260
5.712260
5.683510
5.698270
5.632250
5.638190
5.702680
5.596110
5.587710
5.636970
5.753690
5.686800
5.768190
5.645560
5.771460
5.638630
5.725540
5.683130
5.718910
5.649930
5.595960
5.771900
5.618010
5.601080
5.608310
5.604720
5.655090
5.657940
5.658950
5.902670
5.714500
5.748340
5.649450
5.655920
5.623130
5.604220
5.736680
5.674280
5.659780
5.665500
5.648620
5.733710
5.590230
5.679120
5.684060
5.694010
5.785590
5.659920
5.628930
5.716660
5.751050
5.581370
5.604500
5.597720
5.706430
5.587050
5.628160
5.678170
5.683130
5.688670
5.607270
5.702840
5.669310
5.606240
5.748550
5.706900
5.696330
5.624330
5.521950
5.635620
5.656960
5.591100
5.624980
5.683100
5.672300
5.730740
5.612660
5.741830
5.740230
5.722890
5.667280
5.633200
5.700590
5.694390
5.560130
5.583240
5.748650
5.763190
5.643970
5.721390
5.605670
5.748390
5.579860
5.746250
5.649510
5.666440
5.687370
5.713340
5.600690
5.601390
5.557890
5.528390
5.615300
5.617640
5.735290
5.565700
5.629950
5.608070
5.647480
5.620480
5.635020
5.685290
5.630900
5.685930
5.655930
5.682670
5.733690
5.595950
5.696910
5.684360
5.709460
5.639410
5.710920
5.613680
5.708050
5.719130
5.715670
5.671710
5.728540
5.663040
5.658110
5.647310
5.682470
5.528450
5.653800
5.653080
5.569820
5.638860
5.682260
5.618490
5.661440
5.577430
5.688260
5.632690
5.627510
5.722000
5.674400
5.714990
5.742760
5.543000
5.711080
5.644890
5.703750
5.676990
5.713100
5.573330
5.689260
5.473240
5.571960
5.748060
5.613200
5.764400
5.745690
5.797600
5.649670
5.663570
5.588900
5.584920
5.569420
5.550500
5.627200
5.628700
5.671970
5.652570
5.682910
5.627650
5.695730
5.660210
5.658570
5.645250
5.713370
5.660900
5.607220
5.499030
5.560670
5.655830
5.774750
5.779690
5.603960
5.621970
5.616930
5.706580
5.710330
5.754680
5.714650
5.595170
5.702950
5.672230
5.563470
5.543870
5.640830
5.629290
5.595780
5.669900
5.677790
5.670890
5.634790
5.685130
5.677430
5.598040
5.671900
5.668280
5.687540
5.612030
5.750670
5.655900
5.639350
5.620750
5.665530
5.710810
5.530270
5.558570
5.529590
5.735590
5.762800
5.583050
5.726330
5.723320
5.667790
5.674190
5.632640
5.583600
5.623730
5.725220
5.638700
5.704350
5.578390
5.789550
5.663410
5.630990
5.747920
5.533600
5.695660
5.739290
5.584860
5.653520
5.658260
5.656680
5.596460
5.765540
5.614510
5.710000
5.673150
5.674970
5.566600
5.751310
5.782140
5.648400
5.594050
5.647780
5.680950
5.753630
5.642960
5.693950
5.567030
5.619330
5.610870
5.583610
5.641180
5.562590
5.746390
5.618770
5.715090
5.623780
5.526590
5.688270
5.707820
5.699710
5.657990
5.614400
5.557390
5.598930
5.694930
5.737720
5.569410
5.622320
5.616160
5.584660
5.476760
5.704290
5.715800
5.658140
5.623240
5.627980
5.491600
5.512180
5.714140
5.575940
5.640110
5.678430
5.658820
5.640280
5.536480
5.675560
5.708760
5.649040
5.625850
5.612360
5.687790
5.606000
5.655020
5.689490
5.815060
5.751950
5.504640
5.648320
5.579650
5.684760
5.566330
5.547790
5.692810
5.755770
5.586700
5.610530
5.626900
5.586590
5.631430
5.652830
5.577000
5.626650
5.585480
5.755410
5.678950
5.615070
5.603870
5.549460
5.662710
5.709840
5.668970
5.631280
5.572110
5.598000
5.734250
5.635020
5.707970
5.691750
5.632860
5.780800
5.589160
5.711530
5.711530
