5.492900
5.780240
5.575400
5.611400
5.747170
5.592160
5.611640
5.519220
5.660220
5.664480
5.665160
5.698550
5.659810
5.729720
5.650540
5.651810
5.739210
5.653320
5.757430
5.687420
5.616630
5.629510
5.651630
5.641080
5.647020
5.687610
5.682900
5.675050
5.608300
5.640530
5.637740
5.725410
5.704790
5.565430
5.681740
5.639480
5.673940
5.693340
5.637180
5.590450
5.611840
5.628600
5.722940
5.638630
5.640960
5.622590
5.605900
5.607810
5.684180
5.700420
5.561890
5.693550
5.740310
5.656580
5.774850
5.661380
5.600540
5.619660
5.690950
5.537740
5.594810
5.648210
5.746300
5.705110
5.653010
5.712810
5.679660
5.681580
5.628210
5.707890
5.603110
5.641030
5.739010
5.784450
5.763980
5.773520
5.723860
5.636070
5.657620
5.763780
5.611770
5.754480
5.757760
5.658470
5.644100
5.619760
5.692050
5.588050
5.692200
5.747370
5.664120
5.596820
5.717040
5.698440
5.581080
5.630620
5.653610
5.541930
5.530200
5.597660
5.696660
5.604750
5.651850
5.626300
5.628180
5.700770
5.660370
5.634230
5.631280
5.598030
5.683030
5.699080
5.584220
5.653030
5.664170
5.720450
5.665680
5.721040
5.750600
5.715740
5.594590
5.619940
5.580290
5.718300
5.700060
5.511180
5.663500
5.645310
5.645180
5.650980
5.653810
5.582160
5.558290
5.686730
5.599930
5.684220
5.614200
5.484150
5.600170
5.671720
5.683100
5.639460
5.687300
5.681280
5.598250
5.692660
5.591330
5.661990
5.688540
5.629510
5.643130
5.679380
5.635810
5.682860
5.634510
5.661730
5.594510
5.567070
5.662680
5.619490
5.670350
5.688550
5.628070
5.641870
5.673200
5.730320
5.583600
5.664840
5.622280
5.633160
5.733830
5.623480
5.616430
5.614990
5.735950
5.631020
5.623890
5.702700
5.588120
5.623120
5.564280
5.800370
5.666160
5.663860
5.691970
5.648080
5.680330
5.713060
5.594160
5.637570
5.728900
5.681990
5.553210
5.670130
5.653320
5.718530
5.664030
5.756790
5.731600
5.757330
5.755980
5.661700
5.732330
5.670800
5.680400
5.448030
5.697800
5.669140
5.599970
5.698360
5.597190
5.617240
5.634480
5.699610
5.624860
5.610030
5.705090
5.566110
5.730510
5.568250
5.564750
5.728380
5.671630
5.555180
5.676960
5.671420
5.684780
5.709620
5.787220
5.687570
5.755560
5.683120
5.756730
5.674190
5.643910
5.710500
5.508430
5.705940
5.547170
5.641700
5.657920
5.692400
5.750860
5.681570
5.705680
5.628590
5.708510
5.722550
5.598590
5.562520
5.606870
5.600880
5.648510
5.668190
5.585630
5.708530
5.608000
5.591470
5.769350
5.628270
5.682430
5.608050
5.686340
5.598480
5.662250
5.881240
5.684690
5.655940
5.690480
5.571170
5.652220
5.664090
5.695460
5.656970
5.754850
5.640650
5.682590
5.646570
5.670690
5.661020
5.660450
5.743390
5.644270
5.686630
5.707200
5.599220
5.676730
5.707060
5.681160
5.670330
5.614960
5.763610
5.705210
5.659640
5.640490
5.672930
5.624770
5.632870
5.780070
5.742120
5.791230
5.696630
5.654930
5.610700
5.659280
5.603550
5.777510
5.629370
5.552580
5.611330
5.679670
5.653630
5.626110
5.628170
5.664540
5.625700
5.587090
5.596900
5.597190
5.702680
5.674940
5.745280
5.639890
5.795160
5.620140
5.709420
5.687360
5.611550
5.586270
5.636180
5.554280
5.603470
5.690870
5.615780
5.669700
5.632030
5.662550
5.705890
5.718750
5.655320
5.704200
5.695140
5.664070
5.569120
5.649460
5.573720
5.644410
5.574220
5.627330
5.656570
5.559500
5.700030
5.633380
5.595700
5.673720
5.670900
5.546310
5.733560
5.472790
5.669140
5.753210
5.565060
5.718640
5.620240
5.687110
5.713010
5.661520
5.642030
5.694230
5.644340
5.654400
5.563930
5.590000
5.638180
5.727080
5.805690
5.637550
5.666060
5.598860
5.615260
5.665230
5.665580
5.649430
5.579470
5.657530
5.716740
5.746780
5.625910
5.624520
5.575740
5.655220
5.632790
5.704430
5.664100
5.596090
5.653210
5.658330
5.541780
5.573040
5.715590
5.568300
5.721160
5.622890
5.547000
5.617680
5.615170
5.560460
5.645350
5.566350
5.796660
5.712570
5.710850
5.716980
5.708810
5.705820
5.613590
5.559200
5.742580
5.594590
5.678230
5.648920
5.664930
5.578690
5.671530
5.684290
5.725560
5.654090
5.702180
5.686530
5.691350
5.627950
5.773750
5.606410
5.660380
5.625280
5.733250
5.704980
5.680420
5.504640
5.602410
5.627340
5.649260
5.551940
5.661670
5.705510
5.588020
5.762410
5.593900
5.647010
5.694260
5.593800
5.622290
5.778550
5.650610
5.677510
5.652690
5.696270
5.586890
5.623240
5.627190
5.539450
5.684730
5.610870
5.677480
5.664460
5.546040
5.663960
5.778700
5.588090
5.720910
5.676030
5.668940
5.760060
5.797430
5.708730
5.772110
5.618250
5.749030
5.711390
5.625730
5.581180
5.693340
5.659610
5.595280
5.686770
5.669570
5.625890
5.553290
5.575030
5.579250
5.588860
5.662130
5.644800
5.693480
5.674340
5.609390
5.626780
5.629350
5.675160
5.654700
5.740310
5.544620
5.659420
5.618470
5.675560
5.624590
5.724330
5.636240
5.482470
5.660260
5.736530
5.641600
5.672320
5.651310
5.630240
5.677700
5.730490
5.650430
5.687340
5.619290
5.715080
5.585030
5.628250
5.638680
5.563300
5.618340
5.615800
5.577300
5.682900
5.704100
5.621420
5.784160
5.691000
5.615760
5.686720
5.658400
5.619480
5.763150
5.658110
5.578750
5.704390
5.657180
5.615830
5.732050
5.646810
5.718580
5.501850
5.600130
5.695340
5.606320
5.628940
5.688020
5.627040
5.649340
5.650930
5.642460
5.642010
5.675170
5.540640
5.650100
5.524070
5.543450
5.508720
5.635810
5.688550
5.470620
5.584920
5.606570
5.598070
5.731710
5.638850
5.576900
5.636100
5.717020
5.606830
5.597270
5.591220
5.644550
5.568590
5.730010
5.665460
5.784410
5.667130
5.789020
5.594910
5.645000
5.702900
5.678990
5.722520
5.645260
5.612650
5.623240
5.782610
5.723670
5.719580
5.752090
5.626770
5.632450
5.625890
5.655600
5.571700
5.598900
5.601270
5.744690
5.614440
5.708620
5.659010
5.563690
5.655910
5.710040
5.683590
5.571570
5.683270
5.683490
5.723750
5.648600
5.659820
5.516130
5.660000
5.650630
5.606900
5.706110
5.617670
5.711890
5.751930
5.668130
5.566690
5.782870
5.650940
5.598750
5.616550
5.747500
5.722000
5.683710
5.607160
5.673930
5.581030
5.754860
5.699770
5.665170
5.659680
5.633440
5.647060
5.644850
5.591020
5.590920
5.660080
5.718310
5.627380
5.553330
5.729140
5.733940
5.668190
5.710360
5.810570
5.645800
5.658090
5.697600
5.723020
5.575510
5.592070
5.647120
5.565030
5.764050
5.689980
5.666790
5.551890
5.641840
5.623050
5.696090
5.587080
5.588180
5.578430
5.542990
5.760020
5.594610
5.649980
5.676650
5.642950
5.706310
5.630580
5.598640
5.569860
5.636410
5.678750
5.661240
5.615670
5.688090
5.564870
5.674330
5.596090
5.666270
5.626000
5.727100
5.568120
5.762000
5.550280
5.658030
5.793190
5.583860
5.728040
5.589640
5.651950
5.582410
5.586180
5.590400
5.679330
5.734340
5.642210
5.744470
5.756510
5.676770
5.677470
5.699440
5.677600
5.692950
5.778390
5.703790
5.822990
5.679530
5.606160
5.612140
5.736490
5.654360
5.640690
5.601450
5.707960
5.770080
5.702310
5.745250
5.698550
5.536420
5.679480
5.692520
5.627110
5.594960
5.659580
5.588370
5.760290
5.599920
5.692140
5.609140
5.695020
5.647220
5.615100
5.652670
5.646560
5.781550
5.639530
5.692970
5.535950
5.676160
5.692600
5.694930
5.662450
5.643130
5.648270
5.751080
5.628420
5.638350
5.677120
5.673640
5.663100
5.716700
5.707570
5.588920
5.695610
5.681440
5.586900
5.607130
5.628240
5.647420
5.653290
5.653480
5.711370
5.576320
5.693640
5.684100
5.646680
5.688230
5.632910
5.645700
5.728880
5.721390
5.548340
5.709340
5.733390
5.678680
5.685020
5.572420
5.549610
5.593760
5.674860
5.680820
5.690360
5.602500
5.707010
5.694670
5.594760
5.628320
5.741870
5.666420
5.650960
5.705580
5.693130
5.628990
5.646700
5.695610
5.616500
5.689310
5.822770
5.667300
5.600080
5.689910
5.731530
5.537810
5.779900
5.688810
5.702120
5.612580
5.777920
5.584570
5.689990
5.711690
5.597500
5.642340
5.619110
5.703900
5.591160
5.714670
5.501380
5.728060
5.710960
5.555220
5.642270
5.549300
5.655750
5.631160
5.599670
5.698510
5.600410
5.571620
5.580930
5.745030
5.558700
5.687300
5.713730
5.693110
5.777610
5.686990
5.574920
5.645630
5.769130
5.634450
5.737290
5.620150
5.605070
5.656610
5.692320
5.698360
5.644640
5.700720
5.736750
5.628410
5.690580
5.581580
5.713480
5.559840
5.624060
5.676620
5.651390
5.714150
5.769190
5.581550
5.478240
5.623670
5.633510
5.659730
5.661150
5.654970
5.637240
5.705120
5.714310
5.780440
5.681960
5.628980
5.709700
5.667920
5.668070
5.641870
5.733590
5.710230
5.648600
5.707680
5.684090
5.671630
5.671120
5.728850
5.507140
5.681770
5.766040
5.696760
5.670050
5.711700
5.733630
5.603320
5.648770
5.795970
5.594900
5.686070
5.673130
5.697440
5.764250
5.790020
5.567990
5.611550
5.595530
5.592800
5.609340
5.681060
5.588330
5.574260
5.546920
5.710470
5.728740
5.689910
5.581560
5.701830
5.697510
5.666150
5.546200
5.609570
5.600690
5.633420
5.666720
5.611190
5.564430
5.766720
5.679120
5.619340
5.669760
5.669210
5.664920
5.616230
5.589490
5.759400
5.617010
5.699620
5.650620
5.806670
5.689300
5.629690
5.598080
5.641790
5.604940
5.658080
5.530640
5.631580
5.610840
5.671200
5.696840
5.591770
5.655270
5.732520
5.737320
5.691240
5.644870
5.611690
5.574950
5.661090
5.656430
5.702980
5.864380
5.624590
5.790630
5.603690
5.742380
5.603060
5.716430
5.676860
5.676700
5.623020
5.672240
5.746140
5.761980
5.583250
5.679140
5.748220
5.733480
5.565780
5.615530
5.706340
5.581150
5.603860
5.654040
5.704180
5.710390
5.724880
5.728450
5.606540
5.628640
5.536860
5.674590
5.662610
5.694980
5.705080
5.695810
5.695200
5.685960
5.761550
5.703100
5.660830
5.655660
5.621370
5.525750
5.676950
5.687770
5.619680
5.664290
5.511730
5.561250
5.675410
5.641640
5.623710
5.637560
5.728160
5.637080
5.671160
5.834040
5.719400
5.800790
5.647110
5.634210
5.634910
5.755860
5.770000
5.798670
5.694110
5.680110
5.679100
5.642240
5.706140
5.742720
5.570630
5.705040
5.755440
5.690590
5.621240
5.675200
5.705110
5.741090
5.614320
5.644530
5.657050
5.778800
5.620650
5.598440
5.722800
5.591640
5.654940
5.707000
5.727690
5.691350
5.622230
5.680620
5.784930
5.707540
5.592910
5.560170
5.758010
5.526350
5.638020
5.745450
5.737310
5.749300
5.620130
5.598820
5.637540
5.765260
5.673160
5.665670
5.718830
5.643900
5.546000
5.571740
5.605050
5.617800
5.679250
5.646830
5.576750
5.549970
5.712280
5.647390
5.677940
5.819150
5.620820
5.672970
5.716640
5.601250
5.600410
5.675440
5.688530
5.722730
5.740010
5.686070
5.625240
5.518160
5.712130
5.555770
5.667000
5.624010
5.744660
5.612890
5.661780
5.649090
5.681940
5.714820
5.611950
5.694430
5.622930
5.722470
5.675630
5.702780
5.686300
5.716320
5.707130
5.697800
5.635100
5.772470
5.684250
5.689620
5.617050
5.698320
5.711860
5.658290
5.652240
5.669140
5.777840
5.632490
5.561410
5.660020
5.795290
5.716230
5.727340
5.669500
5.703240
5.711560
5.599870
5.619500
5.657140
5.785940
5.600000
5.686440
5.586610
5.739980
5.704140
5.631800
5.687490
5.700160
5.642480
5.663090
5.692760
5.708780
5.643050
5.712280
5.636160
5.646330
5.575040
5.691650
5.616700
5.678960
5.694840
5.774790
5.698870
5.770580
5.717030
5.638600
5.700760
5.693620
5.651810
5.785360
5.664120
5.657670
5.686320
5.663440
5.635440
5.615230
5.688560
5.696050
5.717740
5.787290
5.649980
5.632000
5.696070
5.666200
5.671430
5.582950
5.680170
5.589250
5.678970
5.631180
5.619390
5.604920
5.567730
5.750930
5.642550
5.665330
5.670970
5.625380
5.784090
5.663900
5.650830
5.648650
5.676640
5.753120
5.613860
5.681670
5.777200
5.692570
5.665930
5.711650
5.603430
5.563360
5.679040
5.570590
5.723720
5.603920
5.645660
5.614880
5.692230
5.643150
5.745480
5.617340
5.786140
5.603640
5.574760
5.530580
5.756350
5.658940
5.743600
5.663580
5.806780
5.692110
5.577170
5.633300
5.728260
5.506300
5.700090
5.719360
5.685900
5.693160
5.736200
5.641170
5.608580
5.575990
5.699130
5.753330
5.749400
5.563670
5.704350
5.707210
5.639080
5.652910
5.635780
5.648660
5.691000
5.649920
5.675060
5.736460
5.639400
5.611180
5.680840
5.615240
5.668090
5.658920
5.763110
5.639680
5.651660
5.668440
5.721630
5.681070
5.747590
5.767680
5.704650
5.718980
5.569070
5.755380
5.773950
5.667290
5.641710
5.634030
5.672030
5.672760
5.738910
5.684430
5.591840
5.692170
5.687230
5.670100
5.631390
5.636920
5.643110
5.549350
5.646110
5.706540
5.819670
5.704390
5.642030
5.574160
5.661030
5.684260
5.640910
5.680380
5.558260
5.642470
5.664720
5.710010
5.666680
5.658200
5.612300
5.643140
5.617550
5.676880
5.697200
5.626980
5.519880
5.554190
5.559690
5.614610
5.650650
5.552620
5.636080
5.732730
5.669740
5.651450
5.660210
5.624440
5.779710
5.694810
5.683960
5.524320
5.721980
5.518010
5.591870
5.687380
5.605200
5.704520
5.696350
5.680500
5.638400
5.660470
5.692810
5.605530
5.574870
5.555130
5.554110
5.648100
5.669220
5.685130
5.664110
5.704770
5.738530
5.633810
5.732290
5.615760
5.687890
5.638900
5.647480
5.678790
5.649600
5.603750
5.657690
5.703040
5.656910
5.587280
5.785270
5.633600
5.668620
5.711540
5.553870
5.711290
5.578720
5.680590
5.827610
5.837260
5.674450
5.594620
5.623500
5.666660
5.648040
5.654190
5.609970
5.642290
5.668640
5.696350
5.756700
5.674330
5.643380
5.602990
5.734630
5.659700
5.641380
5.631250
5.693590
5.658530
5.682720
5.771130
5.683890
5.696940
5.697590
5.623590
5.712390
5.723750
5.825510
5.568000
5.840360
5.551950
5.647880
5.740250
5.732970
5.654260
5.684640
5.721610
5.645770
5.642660
5.641540
5.647220
5.594580
5.718510
5.607800
5.673340
5.718880
5.651380
5.682310
5.666370
5.705480
5.579460
5.663180
5.650350
5.662520
5.610630
5.584970
5.674110
5.556510
5.635440
5.618610
5.694320
5.584950
5.521190
5.713950
5.644520
5.706950
5.670770
5.607260
5.759130
5.736530
5.712110
5.593030
5.677050
5.547150
5.726980
5.673290
5.676220
5.718520
5.629640
5.593780
5.689620
5.765640
5.623920
5.668920
5.790900
5.649330
5.610430
5.671100
5.743370
5.516620
5.673520
5.696370
5.686880
5.717460
5.582580
5.608900
5.671330
5.650810
5.715200
5.702130
5.723810
5.692510
5.689220
5.767370
5.662840
5.610100
5.562100
5.583750
5.636170
5.607850
5.653940
5.648660
5.582430
5.662390
5.552630
5.630410
5.593840
5.614050
5.537370
5.673740
5.588600
5.674110
5.654960
5.727810
5.515180
5.721440
5.618380
5.740170
5.681580
5.616640
5.610550
5.693660
5.520330
5.615780
5.696700
5.640390
5.670860
5.652800
5.703440
5.719170
5.557510
5.711160
5.544490
5.829420
5.582810
5.625680
5.818420
5.582840
5.666520
5.712200
5.645290
5.738710
5.571840
5.686820
5.733340
5.526630
5.654950
5.641760
5.678520
5.753620
5.753480
5.642200
5.691220
5.694620
5.643030
5.594080
5.620410
5.619190
5.637040
5.647260
5.707760
5.518940
5.733170
5.699710
5.664610
5.617590
5.597080
5.535510
5.706740
5.680170
5.639270
5.775750
5.570280
5.672390
5.596590
5.737040
5.671100
5.678180
5.656120
5.540390
5.695250
5.614760
5.727210
5.706460
5.701750
5.639560
5.658530
5.739460
5.542970
5.551220
5.743850
5.652180
5.655710
5.661160
5.503740
5.640800
5.613210
5.617490
5.712670
5.567380
5.768080
5.733420
5.544340
5.626610
5.707910
5.751210
5.683070
5.693580
5.684330
5.585310
5.627720
5.612200
5.571710
5.583920
5.716250
5.543410
5.704450
5.776100
5.674580
5.511060
5.499870
5.680040
5.743240
5.711600
5.752770
5.557120
5.644590
5.675880
5.569850
5.665720
5.628720
5.651880
5.691640
5.699190
5.711520
5.599760
5.658000
5.679420
5.626340
5.696080
5.609890
5.680080
5.770840
5.674890
5.594190
5.673950
5.589030
5.715090
5.661040
5.603970
5.701340
5.699870
5.636800
5.723660
5.526590
5.706410
5.585340
5.714380
5.675970
5.515350
5.645380
5.675910
5.569900
5.704670
5.688460
5.724380
5.524340
5.627400
5.625200
5.766910
5.659980
5.605730
5.710040
5.628150
5.669280
5.723220
5.819430
5.708840
5.700780
5.742320
5.573710
5.697300
5.686960
5.646670
5.652770
5.747420
5.625410
5.613340
5.730820
5.706390
5.682090
5.645920
5.671780
5.641780
5.686720
5.627230
5.595080
5.670740
5.634210
5.703110
5.695810
5.671670
5.730810
5.625550
5.770140
5.715610
5.573680
5.729120
5.648310
5.581960
5.670080
5.688330
5.739460
5.559390
5.720380
5.638890
5.733220
5.640060
5.534210
5.636430
5.650520
5.631170
5.714490
5.658610
5.632660
5.528270
5.581180
5.535620
5.548120
5.665640
5.731350
5.683390
5.680080
5.664980
5.612930
5.640560
5.654400
5.673870
5.606840
5.646890
5.590020
5.696350
5.863750
5.557990
5.623460
5.653990
5.655730
5.750720
5.712990
5.710600
5.562370
5.695770
5.747630
5.727810
5.683050
5.618950
5.674100
5.725040
5.601090
5.683370
5.581390
5.654560
5.754340
5.622010
5.637240
5.819180
5.772490
5.636140
5.664200
5.700550
5.600940
5.614050
5.642360
5.689410
5.651190
5.590700
5.543190
5.630340
5.690190
5.727660
5.653050
5.619210
5.658460
5.719200
5.654640
5.708390
5.591440
5.673420
5.611260
5.750230
5.674790
5.620810
5.718410
5.658070
5.660720
5.638160
5.586030
5.734470
5.688630
5.599290
5.707580
5.669090
5.584030
5.653860
5.653900
5.567740
5.681500
5.624580
5.640370
5.622330
5.575860
5.564920
5.600020
5.622520
5.705840
5.645940
5.648640
5.648110
5.652060
5.582970
5.688730
5.695830
5.663040
5.711990
5.635110
5.524830
5.581990
5.851530
5.684600
5.729940
5.549710
5.518130
5.676500
5.656270
5.673420
5.757910
5.575320
5.691820
5.583010
5.685350
5.656880
5.710730
5.615830
5.679310
5.656930
5.703130
5.579170
5.713260
5.677190
5.740710
5.653750
5.768570
5.691750
5.687480
5.588790
5.728410
5.662960
5.759630
5.570360
5.728450
5.613960
5.793020
5.634890
5.738570
5.658010
5.718250
5.594860
5.594200
5.609840
5.766240
5.653790
5.518990
5.654780
5.663910
5.701330
5.567060
5.573380
5.766120
5.760770
5.633140
5.728050
5.861020
5.684260
5.682430
5.754190
5.658800
5.589140
5.677260
5.682050
5.705010
5.670720
5.627740
5.612510
5.614090
5.642160
5.603730
5.695570
5.621460
5.725200
5.606760
5.743190
5.612390
5.669730
5.578680
5.672730
5.623750
5.722800
5.629540
5.711350
5.793290
5.655690
5.613570
5.739970
5.676490
5.648490
5.562500
5.601390
5.660960
5.682540
5.739370
5.718990
5.606730
5.578640
5.805980
5.569640
5.603700
5.818340
5.650290
5.625390
5.680020
5.673170
5.700760
5.609240
5.699290
5.792820
5.650480
5.635290
5.670060
5.829010
5.691570
5.800160
5.606700
5.704100
5.622550
5.699550
5.654320
5.708310
5.646590
5.689830
5.714580
5.731020
5.753360
5.769710
5.641210
5.614930
5.734750
5.665380
5.738750
5.647850
5.875020
5.639460
5.791250
5.691190
5.716090
5.572240
5.664360
5.766640
5.582310
5.592320
5.620650
5.578310
5.660230
5.671840
5.643230
5.536080
5.753990
5.665780
5.651640
5.531750
5.686290
5.621050
5.679100
5.469100
5.597300
5.510140
5.655970
5.746420
5.642780
5.542680
5.633220
5.556570
5.677820
5.645620
5.700310
5.612340
5.718720
5.736920
5.766690
5.571270
5.670200
5.696090
5.596650
5.761860
5.722300
5.676520
5.632310
5.654010
5.640790
5.648030
5.767820
5.586980
5.720190
5.546440
5.664720
5.554480
5.773160
5.714240
5.617980
5.763370
5.745820
5.673820
5.717540
5.657970
5.542030
5.651710
5.559180
5.570800
5.703880
5.681250
5.807930
5.593290
5.640940
5.621890
5.626480
5.820020
5.648980
5.642620
5.608920
5.716520
5.542980
5.617230
5.652950
5.654860
5.575410
5.725720
5.638830
5.697610
5.664250
5.602740
5.613780
5.713980
5.746960
5.589620
5.647180
5.661310
5.707340
5.580510
5.722830
5.680080
5.742600
5.696850
5.669270
5.611940
5.536360
5.826750
5.625410
5.695110
5.638360
5.656380
5.655590
5.643090
5.678220
5.556150
5.596630
5.669950
5.727330
5.675020
5.642320
5.547150
5.763040
5.543220
5.733870
5.715420
5.713390
5.693360
5.641070
5.613620
5.605210
5.513790
5.657120
5.633430
5.761280
5.714800
5.687640
5.667830
5.803020
5.679270
5.747690
5.681870
5.657850
5.706690
5.679410
5.755170
5.640510
5.755430
5.697310
5.639600
5.713760
5.569980
5.701980
5.803190
5.679630
5.669020
5.848410
5.619720
5.681420
5.630260
5.611480
5.616110
5.591150
5.655240
5.732400
5.592670
5.569450
5.626530
5.537390
5.611460
5.575720
5.647700
5.699210
5.533930
5.674530
5.703000
5.595120
5.646540
5.756140
5.700140
5.612230
5.624850
5.705880
5.728480
5.709080
5.556960
5.616080
5.544680
5.524380
5.692670
5.780750
5.644600
5.684580
5.700930
5.590100
5.650180
5.652320
5.624100
5.602710
5.693990
5.616710
5.562820
5.647250
5.615100
5.704480
5.658910
5.629210
5.657020
5.678360
5.605110
5.662240
5.702980
5.470480
5.684070
5.771760
5.697350
5.585780
5.706880
5.654050
5.630820
5.552640
5.714070
5.613500
5.677330
5.617370
5.628450
5.648740
5.575560
5.669440
5.763510
5.789900
5.579490
5.742890
5.543400
5.713890
5.662580
5.633470
5.636190
5.631930
5.698120
5.696740
5.722030
5.651110
5.566420
5.619230
5.598770
5.721070
5.598680
5.622470
5.640010
5.694870
5.726380
5.596760
5.656940
5.734250
5.704770
5.580050
5.539020
5.652530
5.638750
5.684060
5.624220
5.664050
5.616010
5.594440
5.659770
5.888650
5.654270
5.606530
5.647590
5.650220
5.714890
5.617880
5.758450
5.609710
5.685490
5.710320
5.641190
5.649940
5.675990
5.700680
5.695560
5.740570
5.686380
5.658680
5.631480
5.680980
5.704980
5.714550
5.686050
5.877240
5.612910
5.733620
5.668010
5.598730
5.657860
5.571420
5.645020
5.740920
5.682900
5.639890
5.659550
5.579910
5.483710
5.712640
5.663400
5.713430
5.730840
5.643690
5.664730
5.517090
5.637150
5.650610
5.723970
5.647830
5.735270
5.680370
5.505950
5.689150
5.538570
5.751920
5.654490
5.703280
5.682290
5.562960
5.714390
5.705930
5.615070
5.848730
5.621520
5.668370
5.748640
5.615630
5.611660
5.599390
5.657280
5.701440
5.690820
5.718580
5.772160
5.637840
5.605810
5.661680
5.617910
5.675450
5.540050
5.633900
5.666880
5.561030
5.668260
5.600430
5.674380
5.676570
5.558400
5.717810
5.694280
5.656910
5.635640
5.690490
5.648640
5.639380
5.748240
5.616100
5.585050
5.798970
5.653030
5.718640
5.643010
5.617000
5.637310
5.741590
5.604420
5.693180
5.671080
5.666200
5.674380
5.679400
5.701990
5.640680
5.585040
5.512580
5.760090
5.630480
5.697980
5.732120
5.569350
5.521620
5.758310
5.621310
5.538400
5.694980
5.607680
5.758210
5.599700
5.694950
5.689650
5.639080
5.659350
5.657590
5.639010
5.667750
5.813010
5.666450
5.658190
5.724400
5.687910
5.596520
5.790390
5.619950
5.603840
5.715300
5.652640
5.601890
5.613060
5.680330
5.691090
5.577960
5.604430
5.633190
5.755250
5.688540
5.682790
5.639560
5.716880
5.616950
5.730470
5.610230
5.631590
5.643100
5.605440
5.619670
5.702980
5.663080
5.677850
5.663060
5.704280
5.616000
5.630050
5.724170
5.607450
5.631330
5.687930
5.681570
5.607070
5.629990
5.648010
5.650210
5.603910
5.586250
5.679700
5.698630
5.614290
5.647340
5.779490
5.704380
5.692820
5.742890
5.659190
5.658480
5.750910
5.658690
5.720520
5.625370
5.723890
5.698770
5.605230
5.556200
5.697180
5.649450
5.662640
5.603840
5.657400
5.799590
5.662360
5.635400
5.650860
5.668370
5.642060
5.570460
5.546040
5.621290
5.643240
5.695660
5.649820
5.779610
5.652410
5.720980
5.632150
5.636040
5.817040
5.688810
5.551850
5.655800
5.604520
5.703060
5.633030
5.611730
5.708400
5.608280
5.655970
5.677350
5.728260
5.493430
5.625030
5.667770
5.666590
5.698890
5.598740
5.634450
5.733330
5.618750
5.712300
5.644370
5.626200
5.587370
5.651090
5.582740
5.649500
5.656170
5.666720
5.615070
5.589590
5.661180
5.595500
5.631600
5.715310
5.694630
5.581790
5.642460
5.675250
5.691920
5.543130
5.725730
5.618640
5.673120
5.730020
5.690470
5.557620
5.633050
5.659910
5.723650
5.613500
5.582430
5.719410
5.657830
5.767440
5.612960
5.629960
5.735150
5.609160
5.641560
5.741680
5.672730
5.673010
5.541250
5.605110
5.714850
5.551290
5.694800
5.600650
5.716220
5.713120
5.622130
5.800700
5.799290
5.747160
5.597890
5.658550
5.728010
5.562130
5.649450
5.677440
5.624460
5.641620
5.720900
5.560990
5.685250
5.637650
5.548790
5.746940
5.681480
5.650630
5.657200
5.623150
5.741820
5.616730
5.633580
5.609330
5.543210
5.688940
5.746290
5.729540
5.673020
5.748550
5.668390
5.779910
5.687070
5.553460
5.617470
5.511860
5.682820
5.626880
5.575940
5.605360
5.667930
5.610980
5.682680
5.729130
5.648720
5.600340
5.621440
5.625390
5.725290
5.629730
5.743610
5.658380
5.657470
5.649000
5.773810
5.616490
5.672930
5.587530
5.579710
5.685090
5.682940
5.644870
5.631600
5.629770
5.751600
5.683700
5.661380
5.655010
5.722650
5.607920
5.686640
5.589320
5.699510
5.673920
5.677060
5.728170
5.619680
5.663710
5.678210
5.584140
5.779800
5.766190
5.653360
5.762400
5.608110
5.681000
5.700430
5.601630
5.680180
5.634390
5.645240
5.605060
5.656530
5.549240
5.672580
5.624960
5.735990
5.708710
5.673330
5.789790
5.536610
5.685540
5.629260
5.745190
5.688090
5.699200
5.655740
5.692000
5.605540
5.645730
5.680060
5.625550
5.739440
5.707280
5.718590
5.679730
5.599070
5.504990
5.765290
5.679980
5.667680
5.710000
5.700380
5.621780
5.646370
5.705380
5.704030
5.636820
5.578110
5.620210
5.641210
5.707640
5.738650
5.698840
5.593930
5.538370
5.743850
5.568460
5.600050
5.671300
5.743110
5.807000
5.700220
5.674150
5.607360
5.581240
5.691510
5.580990
5.583970
5.614920
5.758690
5.451200
5.518350
5.615640
5.615830
5.668280
5.582590
5.546170
5.650310
5.705940
5.653750
5.687590
5.695730
5.673390
5.685010
5.705630
5.726190
5.621190
5.673430
5.782760
5.725410
5.739610
5.648400
5.722110
5.708360
5.655250
5.738650
5.656020
5.642320
5.691780
5.635370
5.717160
5.558530
5.588640
5.542260
5.560350
5.554340
5.634270
5.640730
5.627230
5.652830
5.636490
5.737490
5.601470
5.701790
5.621650
5.601630
5.656600
5.614910
5.649870
5.570750
5.733500
5.637820
5.657350
5.712240
5.645560
5.751410
5.780820
5.698660
5.651660
5.727310
5.760100
5.706040
5.775620
5.711390
5.725120
5.548880
5.764650
5.626840
5.698930
5.620970
5.765140
5.712280
5.666290
5.763160
5.691490
5.561000
5.688830
5.748660
5.802230
5.611670
5.537420
5.596830
5.657060
5.504230
5.599330
5.672170
5.661350
5.719210
5.635560
5.677930
5.533570
5.658890
5.641420
5.693820
5.622050
5.723460
5.583880
5.692840
5.561780
5.694090
5.731550
5.616860
5.702970
5.616140
5.679090
5.672400
5.582120
5.583580
5.599410
5.717220
5.661550
5.639380
5.701570
5.585000
5.605610
5.683360
5.645870
5.640100
5.694370
5.685260
5.816430
5.639880
5.547130
5.682640
5.794620
5.619370
5.654670
5.614170
5.728370
5.575610
5.705620
5.628120
5.585000
5.660020
5.754860
5.849830
5.689830
5.636520
5.683560
5.609410
5.626820
5.681600
5.626310
5.662730
5.583840
5.616200
5.632140
5.683320
5.793610
5.645220
5.681630
5.696890
5.677600
5.717750
5.739550
5.691190
5.585410
5.574990
5.589100
5.601180
5.644760
5.649400
5.685950
5.567630
5.700550
5.682300
5.638590
5.665500
5.602540
5.716220
5.636780
5.634960
5.714200
5.734170
5.765260
5.675800
5.660550
5.677730
5.608650
5.682890
5.642470
5.657140
5.725960
5.674720
5.711240
5.710450
5.617960
5.725430
5.658520
5.725040
5.672640
5.612740
5.599540
5.598080
5.643790
5.648030
5.615470
5.712110
5.749530
5.529430
5.707200
5.690100
5.636980
5.542930
5.697830
5.594880
5.722180
5.705260
5.642830
5.630650
5.685290
5.645550
5.662290
5.555410
5.735750
5.605780
5.667740
5.689780
5.691370
5.716940
5.685800
5.600170
5.644020
5.524740
5.648500
5.685300
5.696150
5.624540
5.655710
5.531060
5.552580
5.618960
5.527190
5.660100
5.551980
5.749980
5.645120
5.603750
5.630560
5.688550
5.651490
5.670350
5.632880
5.656220
5.528470
5.636020
5.488690
5.742980
5.653110
5.668430
5.554510
5.572250
5.575140
5.833620
5.568450
5.804110
5.670440
5.657830
5.626280
5.558270
5.634400
5.669910
5.741190
5.576140
5.539270
5.723920
5.576140
5.634580
5.652670
5.805890
5.819710
5.628500
5.622820
5.734420
5.655880
5.678120
5.610260
5.725000
5.645240
5.733350
5.785910
5.733670
5.667260
5.833000
5.496380
5.619580
5.668090
5.704180
5.807570
5.704240
5.679990
5.730570
5.784530
5.601450
5.737550
5.642390
5.699960
5.621340
5.667540
5.690100
5.569860
5.624120
5.705430
5.686960
5.629510
5.660980
5.713920
5.642460
5.681540
5.746350
5.765000
5.617740
5.650010
5.668400
5.497780
5.769630
5.738200
5.641950
5.557380
5.619630
5.730680
5.770290
5.710350
5.750450
5.625280
5.494140
5.683740
5.785080
5.650860
5.638710
5.657290
5.622250
5.751760
5.614430
5.685220
5.716630
5.663340
5.741870
5.565650
5.669620
5.548420
5.679340
5.679520
5.708660
5.578040
5.639520
5.565800
5.700430
5.644770
5.737660
5.681590
5.807610
5.590610
5.724980
5.639460
5.621980
5.607450
5.703200
5.538420
5.639680
5.629170
5.617350
5.666510
5.728290
5.715020
5.634920
5.694430
5.568670
5.745510
5.557090
5.738460
5.608630
5.694370
5.687860
5.671500
5.656880
5.484610
5.691650
5.713370
5.711480
5.637850
5.607970
5.595120
5.651290
5.588980
5.580260
5.569460
5.599800
5.812370
5.644760
5.646140
5.681280
5.476510
5.674910
5.590550
5.762910
5.765720
5.589170
5.614590
5.828360
5.704860
5.678210
5.727490
5.634940
5.518510
5.677400
5.721790
5.717690
5.660980
5.746710
5.751210
5.664330
5.621480
5.553720
5.591430
5.560560
5.586050
5.659600
5.742920
5.660960
5.626040
5.693780
5.675100
5.697050
5.619970
5.596180
5.678550
5.604930
5.733230
5.607770
5.723890
5.623160
5.572910
5.728880
5.707240
5.596370
5.651230
5.623250
5.746660
5.671120
5.687950
5.627980
5.682670
5.673210
5.528930
5.728250
5.668450
5.725690
5.615860
5.658970
5.685300
5.631090
5.709870
5.617050
5.711880
5.703280
5.624680
5.721580
5.592760
5.619950
5.685070
5.655050
5.744160
5.570430
5.775560
5.690280
5.652420
5.596980
5.629550
5.536050
5.812580
5.564710
5.623020
5.601180
5.501550
5.679130
5.657820
5.637510
5.681470
5.636330
5.668780
5.687060
5.698640
5.665240
5.636660
5.689880
5.666760
5.666330
5.683890
5.618400
5.587120
5.676890
5.588110
5.464780
5.531530
5.729780
5.688860
5.593360
5.646430
5.624870
5.505710
5.607060
5.779710
5.637060
5.761430
5.631090
5.567910
5.661080
5.651070
5.758590
5.621700
5.733330
5.667870
5.687310
5.753200
5.654820
5.667220
5.645340
5.794180
5.737770
5.586160
5.768060
5.722080
5.675850
5.694790
5.673120
5.640660
5.614510
5.669930
5.563930
5.787110
5.508280
5.635770
5.603040
5.744030
5.678550
5.608920
5.487290
5.662960
5.783520
5.629610
5.680640
5.564800
5.634590
5.707480
5.680990
5.626200
5.703610
5.616680
5.697840
5.702160
5.618110
5.657750
5.603250
5.613960
5.679670
5.632490
5.675040
5.730760
5.693170
5.555980
5.833000
5.569290
5.695360
5.764980
5.675590
5.682730
5.644710
5.585540
5.638190
5.608500
5.770390
5.660910
5.616210
5.737070
5.735710
5.665070
5.667240
5.749040
5.705780
5.595270
5.682770
5.801890
5.674060
5.585280
5.650140
5.575700
5.604250
5.622330
5.726330
5.810580
5.632690
5.636090
5.635740
5.621260
5.596460
5.578490
5.731200
5.701830
5.623590
5.725290
5.762870
5.703650
5.798830
5.551660
5.647090
5.700970
5.569630
5.671400
5.646830
5.581580
5.552420
5.596330
5.699950
5.678520
5.662860
5.781500
5.603370
5.641760
5.619670
5.719350
5.674590
5.597120
5.581650
5.634810
5.705500
5.639270
5.503880
5.581220
5.820220
5.666900
5.641220
5.662390
5.620700
5.621370
5.604420
5.596070
5.674470
5.720720
5.735450
5.706390
5.616110
5.678560
5.670830
5.562570
5.665580
5.742030
5.689290
5.588040
5.589220
5.675740
5.691290
5.673770
5.611500
5.754700
5.670980
5.619650
5.634980
5.690330
5.657980
5.552740
5.523890
5.630510
5.625800
5.699120
5.700750
5.644410
5.705880
5.730980
5.719590
5.641240
5.582150
5.677720
5.697320
5.611850
5.616040
5.715780
5.654160
5.601940
5.698940
5.762240
5.669240
5.682640
5.638130
5.601760
5.697060
5.802710
5.667820
5.752040
5.605200
5.673780
5.677450
5.659090
5.652220
5.655840
5.651930
5.536000
5.697350
5.668550
5.673030
5.662530
5.550080
5.647630
5.770950
5.604630
5.586790
5.609080
5.697100
5.782780
5.662970
5.664250
5.713230
5.747240
5.512870
5.632290
5.813550
5.507600
5.687100
5.674750
5.652650
5.659520
5.654670
5.686080
5.654990
5.639160
5.685320
5.648010
5.653710
5.601750
5.788440
5.725640
5.759980
5.671260
5.674370
5.865490
5.674950
5.652910
5.677010
5.640970
5.731670
5.689630
5.699230
5.621750
5.772360
5.614320
5.682450
5.607940
5.600380
5.573580
5.678580
5.736360
5.582380
5.671210
5.685030
5.737630
5.732140
5.558840
5.676750
5.710330
5.661200
5.523870
5.587620
5.695900
5.507550
5.508920
5.715180
5.638280
5.664060
5.710730
5.659350
5.661170
5.755030
5.693700
5.686000
5.623820
5.654100
5.787900
5.666690
5.708810
5.648770
5.690390
5.636600
5.620540
5.521170
5.694420
5.663640
5.734000
5.740940
5.756100
5.669080
5.657210
5.635390
5.678860
5.561100
5.663910
5.656910
5.656060
5.577790
5.659640
5.769920
5.622700
5.577940
5.744970
5.616010
5.586590
5.715630
5.557820
5.732100
5.641750
5.608210
5.614940
5.576050
5.575290
5.626240
5.758730
5.821480
5.633030
5.618040
5.705500
5.634560
5.714590
5.713770
5.568860
5.640340
5.677650
5.627490
5.738960
5.653930
5.616530
5.697320
5.620250
5.663170
5.630470
5.672690
5.693730
5.593210
5.640720
5.680240
5.772800
5.650930
5.538010
5.651370
5.613320
5.650750
5.681880
5.621450
5.691620
5.643310
5.605620
5.729460
5.680240
5.633070
5.633710
5.628580
5.718450
5.527290
5.558450
5.626440
5.567400
5.648060
5.673520
5.847000
5.837230
5.579940
5.714090
5.688340
5.568020
5.697560
5.558220
5.681810
5.651530
5.702450
5.687470
5.686710
5.600130
5.549720
5.609170
5.707460
5.639790
5.717340
5.731080
5.581720
5.584090
5.709460
5.550370
5.524050
5.672130
5.761780
5.678490
5.653000
5.597690
5.672330
5.699420
5.706310
5.641180
5.691230
5.715970
5.747160
5.669990
5.595970
5.553910
5.708560
5.585510
5.728590
5.598380
5.674580
5.621910
5.702480
5.523460
5.663520
5.648770
5.720350
5.756310
5.665020
5.700290
5.724820
5.643580
5.640380
5.609830
5.725940
5.657230
5.757970
5.657720
5.609930
5.765880
5.615850
5.654370
5.682300
5.628280
5.606360
5.759820
5.662070
5.624620
5.614640
5.740930
5.687440
5.576460
5.658040
5.657730
5.642100
5.602810
5.724410
5.596780
5.600940
5.628260
5.641090
5.604500
5.618270
5.638410
5.601290
5.667520
5.643400
5.621880
5.651620
5.585020
5.627850
5.628810
5.702660
5.606180
5.666080
5.743380
5.656340
5.692480
5.728370
5.767180
5.588010
5.535440
5.611990
5.745350
5.674760
5.586550
5.663850
5.629750
5.693600
5.640090
5.781080
5.712900
5.666100
5.697580
5.621280
5.633550
5.679780
5.714910
5.708570
5.668200
5.682800
5.618030
5.764780
5.727010
5.602030
5.556020
5.753990
5.700450
5.579820
5.624120
5.667760
5.701290
5.574580
5.700280
5.682030
5.737690
5.712740
5.692510
5.603360
5.657210
5.701110
5.640000
5.625580
5.738820
5.671730
5.751260
5.580210
5.741970
5.424980
5.701770
5.638590
5.747740
5.657770
5.643960
5.731290
5.692270
5.671340
5.756970
5.659340
5.744010
5.676310
5.543370
5.632070
5.680220
5.594550
5.748570
5.570430
5.577120
5.606320
5.758800
5.811990
5.635190
5.604540
5.597930
5.660390
5.634450
5.603540
5.656230
5.631330
5.602370
5.650840
5.546680
5.643110
5.621120
5.581040
5.712760
5.739520
5.657690
5.702380
5.526380
5.664070
5.602320
5.718760
5.558800
5.561060
5.717570
5.756830
5.623270
5.708470
5.688180
5.625440
5.731990
5.676650
5.679090
5.726190
5.602450
5.614170
5.783620
5.621510
5.683600
5.542260
5.738660
5.591030
5.697830
5.587720
5.667980
5.629270
5.611900
5.782950
5.715560
5.645770
5.567940
5.740360
5.588820
5.600070
5.609150
5.494570
5.728640
5.664290
5.542230
5.723780
5.675760
5.585880
5.704540
5.653010
5.605920
5.610380
5.770830
5.651810
5.688880
5.810060
5.639900
5.659140
5.665670
5.689120
5.641530
5.705140
5.813070
5.536310
5.696310
5.749580
5.776140
5.710680
5.715930
5.614160
5.585440
5.681740
5.685270
5.688640
5.714930
5.695580
5.661130
5.706780
5.718630
5.713270
5.746110
5.704280
5.693280
5.767810
5.633050
5.782980
5.647380
5.726400
5.606930
5.712560
5.611090
5.691950
5.695750
5.724890
5.669400
5.539720
5.742860
5.610940
5.607910
5.689110
5.686670
5.687160
5.583200
5.714180
5.629290
5.608910
5.637880
5.643180
5.520050
5.770290
5.754370
5.634400
5.591660
5.663800
5.560080
5.681590
5.537110
5.608800
5.649200
5.616500
5.554870
5.707180
5.657950
5.605430
5.595560
5.582290
5.678870
5.737860
5.593300
5.634570
5.626950
5.650930
5.656520
5.663190
5.751610
5.679940
5.658550
5.566950
5.825170
5.673850
5.649020
5.664080
5.624000
5.681290
5.634470
5.719910
5.624950
5.554110
5.586510
5.583620
5.742090
5.729320
5.774920
5.656220
5.683140
5.654390
5.632630
5.624250
5.725400
5.669650
5.681370
5.722330
5.677820
5.617360
5.614630
5.668590
5.651170
5.542510
5.670400
5.670620
5.621510
5.690140
5.618320
5.696010
5.632390
5.605970
5.664430
5.777990
5.620580
5.629650
5.687570
5.629950
5.689170
5.591660
5.688000
5.735810
5.661790
5.640350
5.644370
5.542520
5.759360
5.715980
5.728070
5.701480
5.628120
5.631120
5.673650
5.667010
5.666060
5.580780
5.634420
5.696520
5.697690
5.588880
5.725930
5.722660
5.546040
5.719880
5.599900
5.633300
5.575680
5.672740
5.611980
5.629700
5.802580
5.698690
5.617730
5.745420
5.688660
5.702820
5.621960
5.595950
5.624730
5.667270
5.675550
5.646350
5.732920
5.537700
5.634590
5.692890
5.589850
5.761410
5.702750
5.656450
5.543450
5.674050
5.604970
5.733680
5.679390
5.672440
5.665990
5.718080
5.695660
5.707000
5.577390
5.662150
5.692070
5.733000
5.598730
5.746720
5.762920
5.703690
5.696560
5.645200
5.676530
5.599970
5.601520
5.627640
5.649040
5.570080
5.567070
5.658460
5.727940
5.596970
5.671560
5.650230
5.656810
5.752180
5.687610
5.647940
5.598160
5.713680
5.561020
5.764080
5.687060
5.639210
5.691590
5.667470
5.629780
5.645220
5.664960
5.681510
5.692480
5.636730
5.722770
5.756340
5.617360
5.695400
5.602220
5.567270
5.535890
5.513770
5.707470
5.644270
5.485140
5.734680
5.620540
5.682840
5.642130
5.721720
5.652230
5.585820
5.612060
5.660970
5.645940
5.648550
5.631690
5.666280
5.626400
5.708990
5.716800
5.640210
5.660610
5.651020
5.722210
5.645940
5.644900
5.650880
5.796380
5.785640
5.564210
5.653220
5.677500
5.778270
5.759310
5.714580
5.644450
5.660310
5.710040
5.652190
5.619640
5.638900
5.672860
5.624880
5.583180
5.629030
5.668230
5.621440
5.598890
5.565620
5.576830
5.620280
5.635760
5.648960
5.531330
5.612440
5.670220
5.663990
5.706140
5.643670
5.620180
5.696930
5.781600
5.626830
5.755010
5.637490
5.777380
5.680020
5.557180
5.772560
5.674360
5.712060
5.589820
5.731280
5.643410
5.599980
5.567430
5.646250
5.575560
5.680390
5.621250
5.740530
5.620810
5.748220
5.711010
5.730940
5.608520
5.672210
5.691670
5.750130
5.638460
5.762990
5.609060
5.624480
5.681080
5.692220
5.599310
5.759410
5.631980
5.661590
5.695030
5.626050
5.750710
5.615630
5.729460
5.771190
5.662190
5.706040
5.665740
5.618650
5.716360
5.632660
5.755760
5.714360
5.648720
5.596070
5.702160
5.717870
5.578060
5.739660
5.633020
5.659460
5.778730
5.691690
5.666430
5.714010
5.649720
5.600370
5.713380
5.721760
5.697570
5.684020
5.587740
5.617030
5.659670
5.608210
5.676050
5.666910
5.672250
5.632440
5.722440
5.615560
5.630730
5.573680
5.651380
5.702230
5.753770
5.616560
5.698540
5.614700
5.707580
5.622540
5.762720
5.635620
5.678550
5.670750
5.761330
5.668180
5.625330
5.698420
5.769900
5.671890
5.637980
5.644640
5.558530
5.639220
5.708640
5.761830
5.704970
5.534100
5.685000
5.783490
5.652810
5.689970
5.771090
5.704410
5.688090
5.693850
5.683170
5.632560
5.666010
5.649530
5.640240
5.615350
5.644210
5.592150
5.660160
5.648180
5.705400
5.554750
5.595960
5.534320
5.630110
5.666150
5.666970
5.664190
5.666270
5.585230
5.646970
5.518660
5.649690
5.560860
5.565970
5.706460
5.693690
5.774640
5.515720
5.708810
5.585690
5.569460
5.691240
5.658890
5.629280
5.711180
5.695400
5.768640
5.744020
5.755990
5.646410
5.757950
5.666770
5.707180
5.687810
5.655990
5.564660
5.696450
5.674430
5.577130
5.548710
5.486280
5.712950
5.659020
5.762130
5.758480
5.654160
5.665160
5.610460
5.705280
5.595850
5.617710
5.633820
5.751700
5.733210
5.642180
5.731800
5.761370
5.697460
5.535880
5.592360
5.706860
5.662650
5.565800
5.599010
5.703340
5.631040
5.715810
5.702090
5.587970
5.649890
5.702540
5.668400
5.659970
5.671430
5.735640
5.799540
5.563870
5.751230
5.634690
5.674870
5.675430
5.622700
5.627900
5.734750
5.664180
5.663950
5.694340
5.683020
5.637140
5.633340
5.682360
5.578610
5.693230
5.682250
5.679020
5.609090
5.696070
5.684910
5.736280
5.656570
5.648260
5.498550
5.712500
5.647330
5.698570
5.687200
5.632590
5.654540
5.597300
5.524860
5.755680
5.515520
5.665330
5.652800
5.638230
5.730800
5.704990
5.632750
5.708760
5.799850
5.734930
5.784110
5.666990
5.653390
5.606870
5.692100
5.646930
5.698230
5.601760
5.622720
5.787820
5.702350
5.703740
5.557110
5.655700
5.612500
5.661040
5.725360
5.640500
5.685820
5.617800
5.725720
5.752230
5.565960
5.546110
5.754320
5.714120
5.708530
5.538420
5.651570
5.730870
5.638760
5.720260
5.639850
5.692130
5.586180
5.707170
5.694070
5.535780
5.611950
5.645460
5.532680
5.732770
5.779110
5.614450
5.751940
5.724210
5.719760
5.610930
5.665170
5.677910
5.741060
5.718360
5.649570
5.676600
5.689630
5.698120
5.767960
5.740790
5.514420
5.595000
5.561050
5.656260
5.675210
5.752240
5.627850
5.562730
5.726910
5.643520
5.786280
5.637840
5.709830
5.474920
5.673100
5.560830
5.693700
5.801550
5.627260
5.619970
5.532080
5.694640
5.711480
5.685490
5.627700
5.667310
5.744130
5.613190
5.723890
5.613340
5.689610
5.712220
5.724610
5.650860
5.616680
5.661700
5.669920
5.681860
5.748280
5.667820
5.738950
5.789790
5.659290
5.582060
5.747830
5.713960
5.737400
5.735260
5.552580
5.569170
5.602180
5.726580
5.622250
5.672060
5.649010
5.622190
5.713540
5.762170
5.626820
5.690250
5.678050
5.801270
5.701280
5.606270
5.573290
5.562150
5.568380
5.683020
5.484450
5.724540
5.631880
5.640790
5.552330
5.560790
5.618170
5.665920
5.692620
5.680860
5.657430
5.614390
5.676440
5.678120
5.664320
5.672900
5.716950
5.695420
5.732590
5.716370
5.732840
5.736480
5.792290
5.750200
5.636970
5.618080
5.551480
5.663130
5.667280
5.683870
5.691360
5.514040
5.668680
5.691740
5.610880
5.512250
5.778340
5.635220
5.655220
5.836170
5.668460
5.651170
5.635380
5.599860
5.662450
5.503680
5.629790
5.638600
5.741120
5.638630
5.602980
5.634030
5.736320
5.671510
5.479590
5.696010
5.632440
5.619850
5.659540
5.537610
5.562450
5.587940
5.792610
5.760490
5.703180
5.679560
5.684640
5.619950
5.677990
5.615250
5.662360
5.739010
5.716160
5.646280
5.699420
5.650310
5.782660
5.595490
5.597220
5.681910
5.649370
5.681910
5.638440
5.541240
5.646810
5.721460
5.698360
5.662580
5.597600
5.725300
5.752290
5.616650
5.691370
5.684930
5.634960
5.702330
5.593110
5.661900
5.636850
5.674460
5.625670
5.620640
5.662300
5.619310
5.672750
5.697260
5.689570
5.640790
5.698000
5.601370
5.675770
5.686930
5.721370
5.662340
5.624300
5.637330
5.640200
5.719940
5.680770
5.597410
5.631790
5.679460
5.633670
5.603580
5.575690
5.622100
5.685170
5.570780
5.812850
5.678410
5.767950
5.595790
5.578220
5.547120
5.705220
5.736380
5.728150
5.710080
5.643630
5.669510
5.664970
5.600040
5.528330
5.566910
5.650470
5.606020
5.732260
5.659060
5.649030
5.635480
5.801430
5.695590
5.701330
5.817630
5.697260
5.674160
5.705690
5.504260
5.670000
5.621900
5.719180
5.675330
5.639280
5.571080
5.746210
5.719550
5.721680
5.595100
5.570830
5.573600
5.683880
5.717660
5.700170
5.610540
5.601290
5.530580
5.624200
5.682360
5.666160
5.652800
5.672820
5.525200
5.600620
5.777290
5.605490
5.586880
5.610270
5.621450
5.733470
5.629870
5.694590
5.689100
5.735450
5.619640
5.580100
5.724680
5.691520
5.657720
5.663230
5.671130
5.618640
5.627480
5.653050
5.546000
5.634270
5.726260
5.595000
5.632930
5.566400
5.634420
5.597550
5.671240
5.694130
5.641210
5.660730
5.763340
5.744370
5.666010
5.682770
5.667630
5.734810
5.664710
5.724160
5.692950
5.651380
5.709400
5.762170
5.641680
5.664510
5.751410
5.632980
5.649000
5.633860
5.711700
5.638860
5.750670
5.636750
5.737420
5.686560
5.633030
5.602860
5.564940
5.606990
5.716360
5.642270
5.700600
5.626380
5.728210
5.722770
5.630060
5.657010
5.594920
5.705840
5.637360
5.696700
5.605040
5.570890
5.678270
5.646450
5.653390
5.547810
5.729880
5.723820
5.666910
5.614530
5.624420
5.638580
5.551070
5.828010
5.660710
5.698220
5.748900
5.749660
5.682270
5.716800
5.614270
5.552480
5.676190
5.603040
5.735260
5.611610
5.674860
5.742270
5.673250
5.682760
5.674830
5.633750
5.703400
5.549390
5.736420
5.705630
5.637450
5.698840
5.629180
5.684230
5.573670
5.668690
5.682710
5.769300
5.634930
5.749150
5.614080
5.534930
5.601770
5.732450
5.733360
5.681200
5.594080
5.633730
5.648000
5.741940
5.682510
5.610960
5.698210
5.695840
5.549110
5.708560
5.637450
5.657330
5.731320
5.601590
5.566830
5.610480
5.727610
5.577310
5.618930
5.620660
5.728830
5.614290
5.735780
5.616340
5.623440
5.736480
5.663060
5.711840
5.683250
5.665080
5.743750
5.700430
5.695750
5.629360
5.619530
5.692110
5.689120
5.648700
5.659960
5.705270
5.565920
5.641940
5.689920
5.701730
5.612060
5.701160
5.735690
5.570970
5.578920
5.824280
5.705620
5.649320
5.582700
5.626670
5.690110
5.661900
5.648950
5.599380
5.681660
5.701730
5.617470
5.552780
5.607380
5.600140
5.700890
5.748320
5.635270
5.558400
5.672420
5.670710
5.719460
5.699050
5.640850
5.653140
5.612580
5.745710
5.617490
5.613960
5.623360
5.646730
5.738530
5.651780
5.665630
5.690320
5.698580
5.689480
5.541740
5.651480
5.656010
5.646190
5.634910
5.683250
5.700000
5.600160
5.675700
5.642020
5.621780
5.716030
5.607300
5.576470
5.582230
5.610320
5.667650
5.596760
5.647650
5.653760
5.605320
5.580160
5.634560
5.634500
5.637500
5.583730
5.523110
5.645580
5.669950
5.655900
5.655090
5.710610
5.664760
5.630790
5.625260
5.669840
5.704990
5.727630
5.664720
5.574570
5.670660
5.658180
5.664560
5.787310
5.672380
5.635680
5.644100
5.644690
5.741770
5.665380
5.621610
5.762470
5.602960
5.648060
5.724990
5.828900
5.863570
5.710980
5.671260
5.611380
5.611120
5.608020
5.621500
5.637990
5.707630
5.709750
5.716280
5.596860
5.642350
5.766970
5.713510
5.657530
5.560740
5.691170
5.748710
5.650570
5.605210
5.709660
5.665010
5.727900
5.696430
5.572020
5.697040
5.554170
5.581980
5.680040
5.597800
5.611280
5.590760
5.653120
5.715430
5.644050
5.666490
5.675030
5.615520
5.693900
5.717510
5.631490
5.658320
5.691980
5.651210
5.724200
5.899470
5.591740
5.714210
5.580560
5.697380
5.623810
5.725960
5.675830
5.704270
5.738670
5.819150
5.671020
5.635200
5.717210
5.618440
5.708580
5.597520
5.676260
5.621610
5.660170
5.614130
5.576260
5.650540
5.597390
5.656950
5.699940
5.709370
5.657640
5.723180
5.688090
5.597180
5.704050
5.608390
5.625560
5.721160
5.582300
5.768450
5.623130
5.720050
5.514290
5.619120
5.717190
5.581390
5.606780
5.654640
5.749080
5.599000
5.759560
5.665770
5.629010
5.720230
5.604500
5.756940
5.684190
5.750220
5.666890
5.539950
5.644550
5.663910
5.663910
