5.582680
5.711380
5.573770
5.612290
5.675430
5.663280
5.670320
5.718400
5.736760
5.619670
5.768070
5.755130
5.620520
5.665830
5.747160
5.619810
5.639420
5.617320
5.639650
5.713770
5.560360
5.668780
5.744020
5.671910
5.589500
5.658950
5.711200
5.742210
5.624040
5.706190
5.531980
5.687240
5.680260
5.517870
5.643630
5.667450
5.567210
5.562360
5.606440
5.616000
5.659100
5.587070
5.589240
5.467850
5.635420
5.655800
5.584270
5.573020
5.686360
5.580190
5.564390
5.609400
5.692070
5.730700
5.688490
5.626010
5.635320
5.587590
5.705190
5.556550
5.650340
5.679780
5.672330
5.629660
5.564310
5.656280
5.625570
5.648980
5.617820
5.671300
5.780450
5.555610
5.658240
5.719600
5.688160
5.566630
5.641750
5.586790
5.620040
5.732550
5.738230
5.629210
5.709620
5.715750
5.682210
5.617090
5.704190
5.520610
5.747440
5.652650
5.655000
5.702810
5.602100
5.702620
5.729510
5.647090
5.670170
5.617610
5.720240
5.643640
5.637370
5.644510
5.640410
5.533160
5.669360
5.726690
5.542520
5.700100
5.598090
5.660770
5.685560
5.753990
5.654790
5.684800
5.606760
5.708810
5.684850
5.592770
5.661870
5.617350
5.647930
5.614320
5.633340
5.494550
5.633310
5.521700
5.699680
5.604490
5.717550
5.763370
5.585670
5.577340
5.655030
5.644830
5.550820
5.737840
5.649690
5.647100
5.762880
5.651090
5.667580
5.545740
5.525670
5.676730
5.676350
5.619720
5.720940
5.620670
5.678730
5.597510
5.744170
5.671000
5.728930
5.644060
5.549330
5.519930
5.684720
5.693000
5.723110
5.648000
5.627180
5.724410
5.614920
5.779600
5.640810
5.587100
5.608780
5.601310
5.660770
5.753940
5.706660
5.597500
5.563140
5.794200
5.740690
5.718300
5.664530
5.610630
5.750660
5.655250
5.676980
5.608930
5.590380
5.655520
5.641090
5.637260
5.666270
5.647370
5.737650
5.635480
5.735560
5.559910
5.659410
5.703340
5.692470
5.613410
5.718560
5.723830
5.783870
5.715530
5.554860
5.553820
5.639370
5.742720
5.609910
5.652960
5.708330
5.680090
5.752530
5.621050
5.731330
5.622490
5.644920
5.712800
5.737040
5.628360
5.641000
5.756210
5.571050
5.706670
5.716170
5.640840
5.742990
5.696740
5.682590
5.583360
5.640210
5.671090
5.678680
5.725080
5.603780
5.613460
5.718750
5.720100
5.638570
5.737170
5.685170
5.645860
5.689510
5.681220
5.720150
5.726330
5.614580
5.702020
5.714320
5.671790
5.607470
5.703460
5.714860
5.685960
5.623590
5.688690
5.604910
5.620410
5.818810
5.621370
5.639180
5.556740
5.730320
5.604810
5.640830
5.660570
5.522400
5.723380
5.735600
5.723270
5.761240
5.652270
5.644360
5.636470
5.598410
5.667630
5.540020
5.775500
5.642150
5.590580
5.710120
5.648930
5.583060
5.735500
5.626990
5.723040
5.675820
5.641460
5.566950
5.523770
5.737040
5.715490
5.538350
5.640200
5.642540
5.686370
5.587880
5.690670
5.630110
5.639730
5.844650
5.744890
5.593670
5.540800
5.615530
5.758130
5.614140
5.717830
5.531180
5.647770
5.694410
5.733520
5.674500
5.618900
5.698220
5.577830
5.714710
5.648990
5.683010
5.676600
5.601170
5.623540
5.559990
5.614270
5.695590
5.629230
5.607860
5.630340
5.580870
5.632180
5.689540
5.564310
5.687310
5.670750
5.598620
5.691700
5.745330
5.637730
5.662270
5.737120
5.645570
5.665640
5.680060
5.622380
5.704440
5.756540
5.731680
5.653530
5.668280
5.684080
5.648780
5.706350
5.567510
5.727830
5.605360
5.569860
5.651520
5.819440
5.641370
5.626540
5.672230
5.690520
5.649440
5.662970
5.565560
5.703830
5.645560
5.661860
5.685550
5.595380
5.708810
5.705220
5.722490
5.686180
5.708500
5.712050
5.602200
5.618620
5.688470
5.715970
5.587970
5.688800
5.651330
5.646510
5.539270
5.630910
5.622570
5.653640
5.659040
5.676060
5.541630
5.769780
5.679300
5.561520
5.672610
5.615680
5.664170
5.784530
5.736860
5.721200
5.757540
5.715200
5.695160
5.629150
5.637790
5.641730
5.598460
5.597130
5.660580
5.769860
5.787450
5.740500
5.680000
5.672380
5.632250
5.719660
5.665990
5.674880
5.700310
5.582560
5.480960
5.652000
5.743790
5.587450
5.670140
5.588820
5.741710
5.702190
5.698840
5.642030
5.717510
5.629470
5.711470
5.672660
5.603910
5.724620
5.621990
5.667320
5.562800
5.737320
5.732120
5.617630
5.635770
5.612260
5.797670
5.660300
5.631860
5.726750
5.730160
5.699070
5.646980
5.601150
5.702160
5.711280
5.608870
5.649450
5.715620
5.638290
5.660910
5.628060
5.733240
5.714040
5.596430
5.747280
5.599900
5.705220
5.655100
5.657060
5.738400
5.668710
5.642400
5.589150
5.588090
5.609180
5.723660
5.618260
5.671780
5.638140
5.704000
5.645300
5.627180
5.603320
5.668190
5.601310
5.685210
5.808310
5.649150
5.653370
5.568810
5.577400
5.660340
5.553350
5.614650
5.658490
5.780100
5.686320
5.587850
5.708650
5.578720
5.660040
5.577120
5.656740
5.610370
5.639310
5.658000
5.620970
5.637760
5.763890
5.686680
5.565630
5.650040
5.678910
5.648950
5.586680
5.651910
5.611790
5.741830
5.444420
5.646250
5.553500
5.755990
5.691890
5.688800
5.530940
5.614590
5.848960
5.610250
5.676970
5.654980
5.626050
5.777070
5.620740
5.586200
5.716970
5.655130
5.721710
5.656110
5.627310
5.718970
5.735400
5.719060
5.518310
5.757080
5.596830
5.600980
5.709930
5.684790
5.540720
5.669260
5.618610
5.613730
5.695420
5.632470
5.682510
5.576930
5.653730
5.563130
5.661670
5.534040
5.574020
5.648270
5.658600
5.725760
5.677960
5.624460
5.709250
5.700620
5.663190
5.547090
5.727980
5.645300
5.693880
5.688980
5.655410
5.595050
5.671310
5.640140
5.735850
5.587860
5.549090
5.738560
5.598940
5.640880
5.584010
5.751260
5.622360
5.681280
5.651150
5.640980
5.626270
5.659840
5.672680
5.628470
5.580880
5.687090
5.672350
5.627470
5.640710
5.540920
5.618490
5.670180
5.663240
5.661030
5.689600
5.773740
5.634310
5.700950
5.647880
5.627600
5.565080
5.644990
5.603570
5.674610
5.671410
5.648170
5.666740
5.651980
5.609010
5.570470
5.677340
5.820270
5.666160
5.734180
5.634780
5.672010
5.700210
5.646430
5.658190
5.653360
5.575020
5.554400
5.717450
5.604620
5.610630
5.689800
5.733970
5.716160
5.595700
5.686570
5.610550
5.798410
5.687280
5.649220
5.586290
5.642710
5.647250
5.778000
5.714630
5.784550
5.729780
5.622580
5.544280
5.625560
5.633270
5.633390
5.532610
5.712190
5.615400
5.606030
5.785280
5.711690
5.671330
5.716590
5.779200
5.663420
5.556720
5.659800
5.591190
5.706150
5.577820
5.639810
5.666680
5.525120
5.644590
5.699850
5.825690
5.747580
5.746210
5.662460
5.545000
5.695660
5.632840
5.714460
5.653270
5.695900
5.708250
5.574300
5.704260
5.597250
5.603500
5.590260
5.666370
5.573910
5.732060
5.739870
5.663130
5.727860
5.689520
5.754610
5.765910
5.676930
5.636850
5.709930
5.669680
5.621850
5.672920
5.690560
5.672980
5.669790
5.614490
5.655550
5.684580
5.755910
5.570960
5.591100
5.620390
5.719700
5.750210
5.550990
5.738700
5.638880
5.625090
5.704960
5.611400
5.698250
5.702540
5.557980
5.767720
5.669810
5.646160
5.748260
5.598750
5.665030
5.787910
5.707270
5.674410
5.715200
5.619300
5.633790
5.575900
5.553430
5.693900
5.668020
5.608020
5.684650
5.690260
5.644840
5.693180
5.693560
5.629930
5.764150
5.686950
5.692790
5.724920
5.677940
5.808610
5.752740
5.643560
5.728960
5.601190
5.705490
5.614330
5.566430
5.759510
5.682390
5.661960
5.677730
5.681570
5.623340
5.637440
5.718580
5.743560
5.749010
5.651680
5.584400
5.811070
5.619170
5.685940
5.658530
5.718630
5.606450
5.609280
5.636460
5.705210
5.574630
5.589350
5.557110
5.610500
5.731160
5.645980
5.716280
5.631790
5.639200
5.492040
5.752150
5.677330
5.547620
5.614830
5.639570
5.717660
5.632600
5.588450
5.621550
5.561580
5.733110
5.757620
5.747450
5.732750
5.760010
5.615600
5.650130
5.637180
5.622090
5.599620
5.646040
5.499150
5.681020
5.667710
5.694480
5.675460
5.631530
5.607530
5.601860
5.575300
5.654400
5.586390
5.670800
5.749760
5.585760
5.694410
5.691110
5.605240
5.795910
5.708030
5.736470
5.654060
5.675730
5.643900
5.664110
5.571020
5.742250
5.704160
5.728800
5.644040
5.612130
5.694550
5.623350
5.642590
5.876230
5.606320
5.643450
5.625510
5.637850
5.713940
5.538510
5.705110
5.677430
5.648160
5.713360
5.680910
5.657460
5.784760
5.723530
5.604290
5.702420
5.798890
5.590880
5.623550
5.739560
5.700030
5.582220
5.677320
5.684510
5.589830
5.593120
5.648570
5.665020
5.738110
5.626740
5.670550
5.554560
5.654710
5.663510
5.687400
5.633270
5.789310
5.649300
5.666950
5.680360
5.618910
5.610540
5.658150
5.576060
5.630850
5.637890
5.621270
5.814390
5.635710
5.705150
5.595020
5.630790
5.591630
5.695800
5.661410
5.719640
5.603840
5.709100
5.731680
5.694680
5.598590
5.597340
5.587880
5.637360
5.617380
5.706960
5.649590
5.721780
5.719530
5.590140
5.732260
5.705470
5.655170
5.599150
5.730300
5.735840
5.599960
5.648070
5.658700
5.635800
5.666660
5.787270
5.610130
5.716670
5.672960
5.725800
5.616160
5.667090
5.602610
5.572700
5.683930
5.743710
5.664730
5.777640
5.629520
5.718600
5.615270
5.709970
5.684280
5.685910
5.623100
5.702930
5.745020
5.599450
5.656440
5.597700
5.720330
5.676980
5.708010
5.650000
5.697950
5.715990
5.631560
5.606960
5.728390
5.593750
5.699640
5.584170
5.542440
5.613650
5.654820
5.517920
5.713610
5.773960
5.580200
5.562310
5.571230
5.642400
5.553810
5.712570
5.613920
5.622290
5.678590
5.648410
5.691160
5.535770
5.555770
5.589080
5.556840
5.718080
5.656060
5.664330
5.658500
5.591570
5.682180
5.661460
5.641380
5.703330
5.684950
5.604000
5.778740
5.738400
5.688040
5.610350
5.729120
5.607870
5.643010
5.700170
5.635510
5.667540
5.548240
5.708880
5.660670
5.629660
5.626130
5.688540
5.607690
5.593710
5.724380
5.692420
5.573920
5.770140
5.664300
5.714150
5.717920
5.515420
5.610900
5.654550
5.814790
5.632320
5.657800
5.677460
5.718060
5.671260
5.747590
5.556500
5.600020
5.732310
5.679140
5.556490
5.762540
5.656010
5.612170
5.754560
5.739780
5.770720
5.585290
5.640480
5.543070
5.667410
5.637330
5.637600
5.742980
5.825590
5.639820
5.634480
5.569460
5.564310
5.643690
5.784060
5.697770
5.701290
5.701050
5.539720
5.562170
5.640140
5.649120
5.798300
5.635600
5.586010
5.746770
5.679150
5.653110
5.811390
5.646210
5.656040
5.562890
5.650470
5.655400
5.667170
5.525690
5.600240
5.561860
5.566660
5.647350
5.608420
5.691710
5.652250
5.692550
5.668090
5.688860
5.666430
5.751480
5.737020
5.727160
5.695420
5.660860
5.654410
5.607370
5.483400
5.531640
5.521880
5.580210
5.598660
5.768170
5.589290
5.595200
5.622960
5.586350
5.710590
5.499930
5.747410
5.580430
5.645810
5.644480
5.610060
5.793320
5.664330
5.638970
5.742810
5.714840
5.610770
5.653020
5.661050
5.618910
5.772800
5.610120
5.755640
5.721620
5.637540
5.625360
5.663400
5.579300
5.611460
5.684710
5.649770
5.629120
5.659710
5.630800
5.652940
5.798620
5.605620
5.692060
5.671730
5.600730
5.686280
5.561330
5.680390
5.681500
5.738600
5.661690
5.850900
5.716030
5.500830
5.664100
5.700870
5.678180
5.627880
5.658230
5.537510
5.666870
5.639990
5.674650
5.694870
5.714900
5.651960
5.542050
5.657070
5.559130
5.660480
5.718240
5.617170
5.734620
5.644250
5.687830
5.632700
5.671910
5.651820
5.695490
5.664730
5.660200
5.714360
5.584810
5.593300
5.590580
5.791280
5.699160
5.686310
5.685970
5.641210
5.722500
5.660490
5.894530
5.663190
5.479720
5.684340
5.709740
5.545370
5.677420
5.723030
5.628820
5.659900
5.587760
5.642530
5.590290
5.611720
5.730450
5.706550
5.734400
5.613060
5.599810
5.781580
5.698840
5.630750
5.706060
5.750590
5.602550
5.728450
5.765040
5.585680
5.699690
5.654690
5.690370
5.608280
5.630320
5.672870
5.658200
5.670800
5.587050
5.647440
5.748410
5.604050
5.704030
5.762200
5.695030
5.643870
5.631940
5.726730
5.700130
5.704640
5.688420
5.819810
5.709830
5.608600
5.642540
5.679860
5.685640
5.749840
5.578060
5.693540
5.567440
5.688400
5.694880
5.679570
5.607720
5.723640
5.596940
5.633810
5.664630
5.773850
5.638290
5.690340
5.700250
5.722610
5.698840
5.593230
5.614880
5.702230
5.678730
5.659820
5.663340
5.659740
5.674050
5.587560
5.673720
5.745840
5.679730
5.602510
5.702700
5.726790
5.641230
5.726170
5.752890
5.786900
5.681950
5.628820
5.611620
5.649230
5.648350
5.557660
5.642980
5.718700
5.724490
5.650790
5.732030
5.682820
5.681910
5.666820
5.663070
5.727650
5.735540
5.586600
5.668450
5.728090
5.699680
5.780800
5.764880
5.653720
5.649570
5.602590
5.697880
5.590050
5.589390
5.621840
5.620810
5.580720
5.711950
5.676540
5.718130
5.806480
5.760750
5.623430
5.843140
5.665220
5.631980
5.757100
5.710460
5.722180
5.741550
5.750280
5.643660
5.674600
5.586760
5.634250
5.695310
5.634560
5.653870
5.631830
5.654560
5.580490
5.681180
5.758020
5.632170
5.699690
5.690160
5.598780
5.699010
5.670890
5.523290
5.723770
5.672130
5.604110
5.600280
5.790430
5.736590
5.712160
5.709900
5.679900
5.662820
5.571100
5.644430
5.775540
5.621450
5.741380
5.680800
5.798660
5.668120
5.671010
5.576010
5.671810
5.691870
5.692930
5.719020
5.616900
5.692470
5.765850
5.655630
5.719670
5.641640
5.625270
5.622720
5.613060
5.695700
5.573400
5.717230
5.525570
5.686910
5.641290
5.587430
5.556440
5.708280
5.592760
5.684900
5.658110
5.616940
5.635460
5.713190
5.649180
5.626100
5.682440
5.638850
5.605260
5.509420
5.661470
5.631370
5.753750
5.546770
5.663930
5.764130
5.750330
5.609350
5.686670
5.703360
5.669670
5.686660
5.818510
5.561960
5.655430
5.626600
5.708180
5.627740
5.712120
5.677500
5.697400
5.637420
5.777540
5.597950
5.624660
5.564740
5.667930
5.596540
5.716040
5.538400
5.547590
5.661470
5.775990
5.676740
5.720520
5.590940
5.697400
5.625470
5.621410
5.745020
5.801810
5.776660
5.532620
5.760670
5.616530
5.560440
5.673640
5.656660
5.624610
5.687650
5.496740
5.792610
5.657300
5.618720
5.636190
5.693850
5.609480
5.611070
5.742160
5.603160
5.685200
5.721220
5.601830
5.722830
5.601810
5.652080
5.588070
5.664930
5.619530
5.666760
5.652980
5.755940
5.660420
5.606330
5.637500
5.649040
5.612350
5.682660
5.733140
5.592640
5.695670
5.701650
5.624190
5.666640
5.747320
5.577270
5.625540
5.686520
5.618170
5.584680
5.633810
5.707010
5.621490
5.617360
5.660800
5.500920
5.654190
5.659630
5.736270
5.674590
5.638000
5.750690
5.660660
5.631860
5.697850
5.701170
5.614310
5.670420
5.613540
5.626790
5.770050
5.612190
5.704200
5.503860
5.649410
5.678650
5.799190
5.750970
5.749760
5.686980
5.731810
5.613020
5.739440
5.637570
5.713220
5.709110
5.478750
5.623010
5.640440
5.660830
5.652450
5.636640
5.660570
5.660220
5.640240
5.664040
5.548950
5.777610
5.607850
5.671120
5.677170
5.744140
5.676970
5.684050
5.668150
5.627400
5.646190
5.652470
5.676770
5.646090
5.717920
5.571090
5.664020
5.723680
5.562510
5.605140
5.754780
5.694440
5.691880
5.633790
5.688550
5.495330
5.682090
5.684100
5.719560
5.682350
5.633190
5.707700
5.726310
5.616220
5.531260
5.745380
5.814190
5.660680
5.763440
5.713480
5.633890
5.636080
5.562220
5.730510
5.559510
5.671310
5.567860
5.736930
5.681440
5.683860
5.790530
5.703480
5.642360
5.589610
5.718340
5.724220
5.728640
5.639850
5.530060
5.747680
5.694000
5.661990
5.652700
5.636510
5.654540
5.684920
5.693400
5.722080
5.757150
5.641700
5.690790
5.696600
5.587260
5.694180
5.545460
5.669200
5.712620
5.631070
5.664230
5.633180
5.698780
5.703630
5.650340
5.640870
5.774470
5.620520
5.682430
5.679660
5.587420
5.701230
5.654060
5.656310
5.658750
5.610310
5.670850
5.731030
5.549500
5.613280
5.631470
5.654560
5.666150
5.613040
5.655320
5.814950
5.472750
5.760320
5.591920
5.641650
5.643230
5.697730
5.701850
5.664110
5.797000
5.591260
5.595050
5.739440
5.758160
5.630050
5.575650
5.681540
5.659660
5.678310
5.580060
5.606140
5.669060
5.680800
5.635430
5.735780
5.657710
5.659850
5.621180
5.676870
5.690810
5.673580
5.746700
5.618280
5.588030
5.690830
5.591460
5.660150
5.817540
5.694720
5.572020
5.743690
5.656460
5.703690
5.684970
5.552370
5.684520
5.654820
5.659910
5.604120
5.648380
5.655580
5.802070
5.686380
5.586670
5.674670
5.690440
5.611380
5.723130
5.797730
5.617270
5.569820
5.673720
5.650560
5.629890
5.599650
5.624020
5.612460
5.780690
5.575080
5.728280
5.776260
5.644310
5.678230
5.764630
5.582210
5.640970
5.568260
5.720330
5.643910
5.650100
5.652610
5.659140
5.608120
5.631970
5.629990
5.744620
5.579830
5.633350
5.639740
5.795400
5.658850
5.702290
5.587820
5.614110
5.668580
5.658110
5.668530
5.623280
5.586570
5.637730
5.631090
5.693220
5.540570
5.605960
5.823700
5.543370
5.651990
5.751550
5.579490
5.727450
5.728820
5.715650
5.757230
5.714750
5.565070
5.709570
5.625220
5.638750
5.725950
5.556620
5.630580
5.770540
5.600870
5.643880
5.762570
5.748730
5.698500
5.650610
5.662820
5.634880
5.652410
5.716010
5.583730
5.535180
5.581990
5.809790
5.642000
5.750000
5.606360
5.618470
5.657060
5.693280
5.668360
5.714950
5.557430
5.606400
5.716520
5.680270
5.694730
5.611690
5.611350
5.670470
5.734640
5.676770
5.690330
5.649760
5.577460
5.629680
5.722190
5.587590
5.793330
5.717780
5.686880
5.724810
5.632780
5.657500
5.685600
5.571080
5.688680
5.597880
5.638760
5.613970
5.635580
5.668850
5.679680
5.589610
5.549980
5.655040
5.731600
5.648910
5.613430
5.660840
5.639470
5.624000
5.714080
5.625910
5.683570
5.660220
5.704250
5.612330
5.734320
5.569790
5.744150
5.756490
5.729090
5.632220
5.607490
5.541150
5.694970
5.585260
5.776990
5.761370
5.686860
5.625880
5.643030
5.688310
5.664730
5.768550
5.689620
5.603110
5.623830
5.546290
5.626240
5.768590
5.675200
5.559410
5.638740
5.730110
5.687730
5.632070
5.743300
5.641370
5.781780
5.671780
5.601630
5.650220
5.607640
5.679700
5.677970
5.742790
5.682080
5.716250
5.691680
5.655970
5.624630
5.708380
5.579060
5.599360
5.532160
5.727470
5.618650
5.659100
5.686570
5.794780
5.674340
5.580240
5.679620
5.613190
5.764560
5.704250
5.744490
5.558920
5.733780
5.777770
5.634320
5.644190
5.743490
5.734210
5.626040
5.580950
5.603830
5.627040
5.516700
5.651300
5.667980
5.766220
5.718220
5.670980
5.726970
5.626110
5.643520
5.592870
5.587550
5.734320
5.674950
5.808200
5.679740
5.734360
5.738270
5.675850
5.697670
5.661720
5.542980
5.716400
5.622270
5.642440
5.657530
5.705560
5.777180
5.652780
5.657630
5.630230
5.634390
5.688690
5.522760
5.600570
5.723780
5.759320
5.591840
5.644920
5.634000
5.677880
5.695390
5.777490
5.735010
5.450230
5.625420
5.658150
5.638940
5.650120
5.651870
5.671380
5.803410
5.673950
5.648700
5.641940
5.573500
5.789500
5.683560
5.620800
5.727640
5.742610
5.704390
5.618430
5.668960
5.665600
5.697160
5.740420
5.720320
5.636390
5.644930
5.553660
5.589730
5.582540
5.512200
5.658750
5.636010
5.876760
5.777150
5.625720
5.626650
5.735100
5.654960
5.661140
5.646620
5.726030
5.680330
5.622080
5.739850
5.661830
5.628360
5.838820
5.562120
5.648880
5.634730
5.690970
5.666160
5.547110
5.582140
5.530540
5.638620
5.704290
5.566810
5.717100
5.619150
5.602030
5.774490
5.758200
5.685510
5.726070
5.682150
5.732590
5.573970
5.630710
5.735750
5.733220
5.499400
5.654660
5.581290
5.760630
5.692670
5.709000
5.589680
5.570950
5.688160
5.663100
5.599380
5.645760
5.591690
5.733170
5.772200
5.689470
5.692010
5.660770
5.719800
5.725810
5.725160
5.734990
5.562050
5.645130
5.652880
5.708430
5.650370
5.756080
5.666630
5.563820
5.708910
5.609240
5.630160
5.669850
5.667200
5.608290
5.652040
5.615450
5.678130
5.693750
5.686700
5.626120
5.659300
5.689840
5.639540
5.716200
5.685160
5.711200
5.573110
5.607140
5.567440
5.683790
5.628530
5.656290
5.701910
5.720540
5.784010
5.535900
5.641690
5.626550
5.686600
5.656420
5.652190
5.691770
5.701630
5.621630
5.717630
5.537650
5.665980
5.645350
5.636920
5.653270
5.693230
5.706390
5.617100
5.615420
5.688410
5.600630
5.626950
5.723830
5.648060
5.666700
5.756450
5.699930
5.717900
5.590620
5.721870
5.650530
5.506380
5.646500
5.759420
5.627160
5.633420
5.600010
5.725770
5.712640
5.697760
5.557700
5.579030
5.684510
5.727230
5.741790
5.637740
5.656240
5.597820
5.646480
5.603680
5.636550
5.692020
5.576030
5.673430
5.715530
5.648170
5.753110
5.593180
5.613950
5.698710
5.735760
5.630800
5.556780
5.535350
5.585530
5.606600
5.754840
5.651490
5.656350
5.574700
5.720930
5.733850
5.568280
5.642850
5.732610
5.704000
5.662610
5.672140
5.772470
5.641960
5.616640
5.603360
5.609170
5.588480
5.616020
5.663950
5.712970
5.740430
5.665750
5.633420
5.699730
5.697190
5.610760
5.599050
5.734280
5.644310
5.598410
5.664850
5.637380
5.577950
5.760270
5.669350
5.662410
5.712960
5.647330
5.578090
5.687130
5.665620
5.649770
5.643640
5.734420
5.585570
5.528040
5.571130
5.710110
5.606230
5.760080
5.615720
5.699550
5.605880
5.720750
5.548350
5.591930
5.649380
5.600080
5.707420
5.814660
5.546620
5.644940
5.711300
5.716060
5.624360
5.819220
5.697040
5.693830
5.668900
5.588710
5.600750
5.726530
5.648050
5.637370
5.689220
5.703580
5.666580
5.660770
5.617190
5.718760
5.542440
5.733340
5.680730
5.667410
5.769550
5.782300
5.713930
5.494160
5.704320
5.627010
5.693940
5.711620
5.607200
5.662740
5.637730
5.733840
5.646790
5.719960
5.618820
5.724160
5.652310
5.713980
5.667880
5.655490
5.643310
5.670030
5.619700
5.720270
5.693940
5.647440
5.718820
5.641900
5.751510
5.666000
5.712950
5.761220
5.831260
5.628420
5.607920
5.703470
5.654670
5.698450
5.593090
5.698930
5.754970
5.667210
5.582320
5.694840
5.695010
5.584090
5.693250
5.636460
5.690350
5.720410
5.657530
5.758970
5.682790
5.656790
5.621340
5.591440
5.633880
5.636400
5.542010
5.576340
5.625330
5.730890
5.640930
5.644630
5.706400
5.529130
5.611500
5.646100
5.620300
5.689100
5.781870
5.619300
5.681050
5.548160
5.669600
5.649840
5.672630
5.621990
5.511430
5.621950
5.625340
5.696860
5.697910
5.629740
5.705120
5.582440
5.613960
5.638980
5.650740
5.679120
5.733210
5.626080
5.616080
5.641230
5.575050
5.599310
5.749420
5.740020
5.535050
5.554330
5.644400
5.617090
5.768940
5.658020
5.650070
5.572000
5.603430
5.666120
5.655540
5.660850
5.592460
5.761520
5.637600
5.611880
5.636100
5.576790
5.672510
5.718820
5.741040
5.571650
5.678490
5.693480
5.821010
5.683410
5.623790
5.643020
5.647880
5.669070
5.712980
5.686870
5.755110
5.773870
5.784830
5.651560
5.569590
5.635720
5.635270
5.649500
5.653800
5.700650
5.586220
5.641770
5.714100
5.672100
5.649040
5.713360
5.616220
5.725670
5.740940
5.701850
5.717190
5.685700
5.654970
5.756230
5.711350
5.548210
5.688330
5.699870
5.773170
5.678780
5.613160
5.668210
5.604940
5.627950
5.725890
5.668070
5.674330
5.667850
5.583710
5.697940
5.661780
5.671540
5.600460
5.807780
5.639710
5.709380
5.616390
5.624560
5.540640
5.633290
5.602800
5.542410
5.595320
5.643260
5.705770
5.623420
5.665780
5.639030
5.682000
5.714470
5.665800
5.653000
5.689670
5.638820
5.634110
5.659360
5.683080
5.684950
5.675720
5.637210
5.668430
5.610960
5.678770
5.805180
5.715250
5.646650
5.724070
5.822690
5.640210
5.708110
5.649390
5.704960
5.629350
5.735840
5.652130
5.661410
5.689120
5.701070
5.694200
5.664920
5.525530
5.638920
5.724780
5.628690
5.615570
5.695520
5.669930
5.654990
5.663440
5.686950
5.675550
5.686780
5.640980
5.657790
5.657390
5.754600
5.679170
5.666940
5.559600
5.531270
5.694420
5.608650
5.629820
5.711950
5.608130
5.530950
5.645110
5.661100
5.698080
5.684010
5.655790
5.692140
5.579160
5.776980
5.667560
5.513350
5.560460
5.770100
5.715400
5.580170
5.659530
5.722580
5.722540
5.667060
5.671640
5.619350
5.625540
5.584340
5.708500
5.690270
5.703920
5.614780
5.618780
5.680210
5.556660
5.682420
5.694740
5.658430
5.736440
5.791790
5.675520
5.570440
5.660770
5.648540
5.704630
5.690600
5.642430
5.646150
5.613790
5.541140
5.660310
5.639830
5.640540
5.606760
5.839700
5.625960
5.672960
5.637980
5.624260
5.651830
5.696770
5.761060
5.761300
5.639750
5.597350
5.540280
5.687040
5.644310
5.532930
5.784430
5.540640
5.657720
5.634130
5.696640
5.747880
5.653180
5.742880
5.657390
5.730920
5.589990
5.667880
5.667650
5.622620
5.672430
5.763250
5.631620
5.653390
5.693980
5.574520
5.882530
5.557040
5.677670
5.779460
5.668330
5.557140
5.693900
5.725370
5.712260
5.653480
5.798070
5.660130
5.711180
5.704580
5.666930
5.654390
5.778230
5.636270
5.669850
5.643700
5.645940
5.694720
5.696940
5.604510
5.643220
5.604450
5.534570
5.563530
5.538360
5.726620
5.701870
5.784790
5.653170
5.620700
5.710290
5.685100
5.627190
5.585320
5.565600
5.742000
5.550800
5.721610
5.657620
5.684550
5.764460
5.620360
5.624930
5.756000
5.718140
5.687970
5.714150
5.721550
5.718780
5.638970
5.657120
5.736450
5.715970
5.696050
5.527320
5.714350
5.647980
5.687350
5.726420
5.642620
5.740650
5.658860
5.580450
5.553670
5.543460
5.605320
5.678730
5.731130
5.631070
5.665750
5.661970
5.673280
5.674350
5.642190
5.578060
5.618640
5.644130
5.647010
5.714670
5.700400
5.736840
5.686170
5.759110
5.639910
5.690430
5.600640
5.625270
5.554550
5.771120
5.570620
5.760430
5.625730
5.669460
5.683150
5.606840
5.791400
5.542280
5.622630
5.563110
5.647670
5.742220
5.630510
5.772100
5.702000
5.717130
5.692570
5.660490
5.696380
5.759030
5.641610
5.649720
5.779690
5.664060
5.653140
5.711040
5.772300
5.658400
5.687930
5.686390
5.707440
5.604670
5.597850
5.672550
5.588450
5.629280
5.695780
5.701570
5.710070
5.652590
5.643410
5.696660
5.502400
5.664010
5.584840
5.680990
5.614460
5.718670
5.685150
5.579790
5.759100
5.736820
5.685040
5.754060
5.673720
5.737070
5.699050
5.703080
5.562000
5.651590
5.667050
5.664500
5.607970
5.689120
5.707030
5.717670
5.621890
5.592850
5.731400
5.639550
5.589380
5.721920
5.582630
5.745750
5.657460
5.633420
5.522510
5.614350
5.663140
5.592850
5.490360
5.751060
5.737500
5.653690
5.664910
5.723560
5.571670
5.659450
5.660830
5.687130
5.644990
5.609850
5.813300
5.600310
5.649520
5.614090
5.598840
5.666100
5.728420
5.530730
5.653730
5.726700
5.551080
5.690110
5.730510
5.583350
5.810920
5.626550
5.677610
5.748370
5.702770
5.628890
5.598590
5.684960
5.724660
5.531050
5.725970
5.652250
5.714680
5.667830
5.589020
5.717210
5.689380
5.603440
5.714000
5.697170
5.723480
5.571000
5.712220
5.748040
5.605750
5.744210
5.598270
5.588210
5.518850
5.626910
5.636830
5.698520
5.632640
5.605780
5.687560
5.552640
5.733070
5.696240
5.569520
5.637220
5.662620
5.663650
5.707640
5.664090
5.710130
5.773430
5.650330
5.740790
5.761750
5.739070
5.669240
5.586070
5.777180
5.528080
5.771090
5.708150
5.534250
5.680010
5.612800
5.668970
5.641060
5.580050
5.650530
5.593100
5.641400
5.710760
5.629890
5.668460
5.644540
5.681610
5.602520
5.669870
5.677230
5.611150
5.699650
5.658810
5.641480
5.696620
5.553070
5.711160
5.667900
5.590510
5.561840
5.598660
5.680020
5.581590
5.576410
5.571570
5.675760
5.759090
5.687140
5.610990
5.500460
5.693870
5.700980
5.704890
5.620790
5.732980
5.568460
5.593250
5.692980
5.608820
5.754370
5.583890
5.658420
5.690820
5.470710
5.713470
5.633710
5.585460
5.679360
5.658730
5.672030
5.676240
5.614860
5.755170
5.665260
5.592470
5.666710
5.646700
5.682800
5.609420
5.722640
5.744240
5.729790
5.708790
5.677580
5.688960
5.615020
5.699000
5.762940
5.665410
5.632130
5.706160
5.698450
5.716330
5.761780
5.588900
5.689730
5.672670
5.645790
5.754550
5.766080
5.695660
5.682680
5.598090
5.655650
5.616460
5.574730
5.716260
5.706050
5.608710
5.659100
5.716980
5.611320
5.694180
5.731500
5.719690
5.701320
5.635770
5.648720
5.636080
5.626700
5.607250
5.692800
5.678750
5.718520
5.687050
5.660050
5.590600
5.606450
5.647280
5.683630
5.740240
5.652090
5.649240
5.665820
5.656210
5.692750
5.549260
5.807030
5.687290
5.675100
5.598240
5.603320
5.529890
5.556890
5.650740
5.715220
5.570650
5.734120
5.853060
5.653640
5.793630
5.681720
5.674560
5.737980
5.612180
5.662500
5.620350
5.609230
5.728130
5.612220
5.715250
5.593820
5.576050
5.599150
5.694600
5.704140
5.704410
5.737760
5.590030
5.748320
5.832980
5.636220
5.754120
5.669610
5.584350
5.595740
5.637090
5.664530
5.627760
5.677770
5.522200
5.601830
5.721260
5.600860
5.593310
5.630700
5.645320
5.649010
5.655020
5.590900
5.679400
5.682040
5.771450
5.683110
5.600530
5.713550
5.710330
5.659700
5.625970
5.633690
5.677010
5.665070
5.700560
5.695790
5.671080
5.660960
5.672310
5.675830
5.736770
5.630690
5.588420
5.714050
5.632490
5.662540
5.548870
5.499510
5.651060
5.577260
5.617440
5.686350
5.625020
5.649850
5.715340
5.608940
5.757910
5.722980
5.606130
5.618840
5.749370
5.733440
5.581040
5.611870
5.720660
5.709900
5.728190
5.658880
5.757580
5.614900
5.632980
5.480100
5.757020
5.631760
5.720780
5.732570
5.637340
5.646370
5.646340
5.647600
5.615460
5.690840
5.755530
5.781040
5.648720
5.583370
5.536000
5.637690
5.605650
5.777200
5.621430
5.588000
5.634690
5.636390
5.728100
5.680110
5.640400
5.637740
5.608980
5.729590
5.647760
5.612230
5.578960
5.516160
5.599280
5.599500
5.625200
5.711460
5.581710
5.694270
5.738780
5.707090
5.673020
5.712150
5.737310
5.729050
5.699770
5.676010
5.703760
5.603670
5.715040
5.657460
5.579100
5.615340
5.582780
5.696120
5.614570
5.645030
5.611600
5.579060
5.709900
5.525900
5.666230
5.603230
5.750960
5.603590
5.607900
5.724420
5.637130
5.606730
5.696270
5.579120
5.694030
5.717980
5.597640
5.616900
5.692340
5.775140
5.691200
5.589560
5.664020
5.647170
5.663430
5.685850
5.608340
5.602710
5.702340
5.755340
5.665420
5.620690
5.720380
5.622510
5.626220
5.483060
5.727680
5.798520
5.646840
5.579820
5.587610
5.675220
5.568120
5.702110
5.754640
5.681490
5.659230
5.631400
5.636790
5.642180
5.651010
5.642510
5.617160
5.705220
5.669600
5.579750
5.754550
5.663290
5.722180
5.651860
5.805030
5.723950
5.607220
5.692680
5.658810
5.717060
5.708360
5.639490
5.702920
5.728360
5.638390
5.660930
5.552440
5.640290
5.659100
5.681460
5.608370
5.549460
5.627110
5.664960
5.733670
5.552950
5.625260
5.644650
5.498020
5.729990
5.741310
5.617170
5.638040
5.641760
5.664080
5.635530
5.814460
5.644720
5.750130
5.625040
5.601530
5.682190
5.737350
5.753640
5.746860
5.601860
5.680420
5.607350
5.644040
5.677470
5.654380
5.751260
5.509550
5.625140
5.620510
5.689390
5.657200
5.640390
5.652010
5.626470
5.622440
5.573780
5.581610
5.709740
5.660500
5.706590
5.802490
5.728440
5.667170
5.661510
5.549360
5.756220
5.748980
5.603350
5.709980
5.657950
5.737340
5.633110
5.692780
5.683400
5.613620
5.656040
5.748890
5.686490
5.677820
5.615280
5.561040
5.740950
5.682120
5.697680
5.715930
5.717850
5.710560
5.586340
5.693180
5.671560
5.602090
5.604880
5.726210
5.704830
5.622520
5.514620
5.634730
5.645040
5.589640
5.597140
5.532750
5.763440
5.609620
5.618190
5.658100
5.686860
5.639160
5.659060
5.537450
5.774120
5.693170
5.769040
5.637050
5.705510
5.561710
5.659340
5.688300
5.613280
5.711490
5.555350
5.596790
5.753240
5.808420
5.825160
5.694860
5.566990
5.690260
5.671980
5.601820
5.685170
5.708960
5.672010
5.638140
5.694030
5.635580
5.661740
5.704210
5.720260
5.718310
5.667610
5.715680
5.735590
5.688210
5.669620
5.872630
5.733350
5.614920
5.634550
5.597470
5.724130
5.608520
5.668760
5.541140
5.627820
5.603420
5.746690
5.650360
5.705340
5.579300
5.728310
5.770330
5.756170
5.755980
5.622150
5.602830
5.665530
5.586650
5.536260
5.553210
5.673550
5.659620
5.689590
5.674240
5.732780
5.674070
5.596040
5.659850
5.613680
5.613600
5.640250
5.643430
5.724450
5.715310
5.756980
5.816980
5.536220
5.647870
5.677480
5.805730
5.633080
5.744230
5.614310
5.569170
5.769850
5.675260
5.670910
5.573860
5.738810
5.697750
5.669530
5.627980
5.594800
5.635260
5.717610
5.730610
5.613360
5.676800
5.650820
5.722600
5.632810
5.561630
5.730820
5.609170
5.640820
5.676100
5.646820
5.677760
5.737220
5.640440
5.647060
5.575590
5.662130
5.746350
5.704640
5.764720
5.605610
5.677130
5.605180
5.672810
5.724250
5.610940
5.674160
5.657920
5.615450
5.778310
5.647230
5.692750
5.730560
5.676130
5.629520
5.755420
5.712160
5.584130
5.592860
5.720270
5.688090
5.522920
5.658480
5.670550
5.750180
5.518920
5.811700
5.720900
5.650160
5.756940
5.695670
5.601060
5.769670
5.694890
5.682330
5.629630
5.732550
5.690320
5.699020
5.686260
5.710380
5.555650
5.527920
5.614760
5.553940
5.584310
5.718470
5.603480
5.626140
5.682920
5.733730
5.788940
5.712760
5.691190
5.625130
5.742960
5.609630
5.637240
5.621120
5.667100
5.776680
5.498140
5.694770
5.631060
5.671650
5.822410
5.647000
5.766330
5.636340
5.647490
5.492470
5.654050
5.619840
5.698860
5.650030
5.535230
5.747820
5.627740
5.691970
5.667220
5.660400
5.630010
5.646460
5.610750
5.688620
5.611400
5.647390
5.679090
5.681960
5.683170
5.698020
5.608620
5.764180
5.648240
5.639970
5.646680
5.682860
5.636110
5.554180
5.598410
5.678790
5.666180
5.652010
5.806700
5.662180
5.577300
5.585680
5.701900
5.682480
5.721950
5.692660
5.627920
5.671390
5.617780
5.613370
5.691580
5.713780
5.494390
5.617180
5.654910
5.698420
5.747590
5.699960
5.634280
5.756010
5.619090
5.628600
5.692390
5.631400
5.582170
5.669480
5.674980
5.760740
5.590200
5.685560
5.655000
5.720020
5.671860
5.674430
5.730140
5.729850
5.604020
5.689890
5.624470
5.583280
5.652840
5.649340
5.519270
5.627700
5.613880
5.653570
5.655220
5.664810
5.846290
5.736420
5.613210
5.752470
5.642960
5.606440
5.675500
5.586790
5.635000
5.639390
5.620030
5.570580
5.524260
5.721340
5.696310
5.718460
5.617010
5.618510
5.619700
5.709810
5.755530
5.609960
5.662620
5.764970
5.730380
5.647190
5.637040
5.627690
5.542810
5.584260
5.689160
5.677910
5.580130
5.653230
5.654930
5.590510
5.622860
5.789160
5.587160
5.601670
5.629980
5.622130
5.704360
5.653150
5.599090
5.586750
5.695710
5.721490
5.750820
5.712050
5.590490
5.653260
5.645270
5.530660
5.623350
5.614400
5.629100
5.564750
5.748000
5.671770
5.660660
5.637260
5.730540
5.710700
5.563870
5.724630
5.656650
5.598560
5.629900
5.634480
5.733850
5.680450
5.603850
5.741000
5.749050
5.733260
5.624970
5.805460
5.662490
5.602780
5.758370
5.616930
5.806070
5.742770
5.566930
5.678150
5.705440
5.609580
5.637670
5.603290
5.727590
5.691200
5.645780
5.779760
5.618380
5.735530
5.629690
5.548520
5.605540
5.665770
5.576240
5.767620
5.649470
5.666440
5.652810
5.600910
5.610070
5.660090
5.686820
5.636270
5.691020
5.683460
5.546920
5.667380
5.625230
5.741660
5.656520
5.718470
5.588930
5.631380
5.561660
5.702740
5.598650
5.773090
5.732330
5.644750
5.688720
5.716090
5.603320
5.698510
5.617540
5.555280
5.549240
5.704970
5.625370
5.549240
5.618570
5.590150
5.675840
5.680960
5.711920
5.642640
5.754130
5.749560
5.613320
5.740240
5.693990
5.662180
5.636820
5.769430
5.665530
5.628690
5.802030
5.671220
5.701120
5.544310
5.690570
5.647570
5.608300
5.621090
5.674600
5.537320
5.693750
5.611560
5.570410
5.709520
5.622240
5.699250
5.629450
5.725690
5.693330
5.705690
5.630660
5.762310
5.606830
5.632750
5.602140
5.654570
5.701260
5.633070
5.654500
5.683650
5.664150
5.639840
5.764710
5.605240
5.750970
5.650570
5.434470
5.718820
5.669380
5.630630
5.583400
5.722550
5.696290
5.642730
5.720750
5.730870
5.589600
5.706050
5.684350
5.670550
5.504690
5.671080
5.668090
5.575470
5.683380
5.714110
5.717260
5.655150
5.628300
5.583720
5.573290
5.683960
5.827500
5.567210
5.674900
5.573600
5.647420
5.678780
5.719080
5.756960
5.619440
5.547040
5.627890
5.596600
5.515420
5.665790
5.629750
5.664390
5.656830
5.659950
5.639480
5.696310
5.768950
5.580880
5.566170
5.701300
5.656230
5.626820
5.641000
5.595760
5.627400
5.727650
5.554910
5.737010
5.622030
5.590120
5.621080
5.686210
5.684520
5.765650
5.625650
5.620220
5.592150
5.637650
5.645420
5.620570
5.674000
5.748670
5.672340
5.685320
5.690830
5.619800
5.662730
5.582700
5.634970
5.702250
5.717180
5.704360
5.586540
5.690470
5.731950
5.688770
5.598330
5.727400
5.737030
5.697790
5.593440
5.645070
5.650350
5.719050
5.613690
5.586970
5.554680
5.644230
5.737740
5.729640
5.661850
5.719130
5.702250
5.658630
5.569080
5.643770
5.727400
5.716380
5.706480
5.601630
5.584920
5.619970
5.649690
5.551420
5.605050
5.637700
5.727680
5.622900
5.765530
5.526180
5.617310
5.628570
5.698070
5.676010
5.718890
5.636330
5.761630
5.732000
5.663020
5.605210
5.600530
5.551210
5.575670
5.671860
5.672520
5.609780
5.755910
5.602570
5.711030
5.723660
5.660550
5.642690
5.577500
5.690090
5.618450
5.728010
5.664960
5.669780
5.631650
5.719440
5.717700
5.711270
5.586930
5.526030
5.601850
5.646330
5.652960
5.663930
5.728960
5.604200
5.677560
5.682680
5.649050
5.641050
5.774000
5.707250
5.645840
5.621910
5.605950
5.521550
5.681930
5.674270
5.700480
5.728010
5.656670
5.650210
5.637840
5.692140
5.648170
5.572360
5.719630
5.590210
5.676050
5.702380
5.725600
5.654410
5.652940
5.623740
5.736860
5.632540
5.627090
5.640260
5.566150
5.646990
5.729160
5.653250
5.696030
5.652220
5.622820
5.661810
5.688790
5.645250
5.636490
5.677980
5.607010
5.559520
5.570030
5.774000
5.769090
5.752100
5.587330
5.800690
5.844940
5.725740
5.571270
5.636970
5.772360
5.691330
5.761410
5.696760
5.546130
5.777870
5.665550
5.718500
5.548100
5.679060
5.669470
5.672520
5.592260
5.679190
5.563070
5.689470
5.709690
5.637470
5.617320
5.736490
5.702950
5.589960
5.643570
5.576470
5.583980
5.625370
5.565110
5.581970
5.721850
5.654880
5.589220
5.701120
5.776420
5.741530
5.680770
5.727550
5.674520
5.690820
5.631190
5.742130
5.599910
5.576220
5.644950
5.567870
5.697620
5.783340
5.647870
5.655290
5.680810
5.607160
5.623950
5.742370
5.672230
5.718900
5.762010
5.635860
5.783790
5.681300
5.646350
5.823740
5.626760
5.556040
5.556270
5.674100
5.653640
5.699650
5.650190
5.653950
5.668950
5.611060
5.624840
5.758380
5.670630
5.578290
5.694090
5.713080
5.648810
5.679440
5.739570
5.788170
5.640990
5.688860
5.618580
5.697250
5.617000
5.727820
5.688330
5.828960
5.659820
5.618910
5.734020
5.537060
5.628280
5.604180
5.622470
5.694390
5.669950
5.673800
5.687070
5.610390
5.719820
5.591200
5.632740
5.634890
5.677070
5.693310
5.636860
5.775590
5.511610
5.769480
5.702980
5.570640
5.606360
5.643360
5.650570
5.620470
5.641120
5.677530
5.664660
5.614740
5.623800
5.691790
5.804930
5.684430
5.729760
5.643970
5.632220
5.609240
5.657360
5.628540
5.680820
5.699500
5.644120
5.613220
5.607810
5.708930
5.667890
5.674160
5.629680
5.607610
5.724970
5.753800
5.560910
5.672470
5.688600
5.648010
5.723090
5.826080
5.662390
5.569180
5.624360
5.650290
5.721160
5.670750
5.698370
5.675200
5.573210
5.657530
5.681570
5.731870
5.640250
5.639140
5.718230
5.606180
5.661910
5.613540
5.721330
5.673990
5.620800
5.606110
5.680520
5.638190
5.654950
5.630080
5.547310
5.724170
5.642700
5.603200
5.731280
5.586250
5.618640
5.572510
5.662240
5.636680
5.657880
5.758390
5.767910
5.622840
5.639250
5.707480
5.686160
5.772870
5.691090
5.710000
5.584320
5.630620
5.633580
5.657070
5.785530
5.674630
5.643580
5.895290
5.575620
5.723420
5.679850
5.594510
5.634620
5.729170
5.565840
5.551470
5.667960
5.550890
5.774010
5.669320
5.565040
5.684850
5.636890
5.625410
5.630040
5.719320
5.662710
5.701500
5.554040
5.707590
5.594970
5.660030
5.592250
5.581620
5.604460
5.617970
5.603880
5.762070
5.654340
5.709800
5.645380
5.560120
5.618030
5.612960
5.685510
5.730790
5.741590
5.663960
5.652010
5.668760
5.673260
5.533210
5.762430
5.637100
5.680160
5.773630
5.715030
5.656730
5.634280
5.646780
5.718930
5.647250
5.669960
5.689070
5.690510
5.691620
5.632550
5.629650
5.697860
5.698190
5.660020
5.591680
5.708520
5.590430
5.688990
5.609240
5.691830
5.791660
5.669370
5.730960
5.692220
5.622330
5.662330
5.555010
5.709940
5.633050
5.627360
5.648370
5.571580
5.630400
5.652340
5.678040
5.749770
5.736630
5.697340
5.561670
5.656320
5.658290
5.620080
5.680030
5.753810
5.661810
5.692830
5.709030
5.633770
5.583100
5.643940
5.628590
5.610570
5.707600
5.577570
5.602350
5.711310
5.678050
5.692970
5.759340
5.769110
5.610790
5.651640
5.751220
5.637810
5.686970
5.579870
5.710420
5.594240
5.644860
5.659730
5.581040
5.578600
5.669500
5.644050
5.561240
5.636400
5.523640
5.773000
5.656600
5.585060
5.654780
5.706080
5.776060
5.682350
5.626090
5.593300
5.633570
5.646680
5.669040
5.668490
5.712840
5.624410
5.681290
5.725390
5.604700
5.599540
5.686960
5.845300
5.662330
5.584430
5.632060
5.605590
5.631990
5.615130
5.624180
5.559730
5.538510
5.638460
5.611640
5.610200
5.603430
5.605410
5.692720
5.549140
5.631460
5.639960
5.652290
5.519270
5.663790
5.586360
5.624370
5.720530
5.651730
5.705630
5.605780
5.651860
5.584620
5.628320
5.532570
5.566750
5.603340
5.600730
5.689490
5.611080
5.717340
5.664910
5.594790
5.681240
5.713900
5.643160
5.593440
5.656730
5.726940
5.576310
5.635220
5.742340
5.687320
5.696090
5.652990
5.800350
5.656060
5.637950
5.702350
5.694880
5.718690
5.780110
5.668310
5.689400
5.678710
5.635520
5.535250
5.661250
5.612280
5.632070
5.697430
5.642720
5.705120
5.731070
5.664270
5.584050
5.661900
5.655200
5.735350
5.707820
5.648160
5.736370
5.527460
5.626470
5.623840
5.711470
5.713410
5.638920
5.475050
5.740500
5.703850
5.650230
5.632200
5.644980
5.657970
5.743140
5.658930
5.720420
5.538490
5.738760
5.698730
5.639690
5.567360
5.685740
5.706520
5.715080
5.620730
5.602880
5.607850
5.628600
5.645280
5.799630
5.685320
5.540310
5.725600
5.601010
5.680560
5.729720
5.597100
5.729290
5.638600
5.681740
5.676150
5.682010
5.560010
5.658640
5.654800
5.614530
5.719700
5.627470
5.689480
5.666170
5.621310
5.717830
5.536070
5.617620
5.698320
5.657340
5.754000
5.638930
5.703150
5.714020
5.668490
5.561440
5.735990
5.765350
5.763390
5.640430
5.581130
5.639330
5.692860
5.727330
5.692080
5.582410
5.630380
5.582450
5.610730
5.657360
5.691480
5.647270
5.678990
5.665320
5.680350
5.608090
5.656360
5.725920
5.656670
5.569300
5.601680
5.646450
5.599920
5.641520
5.728480
5.713420
5.609840
5.708350
5.656120
5.560000
5.648370
5.614120
5.724960
5.703120
5.736730
5.602170
5.764290
5.613610
5.685330
5.698220
5.603330
5.725260
5.762960
5.669830
5.588160
5.628420
5.685940
5.664500
5.727460
5.615980
5.750070
5.649090
5.619860
5.599180
5.704550
5.741980
5.690780
5.635250
5.560430
5.613570
5.676620
5.669220
5.611040
5.648140
5.661210
5.625270
5.703550
5.721130
5.740750
5.685410
5.731280
5.664650
5.639180
5.703910
5.575240
5.682930
5.660130
5.569140
5.663770
5.657460
5.730540
5.545780
5.721230
5.650960
5.735060
5.714480
5.698230
5.663130
5.677790
5.643350
5.604040
5.597070
5.584720
5.685230
5.747290
5.631090
5.650100
5.580780
5.641750
5.717990
5.666160
5.619610
5.613590
5.711600
5.670970
5.643550
5.608650
5.614730
5.835520
5.576720
5.653490
5.771530
5.761240
5.663890
5.632790
5.716810
5.635720
5.686850
5.786170
5.602650
5.636770
5.625730
5.769070
5.736100
5.653580
5.692250
5.677980
5.747480
5.669450
5.517030
5.664950
5.599570
5.716810
5.729850
5.668150
5.664510
5.655530
5.664270
5.627020
5.700090
5.625310
5.701550
5.670570
5.597610
5.672590
5.614450
5.752060
5.741120
5.760660
5.632220
5.786680
5.728890
5.562280
5.578220
5.687500
5.630220
5.776590
5.603940
5.561000
5.635510
5.691100
5.600110
5.706700
5.589700
5.708840
5.784420
5.784050
5.618140
5.696980
5.683700
5.535330
5.599760
5.653030
5.585310
5.798610
5.693760
5.602380
5.707820
5.578780
5.637970
5.626930
5.854170
5.599970
5.661640
5.492360
5.638710
5.655920
5.623340
5.585270
5.762420
5.645560
5.593250
5.599870
5.489820
5.725400
5.639010
5.696170
5.668610
5.662600
5.685080
5.673330
5.659430
5.713710
5.580990
5.678460
5.776900
5.613050
5.535990
5.773490
5.677960
5.740630
5.707240
5.705230
5.679540
5.657180
5.645600
5.638360
5.600300
5.745550
5.583500
5.671790
5.598300
5.655950
5.655530
5.745010
5.619970
5.712560
5.662080
5.699280
5.614900
5.540580
5.651910
5.550090
5.601770
5.658560
5.631790
5.696560
5.636780
5.606020
5.667660
5.775390
5.618880
5.657090
5.653130
5.698460
5.600410
5.744670
5.597010
5.618630
5.704240
5.685150
5.757010
5.574180
5.737030
5.793200
5.653420
5.745590
5.760510
5.722550
5.653730
5.740620
5.619120
5.602050
5.607820
5.691020
5.708070
5.635510
5.609720
5.557400
5.659290
5.558450
5.755030
5.640700
5.653610
5.743260
5.564660
5.644330
5.669860
5.617170
5.585220
5.569660
5.705070
5.640620
5.808640
5.760360
5.690900
5.595030
5.680680
5.649730
5.656300
5.684030
5.516720
5.606080
5.656180
5.696480
5.698900
5.718430
5.699540
5.661360
5.662050
5.513290
5.733780
5.633470
5.720190
5.652240
5.638480
5.626950
5.709830
5.640560
5.661300
5.658790
5.549550
5.589560
5.659480
5.643510
5.555770
5.725560
5.623950
5.562590
5.670400
5.740390
5.695850
5.698100
5.663640
5.632850
5.577420
5.602930
5.693700
5.693240
5.591280
5.648480
5.750570
5.663650
5.748530
5.623200
5.713230
5.674030
5.563360
5.706400
5.649200
5.673710
5.670160
5.727940
5.632820
5.614210
5.781980
5.623030
5.704420
5.643400
5.582780
5.711680
5.595990
5.583860
5.646780
5.633040
5.671880
5.661670
5.668990
5.560980
5.597640
5.678290
5.691520
5.645450
5.655080
5.738620
5.652820
5.597590
5.694860
5.626440
5.583950
5.648810
5.703020
5.780230
5.667100
5.653180
5.606910
5.660750
5.691750
5.552810
5.643080
5.620890
5.729460
5.747850
5.644540
5.676800
5.711410
5.576210
5.781960
5.717590
5.661150
5.705060
5.506210
5.701490
5.719970
5.684880
5.674210
5.603820
5.527000
5.663100
5.750760
5.485160
5.720670
5.648290
5.606140
5.716920
5.578150
5.527110
5.671780
5.654690
5.616490
5.758000
5.664400
5.587240
5.810750
5.637390
5.576230
5.678420
5.755620
5.626410
5.689290
5.520530
5.782700
5.605860
5.693990
5.751840
5.731730
5.594050
5.720690
5.723590
5.654400
5.633060
5.781040
5.632030
5.558000
5.670300
5.692140
5.617970
5.695820
5.664600
5.604220
5.677960
5.648760
5.715520
5.629430
5.666560
5.732170
5.618670
5.673600
5.618290
5.766270
5.790310
5.645660
5.605630
5.739610
5.624660
5.716340
5.697840
5.642860
5.621960
5.608760
5.670120
5.600400
5.673830
5.624890
5.717670
5.631270
5.833720
5.667430
5.765330
5.751730
5.764580
5.669450
5.664680
5.684180
5.562610
5.586190
5.682400
5.655850
5.557100
5.674910
5.671790
5.733290
5.497340
5.690240
5.725580
5.553750
5.701940
5.656130
5.613810
5.596000
5.696310
5.724760
5.639700
5.601180
5.611050
5.692020
5.633580
5.724180
5.653710
5.525620
5.642920
5.536950
5.705770
5.545360
5.584770
5.657790
5.618590
5.657880
5.712950
5.707030
5.670610
5.850950
5.668810
5.684130
5.619990
5.734900
5.677180
5.533020
5.664540
5.583510
5.641080
5.731360
5.711080
5.729630
5.751330
5.650400
5.573880
5.712720
5.470290
5.661340
5.660250
5.559320
5.693330
5.607450
5.599130
5.637700
5.641200
5.625160
5.692810
5.542290
5.688250
5.640320
5.672970
5.662950
5.629310
5.598460
5.746110
5.586210
5.668330
5.590420
5.767180
5.619820
5.736290
5.716710
5.807150
5.589870
5.718240
5.701360
5.653960
5.685680
5.581410
5.644100
5.568100
5.715520
5.766900
5.721750
5.599680
5.702470
5.715370
5.717180
5.601630
5.628280
5.700300
5.700300
