5.694730
5.763930
5.697880
5.634970
5.715300
5.563200
5.704140
5.703110
5.630180
5.662920
5.640650
5.575450
5.613050
5.783240
5.662400
5.675110
5.658770
5.618240
5.672820
5.673620
5.695590
5.590120
5.678700
5.715720
5.556140
5.608770
5.690900
5.616420
5.691580
5.631050
5.800990
5.707330
5.648330
5.743070
5.600170
5.741780
5.545160
5.609580
5.593690
5.587500
5.634200
5.596080
5.759290
5.744260
5.550840
5.700240
5.740790
5.625810
5.642070
5.735990
5.697820
5.714780
5.663600
5.708720
5.594590
5.608690
5.823140
5.659820
5.727610
5.678270
5.731430
5.705670
5.750670
5.629110
5.618040
5.651680
5.575420
5.587020
5.670440
5.694030
5.629390
5.760400
5.774150
5.638530
5.696930
5.746400
5.555870
5.660460
5.626030
5.554070
5.619840
5.574160
5.629890
5.736460
5.700920
5.625640
5.669700
5.774840
5.550480
5.640560
5.582050
5.653480
5.633350
5.734770
5.640840
5.624420
5.627190
5.603550
5.689430
5.643510
5.712110
5.655180
5.679320
5.610950
5.735070
5.731660
5.641790
5.612380
5.584010
5.579340
5.661580
5.692520
5.663470
5.697630
5.639030
5.616960
5.625430
5.671970
5.653720
5.701450
5.589170
5.639860
5.688710
5.684510
5.675300
5.725730
5.469450
5.675340
5.612520
5.658380
5.680430
5.896170
5.718850
5.748400
5.629240
5.655350
5.685440
5.677170
5.646250
5.733960
5.509290
5.502520
5.808630
5.661250
5.623880
5.630130
5.609600
5.667940
5.617420
5.663890
5.527710
5.659770
5.615660
5.738040
5.733630
5.618550
5.582360
5.552180
5.780990
5.632060
5.613980
5.736910
5.609790
5.645680
5.602610
5.590570
5.687980
5.686580
5.729200
5.648000
5.566030
5.623950
5.550310
5.627900
5.616790
5.699210
5.632590
5.683250
5.655980
5.744350
5.719520
5.644400
5.676370
5.811600
5.599720
5.710440
5.657720
5.659690
5.705260
5.587250
5.739070
5.716890
5.798160
5.679930
5.739900
5.663930
5.694150
5.684570
5.697190
5.672880
5.742060
5.722800
5.642800
5.752320
5.672560
5.671800
5.601770
5.681130
5.548610
5.668090
5.545770
5.636220
5.572580
5.695160
5.630690
5.659260
5.652130
5.540350
5.576700
5.612470
5.553940
5.686800
5.571880
5.775920
5.715790
5.695070
5.694950
5.693810
5.625120
5.673690
5.694950
5.690010
5.689550
5.678700
5.706710
5.585370
5.637900
5.660090
5.774210
5.777680
5.679440
5.578150
5.620200
5.553920
5.728990
5.640130
5.758730
5.707770
5.611540
5.601240
5.619650
5.713390
5.587320
5.698740
5.587670
5.660070
5.658660
5.733710
5.549810
5.641870
5.562160
5.724000
5.546470
5.623210
5.603220
5.709230
5.639670
5.635490
5.788330
5.726100
5.626800
5.651290
5.561970
5.559880
5.710380
5.671540
5.701950
5.664280
5.648470
5.669260
5.630810
5.663580
5.759850
5.672320
5.675750
5.619960
5.520370
5.558880
5.644000
5.619610
5.705660
5.620210
5.788340
5.560340
5.608710
5.564830
5.680790
5.657250
5.657140
5.618140
5.688360
5.725370
5.621830
5.627140
5.576930
5.712010
5.739680
5.629720
5.610850
5.675870
5.749810
5.632410
5.709110
5.687150
5.595920
5.595040
5.650520
5.612270
5.735050
5.686580
5.586870
5.664560
5.550070
5.562970
5.542870
5.667750
5.684900
5.700380
5.706220
5.512430
5.628840
5.710110
5.906460
5.661670
5.612010
5.789630
5.732240
5.589040
5.690320
5.767480
5.659940
5.676200
5.635120
5.565700
5.675220
5.683700
5.607450
5.577500
5.747800
5.699420
5.640550
5.570660
5.617680
5.663460
5.625870
5.597400
5.585690
5.662690
5.622230
5.680160
5.612510
5.700500
5.627450
5.634480
5.674440
5.631550
5.824610
5.739150
5.690820
5.700450
5.568750
5.683960
5.590270
5.575590
5.711470
5.631210
5.747500
5.714700
5.644950
5.725330
5.632040
5.686890
5.619500
5.646830
5.701830
5.651010
5.614180
5.710640
5.653160
5.600430
5.645090
5.643760
5.681170
5.674910
5.614850
5.604620
5.675950
5.679400
5.671600
5.680020
5.586730
5.733760
5.640020
5.664820
5.625420
5.534390
5.760470
5.713240
5.721590
5.594070
5.702260
5.664430
5.676260
5.542920
5.674980
5.633790
5.666920
5.657650
5.591120
5.721550
5.587860
5.804580
5.603280
5.763650
5.703810
5.694550
5.687560
5.780340
5.719440
5.562820
5.735550
5.641310
5.719310
5.611090
5.651870
5.705780
5.600730
5.730540
5.607970
5.684290
5.590420
5.735560
5.516850
5.665370
5.503640
5.716920
5.626750
5.558870
5.683410
5.599620
5.669570
5.643330
5.613480
5.641450
5.658740
5.647090
5.542590
5.687220
5.744360
5.577150
5.632240
5.586670
5.728870
5.640460
5.626450
5.606700
5.668860
5.604270
5.669540
5.690570
5.584910
5.696380
5.724530
5.680180
5.587250
5.645540
5.683770
5.662240
5.704940
5.663650
5.866990
5.630020
5.579620
5.677060
5.698740
5.644730
5.684550
5.665320
5.568470
5.657470
5.720980
5.720350
5.640360
5.667520
5.713010
5.547560
5.788520
5.704300
5.621030
5.703910
5.492310
5.688700
5.624330
5.600980
5.699940
5.706150
5.623770
5.673390
5.710080
5.634080
5.672630
5.749300
5.761290
5.679940
5.687480
5.657360
5.629020
5.694260
5.659550
5.697020
5.693170
5.676920
5.626530
5.710710
5.616710
5.607120
5.620870
5.633180
5.646170
5.561480
5.767920
5.656540
5.648680
5.674330
5.615840
5.558720
5.535100
5.665750
5.765370
5.597830
5.635820
5.680050
5.637920
5.679190
5.650720
5.597690
5.599210
5.609760
5.734220
5.566380
5.666490
5.526790
5.630790
5.703970
5.564800
5.642010
5.638600
5.714990
5.608520
5.574180
5.637870
5.574130
5.644960
5.586980
5.664740
5.720360
5.707270
5.678140
5.637950
5.618980
5.799630
5.687120
5.714350
5.666420
5.716050
5.729610
5.705700
5.641940
5.662570
5.737480
5.678240
5.602660
5.811340
5.688210
5.652230
5.597520
5.585850
5.593080
5.722180
5.565280
5.758510
5.594220
5.708990
5.652130
5.649280
5.688650
5.696590
5.635990
5.529050
5.689000
5.623070
5.616120
5.695840
5.654500
5.662550
5.688600
5.616290
5.747820
5.720360
5.614340
5.645390
5.710050
5.659340
5.700140
5.641740
5.804530
5.720510
5.586160
5.702840
5.766580
5.600850
5.646350
5.650070
5.617440
5.666360
5.646050
5.701220
5.658380
5.548810
5.624580
5.672290
5.664120
5.799100
5.695200
5.633560
5.777150
5.627500
5.586850
5.627950
5.589160
5.773760
5.686820
5.575130
5.710840
5.684640
5.598010
5.630080
5.650020
5.626720
5.505620
5.569310
5.705440
5.748790
5.620960
5.670730
5.771040
5.667980
5.626060
5.612330
5.686370
5.699400
5.730230
5.585420
5.685710
5.620190
5.764350
5.630900
5.562840
5.691750
5.713580
5.646680
5.687200
5.674080
5.610210
5.589710
5.588410
5.639750
5.704590
5.617970
5.781410
5.686570
5.690240
5.661530
5.609300
5.560780
5.674420
5.640060
5.576280
5.560000
5.694690
5.737680
5.716100
5.633670
5.621380
5.606450
5.575490
5.679450
5.582300
5.607090
5.724470
5.671290
5.734420
5.767370
5.636730
5.723980
5.653420
5.582490
5.679350
5.750160
5.836440
5.678310
5.554580
5.637020
5.629930
5.616000
5.554000
5.670570
5.595420
5.714000
5.585820
5.470790
5.634830
5.597780
5.756060
5.638510
5.593350
5.688950
5.821630
5.743140
5.715500
5.646690
5.720510
5.632460
5.690150
5.612010
5.560670
5.730100
5.640480
5.750850
5.625500
5.590290
5.666210
5.528630
5.593960
5.701940
5.655010
5.754570
5.618580
5.603890
5.469790
5.637470
5.674150
5.600340
5.698360
5.664230
5.684670
5.703340
5.699700
5.686990
5.748690
5.659880
5.579600
5.695840
5.584100
5.516970
5.622640
5.589000
5.715490
5.634620
5.707620
5.710060
5.661030
5.692970
5.671660
5.715990
5.624980
5.651450
5.716280
5.663860
5.687310
5.718280
5.616990
5.726120
5.652130
5.614470
5.649200
5.605570
5.618670
5.695360
5.805120
5.684720
5.574170
5.675500
5.698450
5.629400
5.712640
5.676050
5.624550
5.522260
5.738680
5.648050
5.678830
5.653970
5.583170
5.643850
5.639720
5.710600
5.644150
5.785100
5.601740
5.717110
5.656350
5.634900
5.684080
5.747420
5.577900
5.677780
5.515580
5.730920
5.669930
5.695660
5.685410
5.702630
5.672030
5.573020
5.790250
5.692010
5.699040
5.735790
5.673420
5.680160
5.802680
5.604620
5.616450
5.707760
5.610060
5.578780
5.715650
5.707090
5.695340
5.584030
5.523900
5.698650
5.622010
5.557130
5.698770
5.683710
5.729590
5.662860
5.633260
5.725820
5.721820
5.773880
5.702860
5.664100
5.686370
5.629520
5.578900
5.568820
5.505750
5.646630
5.665110
5.726910
5.728860
5.648740
5.613580
5.611390
5.716540
5.683510
5.674250
5.665560
5.607890
5.675670
5.765080
5.602400
5.678830
5.723170
5.516720
5.745540
5.632730
5.603640
5.665400
5.697990
5.774940
5.665500
5.555120
5.609720
5.702600
5.504340
5.543100
5.625650
5.616000
5.717080
5.702720
5.744800
5.595650
5.653690
5.636900
5.703600
5.756230
5.776990
5.668280
5.526750
5.684420
5.678210
5.794110
5.567930
5.674950
5.537940
5.694370
5.560950
5.705490
5.597550
5.701940
5.597710
5.597400
5.661770
5.737550
5.758400
5.702980
5.663190
5.476110
5.655730
5.585530
5.694550
5.590990
5.736240
5.567230
5.584890
5.699950
5.735470
5.616220
5.729100
5.685980
5.612280
5.575300
5.722300
5.737930
5.724620
5.648200
5.631220
5.766800
5.699440
5.703770
5.665960
5.733950
5.653260
5.677130
5.719790
5.640730
5.625630
5.653900
5.710140
5.702560
5.618820
5.690370
5.801470
5.679470
5.740880
5.717730
5.737620
5.710550
5.566010
5.635420
5.676880
5.666380
5.691090
5.682130
5.566070
5.655470
5.679930
5.730810
5.594820
5.659820
5.657100
5.709810
5.665300
5.663870
5.611960
5.668470
5.701800
5.627660
5.677650
5.654840
5.641700
5.727650
5.615970
5.643080
5.673470
5.639590
5.704860
5.739380
5.580000
5.749750
5.616420
5.719630
5.680740
5.580690
5.705450
5.711510
5.613090
5.682710
5.636490
5.673420
5.635620
5.586060
5.735940
5.576240
5.664760
5.748230
5.704410
5.643740
5.699310
5.681410
5.598100
5.737460
5.715560
5.733650
5.811040
5.541270
5.777930
5.576730
5.659160
5.678380
5.577100
5.637710
5.770330
5.624890
5.550460
5.650610
5.685630
5.716390
5.685450
5.663240
5.643460
5.682850
5.574510
5.646740
5.665450
5.662550
5.743370
5.659430
5.722920
5.853480
5.753640
5.751460
5.642780
5.550220
5.684760
5.652010
5.623350
5.657630
5.616870
5.630330
5.652290
5.776870
5.628280
5.799880
5.689350
5.649110
5.616700
5.581180
5.784170
5.615480
5.677570
5.600310
5.606630
5.659400
5.724190
5.567780
5.753680
5.683580
5.670690
5.643230
5.648590
5.723590
5.604880
5.681070
5.469320
5.679220
5.641860
5.780110
5.607680
5.754450
5.687360
5.639440
5.685500
5.597110
5.567830
5.725340
5.724740
5.615250
5.521190
5.667290
5.686830
5.712090
5.668990
5.758610
5.695130
5.682670
5.589960
5.609850
5.651490
5.549230
5.643950
5.498140
5.613980
5.681160
5.628520
5.661530
5.642690
5.785360
5.753260
5.581050
5.560910
5.660240
5.633640
5.652160
5.626950
5.673050
5.571540
5.760450
5.757300
5.540120
5.724300
5.529430
5.671860
5.590500
5.646940
5.626130
5.649180
5.590280
5.620640
5.697840
5.685040
5.630810
5.637050
5.630980
5.703980
5.617790
5.622110
5.706420
5.650440
5.571260
5.767920
5.658470
5.690810
5.620320
5.719880
5.638620
5.663130
5.614470
5.737060
5.794370
5.629580
5.694720
5.628780
5.644190
5.622870
5.736130
5.695580
5.685280
5.614580
5.667980
5.670860
5.719140
5.691500
5.775330
5.722130
5.724940
5.602560
5.730370
5.715300
5.686430
5.516490
5.615710
5.602490
5.636590
5.615410
5.763740
5.528730
5.716300
5.736090
5.672800
5.507710
5.714320
5.735750
5.661700
5.719820
5.721640
5.658090
5.653500
5.698430
5.675070
5.646640
5.615540
5.638320
5.650290
5.620020
5.600360
5.690780
5.623760
5.632510
5.616440
5.641380
5.710090
5.539370
5.750060
5.624500
5.675470
5.626590
5.676950
5.621550
5.718680
5.644070
5.607010
5.628780
5.737810
5.763510
5.631740
5.651570
5.648260
5.778840
5.589650
5.636460
5.675140
5.719360
5.643530
5.626330
5.756640
5.777500
5.625500
5.654020
5.632880
5.630760
5.689400
5.733660
5.673780
5.620320
5.648840
5.697200
5.727560
5.687070
5.663440
5.703560
5.782640
5.688030
5.676550
5.663000
5.585960
5.718600
5.698390
5.697920
5.684500
5.644830
5.693870
5.655000
5.643060
5.664150
5.661780
5.675790
5.622440
5.661700
5.689750
5.683000
5.694470
5.733930
5.647480
5.634840
5.641080
5.615610
5.734770
5.651940
5.716750
5.625470
5.669710
5.642150
5.675910
5.643840
5.606710
5.643510
5.600140
5.621830
5.661740
5.721950
5.767670
5.638570
5.623280
5.663070
5.654430
5.728850
5.596290
5.698030
5.496510
5.559120
5.671850
5.651920
5.604480
5.625380
5.768660
5.643220
5.653900
5.700080
5.642150
5.763840
5.625420
5.676480
5.635410
5.677930
5.676260
5.600420
5.727660
5.689960
5.629910
5.659780
5.623370
5.673300
5.756560
5.674780
5.640510
5.638090
5.635700
5.718960
5.634290
5.712270
5.730490
5.640850
5.692220
5.664780
5.722990
5.637700
5.651480
5.748260
5.707090
5.728930
5.647130
5.733840
5.714570
5.615650
5.558260
5.636590
5.652680
5.683730
5.622120
5.716060
5.664810
5.577500
5.748510
5.675400
5.735970
5.628870
5.622050
5.716670
5.627240
5.666520
5.700280
5.448550
5.710930
5.688810
5.691840
5.586450
5.685150
5.659510
5.603480
5.561460
5.589850
5.655410
5.641630
5.727680
5.611470
5.711810
5.661360
5.608810
5.734240
5.631160
5.736720
5.677190
5.666200
5.609000
5.690590
5.610610
5.670260
5.592150
5.604480
5.632880
5.628440
5.569070
5.625970
5.653200
5.660140
5.724770
5.479910
5.615010
5.551730
5.535270
5.655230
5.639310
5.574520
5.758330
5.603140
5.625280
5.667450
5.689850
5.680570
5.618770
5.633310
5.647530
5.662380
5.656500
5.543670
5.652270
5.788590
5.685430
5.675100
5.833610
5.650250
5.593950
5.710390
5.607230
5.629470
5.760530
5.669750
5.631300
5.661680
5.647250
5.671410
5.612910
5.715780
5.726690
5.712010
5.602380
5.620890
5.739040
5.700860
5.716720
5.649410
5.606810
5.750840
5.643750
5.679980
5.680620
5.587440
5.693610
5.688510
5.655400
5.742840
5.666980
5.691320
5.782120
5.643670
5.797020
5.626050
5.683910
5.701600
5.726170
5.592100
5.804510
5.573210
5.570890
5.706510
5.671190
5.496690
5.685630
5.639880
5.784540
5.614770
5.626320
5.634700
5.681100
5.673340
5.667540
5.658430
5.598380
5.674440
5.656920
5.668440
5.656470
5.662800
5.574020
5.617210
5.682460
5.724440
5.734610
5.719610
5.778740
5.737740
5.626630
5.636720
5.595090
5.722370
5.636170
5.616480
5.677400
5.609980
5.729240
5.725030
5.625460
5.622760
5.721950
5.526480
5.569170
5.727840
5.694530
5.551130
5.600400
5.645490
5.613640
5.680960
5.640450
5.745490
5.721860
5.610530
5.696180
5.541890
5.622010
5.654260
5.672110
5.703350
5.722060
5.628970
5.764250
5.890020
5.562230
5.658040
5.669510
5.628830
5.658140
5.600730
5.411110
5.755530
5.689150
5.715390
5.691490
5.663180
5.568000
5.593710
5.631970
5.609400
5.573250
5.678770
5.660210
5.670310
5.605300
5.577730
5.546820
5.557380
5.615330
5.733660
5.682340
5.586190
5.644980
5.506400
5.622130
5.654320
5.602020
5.663000
5.591100
5.717780
5.640040
5.737770
5.636570
5.607810
5.691480
5.629570
5.629610
5.688250
5.699650
5.693440
5.631060
5.629350
5.677700
5.614790
5.645650
5.701090
5.663390
5.729590
5.606130
5.628510
5.624040
5.647180
5.510790
5.678620
5.702260
5.659930
5.596390
5.688270
5.592920
5.709660
5.655730
5.633560
5.580860
5.633700
5.651320
5.683150
5.631600
5.765580
5.650830
5.651600
5.674590
5.644640
5.630740
5.504290
5.761850
5.708620
5.644780
5.709290
5.600570
5.542140
5.659100
5.592220
5.670010
5.664280
5.647370
5.662900
5.642150
5.623740
5.617310
5.609790
5.579530
5.721320
5.582260
5.816050
5.594470
5.551650
5.705280
5.627290
5.626120
5.512990
5.723990
5.728580
5.508490
5.582630
5.679900
5.576960
5.639390
5.583360
5.692220
5.780850
5.744400
5.659000
5.702150
5.651090
5.597380
5.605790
5.676400
5.769350
5.731540
5.634850
5.632560
5.711040
5.648020
5.679040
5.811380
5.567760
5.628040
5.638330
5.653410
5.652200
5.562830
5.650190
5.617870
5.750410
5.724470
5.665710
5.697020
5.742940
5.678410
5.533800
5.698520
5.570400
5.681840
5.618680
5.644430
5.584750
5.588550
5.705570
5.621560
5.609420
5.755810
5.647050
5.643320
5.692100
5.675200
5.738320
5.723780
5.699250
5.721320
5.545020
5.695180
5.650830
5.646120
5.536440
5.714360
5.557420
5.686820
5.727930
5.562640
5.683690
5.648900
5.753330
5.599580
5.709190
5.653090
5.689550
5.652180
5.663200
5.656520
5.707780
5.612080
5.727290
5.671770
5.705210
5.684940
5.610170
5.601310
5.828700
5.733680
5.559050
5.627420
5.726070
5.600120
5.600220
5.799670
5.683610
5.657780
5.595530
5.744360
5.718810
5.666230
5.564340
5.621860
5.657450
5.631390
5.701740
5.634040
5.567100
5.656090
5.720320
5.719290
5.757030
5.620760
5.726720
5.713320
5.666250
5.677720
5.641390
5.638240
5.631000
5.712260
5.593600
5.652330
5.591470
5.684140
5.701320
5.678370
5.691220
5.539480
5.600000
5.628910
5.832920
5.663690
5.689020
5.581380
5.754160
5.632280
5.648780
5.766390
5.597460
5.611070
5.619010
5.645860
5.678480
5.651420
5.627720
5.640960
5.605290
5.639960
5.594960
5.636210
5.673930
5.707360
5.571390
5.665470
5.626470
5.649710
5.596260
5.668180
5.673280
5.716890
5.659410
5.582330
5.599390
5.777320
5.656050
5.551550
5.678910
5.630400
5.712140
5.809420
5.635320
5.678930
5.737560
5.588860
5.685820
5.672510
5.713790
5.572140
5.706680
5.755800
5.696390
5.593270
5.650030
5.576290
5.671200
5.652470
5.613570
5.586630
5.689070
5.664650
5.425860
5.727430
5.678520
5.698620
5.736980
5.586380
5.717660
5.733660
5.704570
5.628200
5.661550
5.679370
5.663210
5.734120
5.652890
5.684870
5.681820
5.678670
5.529640
5.766500
5.606350
5.719540
5.686230
5.533740
5.660650
5.681910
5.690040
5.637890
5.582650
5.637490
5.758780
5.677550
5.700060
5.651160
5.649680
5.602270
5.557860
5.706600
5.711260
5.562580
5.689960
5.709560
5.670050
5.704760
5.648400
5.678520
5.692330
5.714420
5.769640
5.734250
5.697550
5.726080
5.680320
5.656360
5.627190
5.705200
5.631510
5.708850
5.686890
5.592630
5.631050
5.600100
5.616610
5.580570
5.737020
5.776110
5.646460
5.736230
5.570960
5.622960
5.664030
5.545780
5.736600
5.593080
5.645470
5.574280
5.676310
5.689320
5.605870
5.741240
5.641530
5.784850
5.561670
5.498810
5.550610
5.645330
5.600690
5.704660
5.672150
5.793890
5.720620
5.754250
5.633400
5.602650
5.669100
5.694360
5.686540
5.655070
5.551520
5.600920
5.656800
5.643420
5.565400
5.737680
5.647550
5.724000
5.661050
5.779310
5.723930
5.695180
5.661960
5.665770
5.603500
5.703680
5.575510
5.586360
5.606180
5.649210
5.673310
5.700140
5.614640
5.695360
5.710730
5.654850
5.666500
5.741120
5.681240
5.697680
5.694730
5.665940
5.738630
5.641910
5.711200
5.650500
5.649040
5.589180
5.587970
5.507800
5.576440
5.642730
5.652670
5.620450
5.611280
5.665870
5.638220
5.731050
5.632790
5.588160
5.630570
5.709280
5.714240
5.667170
5.621230
5.718420
5.759100
5.636120
5.724080
5.726360
5.635720
5.610090
5.602560
5.747660
5.623670
5.665500
5.648410
5.652000
5.743840
5.562340
5.558950
5.530220
5.622240
5.676330
5.603990
5.767860
5.751130
5.749240
5.701160
5.552390
5.638620
5.798010
5.634200
5.671830
5.598420
5.803090
5.514410
5.623650
5.702470
5.615060
5.594530
5.761190
5.718640
5.665330
5.735090
5.615570
5.564640
5.758890
5.634610
5.547610
5.723210
5.696310
5.704960
5.713570
5.650070
5.677530
5.629850
5.632790
5.691300
5.632590
5.635400
5.748300
5.623100
5.633460
5.684500
5.711030
5.655380
5.728380
5.639400
5.653410
5.623310
5.626670
5.630560
5.627400
5.600160
5.604530
5.654180
5.623840
5.686460
5.552060
5.710280
5.618010
5.640880
5.648090
5.624750
5.709280
5.707730
5.666350
5.668510
5.600250
5.597320
5.620620
5.628780
5.667390
5.697570
5.770640
5.563000
5.662830
5.712090
5.736730
5.657090
5.726900
5.661850
5.724680
5.798830
5.677450
5.754620
5.561330
5.572270
5.538690
5.764220
5.679230
5.669400
5.717950
5.626620
5.634390
5.610190
5.557760
5.664260
5.603730
5.644720
5.695210
5.594330
5.697550
5.759140
5.614210
5.655000
5.675420
5.588650
5.574730
5.605910
5.546530
5.727790
5.599350
5.681280
5.668780
5.693920
5.551490
5.675480
5.550640
5.849660
5.697740
5.695760
5.558280
5.740130
5.638800
5.647810
5.557480
5.657310
5.668710
5.704180
5.631320
5.624730
5.519380
5.651420
5.667020
5.677450
5.602270
5.662170
5.753520
5.677040
5.560640
5.640310
5.584010
5.632680
5.652080
5.662770
5.701510
5.711880
5.645420
5.557690
5.612990
5.739360
5.592470
5.546810
5.609570
5.685400
5.727140
5.660720
5.697980
5.581340
5.554980
5.687470
5.632330
5.627730
5.639410
5.620620
5.774390
5.731270
5.554600
5.733810
5.666230
5.671260
5.680640
5.783460
5.620050
5.668400
5.686690
5.720200
5.667130
5.569030
5.625620
5.753640
5.606320
5.627240
5.632970
5.677130
5.718490
5.596100
5.652590
5.648290
5.668180
5.602400
5.609810
5.607720
5.789760
5.594040
5.791370
5.617450
5.732430
5.571370
5.590740
5.641280
5.690110
5.674700
5.591680
5.678130
5.654670
5.731370
5.616910
5.658090
5.625750
5.610800
5.758630
5.775540
5.616140
5.688070
5.680790
5.712230
5.605170
5.659280
5.720850
5.667260
5.653170
5.659090
5.720620
5.652850
5.729900
5.673090
5.603560
5.560790
5.668100
5.710050
5.672860
5.576460
5.673920
5.614240
5.626260
5.698540
5.597200
5.647770
5.645140
5.659210
5.662480
5.625100
5.641180
5.560920
5.780020
5.663410
5.723710
5.662430
5.484130
5.696530
5.628990
5.654390
5.726540
5.737190
5.608360
5.716020
5.648270
5.751220
5.524800
5.614650
5.575850
5.523190
5.774300
5.712900
5.663830
5.683300
5.661400
5.713680
5.624850
5.688180
5.543740
5.655800
5.616980
5.744220
5.685780
5.638540
5.631070
5.572080
5.690020
5.658770
5.745190
5.608400
5.726680
5.638150
5.699930
5.606010
5.621410
5.616280
5.645160
5.686940
5.677620
5.685790
5.609460
5.586380
5.632350
5.669460
5.680370
5.598100
5.671290
5.675590
5.520960
5.574480
5.659960
5.583390
5.606910
5.620960
5.612130
5.634870
5.643120
5.563130
5.680410
5.724820
5.712980
5.777750
5.565930
5.583020
5.729040
5.743240
5.669960
5.676500
5.735130
5.723750
5.612220
5.652650
5.596700
5.699990
5.602880
5.736360
5.688460
5.712900
5.695010
5.548420
5.577660
5.768660
5.745940
5.667020
5.675540
5.620810
5.626190
5.730930
5.697750
5.619290
5.670820
5.681490
5.662200
5.639590
5.682580
5.749300
5.613940
5.680200
5.601830
5.605780
5.645900
5.706200
5.642240
5.693790
5.636750
5.648890
5.586520
5.681760
5.719410
5.551990
5.582490
5.721040
5.689070
5.662960
5.679240
5.769650
5.614780
5.629890
5.704950
5.723270
5.523930
5.707210
5.680410
5.708880
5.663480
5.731890
5.646310
5.623870
5.711510
5.744220
5.652640
5.605700
5.631730
5.569060
5.566130
5.577860
5.670970
5.703170
5.540960
5.705740
5.657470
5.665330
5.674090
5.641830
5.843410
5.555160
5.669440
5.624240
5.671730
5.640230
5.789760
5.553870
5.637150
5.632620
5.669470
5.683640
5.798330
5.540130
5.708120
5.754490
5.663530
5.682510
5.537730
5.596540
5.574030
5.613600
5.682040
5.692640
5.614930
5.604960
5.713580
5.603550
5.689360
5.703680
5.654410
5.603430
5.646620
5.561820
5.709080
5.739680
5.791260
5.750600
5.700040
5.639350
5.686340
5.633030
5.596020
5.669470
5.574360
5.645230
5.620750
5.575070
5.603570
5.704020
5.753060
5.613340
5.677090
5.633790
5.728310
5.716450
5.529440
5.703070
5.602210
5.630930
5.781180
5.709250
5.791060
5.655890
5.719480
5.530620
5.689390
5.632450
5.723500
5.714380
5.661580
5.599590
5.600350
5.717790
5.683700
5.726190
5.524450
5.687540
5.627410
5.717360
5.699510
5.656420
5.675240
5.719020
5.787200
5.706980
5.757110
5.694140
5.602370
5.585070
5.692090
5.753490
5.583010
5.634810
5.649120
5.675610
5.610380
5.631980
5.572890
5.737850
5.501390
5.654290
5.605640
5.657950
5.683540
5.655910
5.754910
5.623000
5.670740
5.705220
5.564420
5.666250
5.610310
5.702720
5.707540
5.742360
5.675740
5.694940
5.612180
5.603960
5.626940
5.663170
5.678420
5.711660
5.624170
5.764380
5.663670
5.674130
5.648770
5.661740
5.641710
5.593770
5.604470
5.622170
5.696810
5.710890
5.644510
5.658090
5.646220
5.616820
5.623760
5.631270
5.781610
5.600520
5.568450
5.610820
5.585620
5.610850
5.643430
5.706890
5.578570
5.713660
5.712240
5.747150
5.677870
5.686400
5.702730
5.670640
5.580910
5.666760
5.745330
5.721580
5.814190
5.560140
5.631990
5.620820
5.593820
5.661110
5.665180
5.690270
5.653300
5.634810
5.646910
5.610590
5.601720
5.680750
5.752430
5.745160
5.681450
5.667560
5.699410
5.711300
5.553690
5.655270
5.617740
5.628450
5.646360
5.680410
5.585850
5.700120
5.705900
5.668080
5.594860
5.803110
5.598910
5.745120
5.601320
5.668990
5.606570
5.684410
5.647370
5.607100
5.605770
5.602290
5.613660
5.765030
5.765010
5.576210
5.782000
5.540470
5.633470
5.606970
5.604410
5.587250
5.693190
5.617470
5.606680
5.620550
5.772290
5.641070
5.666910
5.565470
5.639840
5.779670
5.516660
5.711140
5.812880
5.603790
5.619050
5.606050
5.680590
5.642390
5.621430
5.732460
5.741550
5.562460
5.611130
5.704700
5.684780
5.672170
5.683400
5.559960
5.575720
5.693700
5.755840
5.639520
5.586720
5.559620
5.684750
5.757800
5.679280
5.634860
5.527080
5.654270
5.678040
5.595310
5.643720
5.640860
5.716880
5.613370
5.655960
5.668550
5.581160
5.686000
5.692300
5.697080
5.634750
5.685760
5.724690
5.640170
5.660000
5.638000
5.692430
5.660280
5.678130
5.607090
5.720780
5.711920
5.654070
5.629110
5.586610
5.604410
5.702050
5.652710
5.628920
5.602920
5.667250
5.659890
5.730410
5.694080
5.713680
5.573160
5.600660
5.604410
5.784020
5.579600
5.620260
5.759680
5.703070
5.630770
5.724680
5.725060
5.749240
5.634210
5.647910
5.595450
5.716680
5.713570
5.573980
5.655600
5.737820
5.546750
5.813460
5.728930
5.586750
5.685730
5.716740
5.581950
5.651130
5.684610
5.585590
5.595140
5.593340
5.591170
5.622430
5.671920
5.682500
5.683820
5.631200
5.574460
5.597680
5.705820
5.584460
5.696960
5.655480
5.682450
5.606210
5.718520
5.630650
5.585880
5.469730
5.600450
5.608120
5.602610
5.576320
5.659450
5.722930
5.636070
5.695530
5.731670
5.634470
5.659380
5.752650
5.663520
5.628810
5.731220
5.659670
5.656380
5.567180
5.685160
5.647610
5.586280
5.675730
5.652700
5.676820
5.776870
5.614350
5.735510
5.675900
5.644250
5.569510
5.671580
5.622280
5.597190
5.661440
5.692090
5.862610
5.590330
5.585740
5.697020
5.756480
5.722000
5.649540
5.752740
5.754950
5.753760
5.575450
5.667490
5.765120
5.637120
5.684080
5.685050
5.816530
5.568990
5.672780
5.651190
5.682720
5.640500
5.627150
5.762830
5.671060
5.662610
5.598910
5.661390
5.706170
5.636980
5.704720
5.636520
5.601250
5.673420
5.691140
5.591380
5.637700
5.654770
5.718820
5.567850
5.586260
5.866110
5.667270
5.582290
5.657780
5.629740
5.690460
5.670990
5.556660
5.613120
5.648810
5.654640
5.651020
5.787500
5.748340
5.617540
5.635030
5.629150
5.640680
5.635220
5.604450
5.757780
5.665120
5.635120
5.635930
5.586820
5.718980
5.657370
5.701230
5.624220
5.630550
5.746780
5.681380
5.706120
5.662820
5.598500
5.660610
5.671670
5.648420
5.734810
5.571550
5.675940
5.594300
5.610560
5.639290
5.617120
5.579240
5.640370
5.703000
5.644580
5.686110
5.491660
5.596100
5.612500
5.674490
5.647120
5.713030
5.633770
5.862870
5.635270
5.771600
5.723740
5.720460
5.848690
5.599310
5.625320
5.609840
5.560890
5.808540
5.687280
5.592410
5.627890
5.489990
5.685850
5.603160
5.720800
5.781380
5.771660
5.706130
5.603690
5.656900
5.620230
5.644540
5.611880
5.650770
5.728420
5.713910
5.737620
5.642750
5.662250
5.692580
5.677100
5.587050
5.627310
5.730370
5.646170
5.604610
5.666350
5.730870
5.552870
5.625910
5.640430
5.744660
5.600340
5.573810
5.758700
5.718730
5.721600
5.579930
5.723450
5.728790
5.640890
5.653260
5.755780
5.641990
5.532580
5.678030
5.651490
5.585920
5.722500
5.704760
5.748310
5.663420
5.686670
5.700090
5.711500
5.710250
5.631560
5.602250
5.812460
5.739210
5.678410
5.765360
5.692110
5.573620
5.672450
5.593020
5.652110
5.691800
5.790860
5.743130
5.646860
5.637070
5.671960
5.668440
5.659080
5.562210
5.761380
5.693190
5.599360
5.667560
5.684920
5.651310
5.583580
5.547130
5.719290
5.572500
5.603440
5.622110
5.677680
5.569610
5.586750
5.645100
5.562840
5.788090
5.670140
5.697060
5.789330
5.660090
5.690860
5.606270
5.643750
5.707970
5.659000
5.628380
5.604140
5.737950
5.586750
5.675310
5.668640
5.680900
5.631870
5.581160
5.745300
5.472540
5.649910
5.598820
5.676600
5.715990
5.629440
5.695280
5.788140
5.635790
5.696020
5.647780
5.630570
5.518940
5.596440
5.589040
5.654910
5.645450
5.633830
5.658520
5.618710
5.653410
5.651080
5.685270
5.591530
5.669430
5.686890
5.727470
5.667900
5.649340
5.530690
5.561630
5.647900
5.579280
5.650080
5.640720
5.572820
5.646950
5.747400
5.673030
5.643680
5.624710
5.699020
5.668200
5.650370
5.654330
5.669670
5.675860
5.559950
5.659920
5.751530
5.706070
5.678840
5.760160
5.640850
5.590700
5.573270
5.615930
5.646080
5.601960
5.732690
5.683980
5.743080
5.637540
5.771570
5.722800
5.581000
5.627390
5.748980
5.767910
5.550760
5.694630
5.552930
5.654790
5.690910
5.479810
5.719010
5.579850
5.629790
5.693220
5.788370
5.698080
5.633140
5.622590
5.578500
5.692500
5.795350
5.653210
5.535360
5.562320
5.640410
5.702300
5.694730
5.611730
5.611380
5.671960
5.651520
5.559680
5.656930
5.615440
5.598570
5.682340
5.692430
5.651120
5.625490
5.613450
5.694320
5.570940
5.558250
5.677930
5.676960
5.634320
5.763960
5.683970
5.784630
5.602260
5.722300
5.625940
5.669870
5.575690
5.657290
5.626130
5.664400
5.596170
5.736760
5.727290
5.755630
5.654820
5.618200
5.506500
5.801310
5.554540
5.626270
5.674290
5.636120
5.619150
5.727540
5.658740
5.603080
5.689000
5.678440
5.703390
5.638570
5.658870
5.600630
5.568600
5.702470
5.613870
5.663280
5.696830
5.673750
5.708830
5.533450
5.698610
5.565400
5.675550
5.687930
5.609860
5.624280
5.631890
5.623250
5.673680
5.618300
5.605440
5.704800
5.685610
5.722150
5.728340
5.569080
5.666100
5.598900
5.691490
5.589220
5.649580
5.647920
5.591880
5.626980
5.777570
5.769610
5.642720
5.672810
5.495440
5.599090
5.625400
5.745570
5.689090
5.740910
5.711640
5.627280
5.841070
5.726730
5.646260
5.647830
5.636560
5.574240
5.715720
5.586170
5.652410
5.673350
5.634610
5.606160
5.704020
5.710960
5.668650
5.695120
5.655900
5.699250
5.706330
5.687340
5.842040
5.630540
5.628480
5.620620
5.639390
5.695460
5.684620
5.597990
5.715480
5.712870
5.644410
5.582270
5.733570
5.704370
5.604110
5.692240
5.688740
5.632370
5.688340
5.584940
5.584430
5.605960
5.616720
5.789740
5.749880
5.684420
5.624650
5.638420
5.668240
5.727260
5.675880
5.640530
5.660600
5.617430
5.637690
5.633390
5.724470
5.545850
5.613680
5.563590
5.781690
5.646260
5.711500
5.637000
5.691590
5.602900
5.645870
5.699110
5.618840
5.590830
5.696580
5.680360
5.668320
5.838810
5.636240
5.645590
5.727700
5.720800
5.573410
5.649370
5.743430
5.667440
5.675850
5.548300
5.609650
5.656930
5.710330
5.605140
5.682690
5.719730
5.696020
5.517330
5.588940
5.673100
5.667410
5.715150
5.632690
5.707260
5.773680
5.535150
5.691200
5.626360
5.652580
5.684950
5.693030
5.540900
5.672710
5.708030
5.674770
5.622840
5.657250
5.650950
5.666870
5.693870
5.676040
5.650380
5.660790
5.587130
5.654010
5.599330
5.618560
5.670600
5.558640
5.682810
5.605820
5.652950
5.619500
5.794430
5.586760
5.716020
5.667460
5.671310
5.734240
5.698030
5.734450
5.691400
5.682590
5.645910
5.537500
5.625080
5.746250
5.592580
5.685370
5.755560
5.801220
5.682290
5.566650
5.608100
5.681460
5.729780
5.604830
5.663290
5.658760
5.666910
5.596240
5.638950
5.686460
5.718380
5.664250
5.629980
5.747860
5.612380
5.574570
5.581650
5.501310
5.748820
5.602490
5.620590
5.646790
5.695080
5.786180
5.632820
5.721060
5.749480
5.692910
5.776430
5.605420
5.703850
5.717140
5.757620
5.676850
5.662940
5.522320
5.615090
5.626810
5.532360
5.612970
5.625140
5.673920
5.757650
5.713730
5.484880
5.637090
5.637370
5.602080
5.540020
5.615020
5.571590
5.716130
5.651550
5.659780
5.743970
5.588020
5.761730
5.568110
5.648370
5.628990
5.736560
5.809450
5.798760
5.619520
5.662770
5.602920
5.688850
5.699300
5.563290
5.694020
5.615360
5.675480
5.530190
5.634140
5.653100
5.608760
5.657340
5.752330
5.682060
5.681480
5.693940
5.719690
5.731500
5.799780
5.658390
5.687180
5.592130
5.681460
5.648000
5.673970
5.637270
5.638580
5.702440
5.587060
5.661470
5.613120
5.628590
5.702190
5.776960
5.676260
5.690560
5.683920
5.703420
5.718890
5.739810
5.727760
5.567860
5.658710
5.634290
5.748440
5.795200
5.698810
5.654720
5.665870
5.650070
5.530460
5.685590
5.635290
5.689790
5.794870
5.713700
5.731850
5.566130
5.613390
5.587850
5.621300
5.658240
5.658140
5.622710
5.642890
5.676190
5.626010
5.913960
5.666790
5.647550
5.638840
5.649390
5.656390
5.632600
5.716880
5.510120
5.735230
5.712360
5.584870
5.548360
5.630260
5.683330
5.665610
5.607410
5.576230
5.611180
5.589670
5.616300
5.541060
5.627700
5.740500
5.663510
5.548690
5.566530
5.649150
5.632680
5.662780
5.663970
5.654360
5.690600
5.605120
5.631290
5.593320
5.648550
5.530030
5.589790
5.652580
5.665020
5.608040
5.655110
5.690520
5.648280
5.625090
5.615980
5.581810
5.723910
5.698900
5.595950
5.585110
5.655220
5.689300
5.560740
5.712880
5.529850
5.639990
5.748230
5.740940
5.684410
5.691230
5.698080
5.604960
5.736030
5.714570
5.651370
5.660900
5.727170
5.706400
5.747340
5.659960
5.618110
5.786320
5.619140
5.695290
5.781380
5.611230
5.563720
5.597960
5.713040
5.701530
5.579100
5.742750
5.645590
5.644540
5.590110
5.600390
5.656790
5.670580
5.699280
5.750350
5.661930
5.620200
5.630980
5.664320
5.592790
5.749220
5.746540
5.657780
5.601360
5.608460
5.644700
5.652840
5.562920
5.693760
5.576060
5.560720
5.657540
5.702710
5.688470
5.612040
5.623870
5.491100
5.711730
5.632650
5.704140
5.669870
5.620540
5.623710
5.589770
5.583380
5.717860
5.534890
5.634560
5.593630
5.688810
5.668350
5.716580
5.668820
5.714410
5.683860
5.667270
5.714240
5.606340
5.706860
5.650830
5.605830
5.670100
5.808210
5.612450
5.475570
5.615510
5.596170
5.615970
5.585970
5.697850
5.650660
5.594370
5.716960
5.623420
5.653980
5.611610
5.665240
5.685420
5.788410
5.567070
5.670020
5.569030
5.683380
5.678820
5.638670
5.649210
5.532830
5.687070
5.632040
5.694510
5.613180
5.687910
5.670380
5.631800
5.682670
5.690950
5.695380
5.674210
5.756040
5.702690
5.707730
5.640230
5.730850
5.643110
5.660350
5.670410
5.716890
5.704240
5.575730
5.566390
5.621250
5.697350
5.685340
5.699160
5.717830
5.703650
5.706910
5.567100
5.760590
5.710110
5.792100
5.568010
5.759970
5.731840
5.588190
5.692900
5.674700
5.716890
5.578830
5.723220
5.660100
5.626060
5.615390
5.639720
5.672650
5.755470
5.622380
5.682710
5.595220
5.718780
5.622660
5.647160
5.798290
5.675630
5.602950
5.685140
5.684980
5.732580
5.658530
5.671000
5.721290
5.759480
5.679150
5.701760
5.634650
5.612680
5.559980
5.660790
5.564920
5.695240
5.644330
5.707900
5.726690
5.726730
5.657240
5.665720
5.542650
5.753650
5.641290
5.620120
5.770390
5.647670
5.752280
5.526940
5.730000
5.842140
5.637800
5.681130
5.610270
5.683500
5.661480
5.601500
5.702870
5.742800
5.747880
5.704940
5.675450
5.582940
5.786380
5.676920
5.641720
5.708670
5.616500
5.593260
5.572550
5.622640
5.676970
5.708270
5.675940
5.617390
5.625970
5.677220
5.740810
5.722640
5.516600
5.638300
5.674660
5.710530
5.576040
5.692020
5.775090
5.620810
5.648870
5.785760
5.621210
5.720050
5.737900
5.696240
5.634620
5.685500
5.551340
5.675040
5.694300
5.534570
5.611830
5.713210
5.673750
5.730750
5.600450
5.537230
5.661680
5.699230
5.597870
5.693340
5.737350
5.574310
5.594320
5.757910
5.677940
5.702500
5.624190
5.603280
5.686770
5.578520
5.587940
5.582890
5.586560
5.601730
5.646120
5.720100
5.597310
5.646970
5.684310
5.525330
5.547910
5.623820
5.609580
5.671260
5.720220
5.587400
5.720850
5.590740
5.613900
5.629140
5.670050
5.712800
5.704950
5.725700
5.697830
5.587170
5.694320
5.612100
5.596450
5.595410
5.644340
5.648430
5.778940
5.729540
5.559990
5.609380
5.581470
5.796090
5.766830
5.750640
5.671410
5.689310
5.575590
5.645630
5.737970
5.641760
5.702470
5.632060
5.773200
5.678190
5.645760
5.603290
5.727490
5.638880
5.804250
5.646600
5.689860
5.747070
5.675130
5.696400
5.709180
5.736920
5.626390
5.617790
5.626070
5.661260
5.680940
5.600910
5.643330
5.729620
5.595490
5.628660
5.607110
5.674730
5.730400
5.637230
5.663660
5.677620
5.589100
5.731260
5.654270
5.664660
5.703020
5.642700
5.716350
5.652890
5.650030
5.689540
5.635190
5.607610
5.736200
5.727000
5.597580
5.747530
5.700620
5.709910
5.561880
5.597210
5.653960
5.646210
5.649830
5.602850
5.673820
5.598300
5.630380
5.610210
5.682030
5.649960
5.673450
5.701460
5.597440
5.715120
5.637230
5.605430
5.685260
5.763730
5.625530
5.673580
5.595470
5.753440
5.554850
5.603090
5.655340
5.696570
5.682000
5.725360
5.621180
5.693020
5.531180
5.694010
5.678400
5.637300
5.740740
5.705850
5.675800
5.667970
5.680600
5.709980
5.611490
5.685540
5.741600
5.748450
5.595900
5.712180
5.635140
5.836020
5.714950
5.657970
5.673990
5.626630
5.611790
5.826210
5.718710
5.701870
5.620910
5.727040
5.649860
5.642080
5.713080
5.672140
5.647590
5.691800
5.692740
5.743580
5.640200
5.570470
5.610180
5.644690
5.722740
5.637040
5.706980
5.645610
5.625900
5.695100
5.760270
5.503890
5.650280
5.773410
5.682580
5.715010
5.695130
5.637340
5.713070
5.635220
5.742180
5.601270
5.681930
5.671340
5.733660
5.607790
5.659240
5.737320
5.634680
5.632120
5.595390
5.690290
5.626760
5.683080
5.711290
5.550020
5.741060
5.621260
5.692930
5.701120
5.558360
5.645690
5.635470
5.612780
5.748220
5.641360
5.562340
5.668540
5.622620
5.709200
5.738090
5.784660
5.688770
5.734610
5.660200
5.696110
5.799480
5.595650
5.652570
5.654120
5.668840
5.690170
5.675670
5.543380
5.616330
5.598250
5.758200
5.697850
5.567060
5.672620
5.564470
5.631620
5.713730
5.711180
5.617670
5.674120
5.655420
5.668680
5.625030
5.734710
5.671220
5.697640
5.781100
5.600550
5.666530
5.674480
5.646410
5.552150
5.705440
5.770970
5.661570
5.645320
5.665600
5.690940
5.623930
5.648140
5.694510
5.718260
5.650990
5.499550
5.698380
5.623210
5.722790
5.739740
5.670140
5.627090
5.694450
5.706610
5.660100
5.700340
5.697910
5.612010
5.712830
5.705410
5.597000
5.530210
5.685260
5.656570
5.679490
5.763340
5.681750
5.718330
5.619360
5.680590
5.679650
5.678480
5.727790
5.599980
5.610170
5.743020
5.563900
5.621460
5.649810
5.753480
5.585590
5.703400
5.734110
5.546600
5.716250
5.676950
5.649860
5.698330
5.734720
5.680090
5.615240
5.699090
5.631570
5.597300
5.629820
5.683160
5.708740
5.734680
5.613180
5.690130
5.700280
5.612370
5.587610
5.744280
5.621210
5.795160
5.748240
5.606260
5.572700
5.731810
5.598770
5.787880
5.591050
5.512300
5.585040
5.652800
5.614020
5.740960
5.711700
5.798830
5.631520
5.632340
5.622960
5.507680
5.620480
5.625160
5.616160
5.602300
5.745090
5.731550
5.742040
5.615020
5.531090
5.612760
5.617390
5.629080
5.654920
5.775290
5.691990
5.748010
5.589990
5.637980
5.616320
5.647400
5.608960
5.777720
5.739350
5.686800
5.613430
5.724190
5.580950
5.727550
5.678970
5.656910
5.625170
5.735180
5.674290
5.656250
5.685240
5.669800
5.663030
5.638180
5.797780
5.508420
5.593200
5.777090
5.698610
5.637210
5.626490
5.589690
5.716240
5.606170
5.734510
5.576360
5.583970
5.582480
5.664370
5.726330
5.656300
5.631760
5.666940
5.618160
5.680730
5.748190
5.631290
5.725180
5.636690
5.639360
5.593870
5.588040
5.750340
5.571570
5.584280
5.730670
5.700540
5.611150
5.678800
5.550190
5.705610
5.769110
5.580510
5.757600
5.664740
5.702150
5.680540
5.783680
5.748910
5.548510
5.609840
5.669150
5.631750
5.634970
5.725500
5.647720
5.616590
5.564240
5.735270
5.561300
5.616510
5.644040
5.600240
5.601430
5.590850
5.818760
5.647400
5.711010
5.749490
5.656390
5.594610
5.611430
5.635590
5.699350
5.605610
5.622420
5.675930
5.613290
5.685400
5.602810
5.527730
5.640690
5.713260
5.612700
5.721420
5.716300
5.614060
5.621190
5.636220
5.670730
5.692390
5.657270
5.635390
5.692770
5.523280
5.693700
5.697650
5.704270
5.617360
5.676270
5.734540
5.668470
5.665270
5.629920
5.601780
5.614330
5.521330
5.619530
5.642200
5.653050
5.573980
5.733750
5.689730
5.574340
5.617380
5.559790
5.702280
5.695990
5.613260
5.682210
5.714700
5.630120
5.731650
5.645600
5.641160
5.694400
5.659400
5.671320
5.786300
5.678610
5.866640
5.631170
5.633790
5.582350
5.673360
5.695620
5.667270
5.598620
5.674420
5.667540
5.656370
5.816600
5.640840
5.733890
5.585370
5.812830
5.641870
5.708570
5.653970
5.645520
5.579170
5.650390
5.711960
5.627820
5.701440
5.672240
5.584190
5.625150
5.597960
5.726220
5.637180
5.674760
5.741980
5.563980
5.660440
5.668380
5.602180
5.721430
5.688660
5.677720
5.757100
5.668340
5.548080
5.692050
5.725540
5.651100
5.746480
5.660090
5.637910
5.595880
5.647060
5.708260
5.744450
5.557020
5.634780
5.636910
5.579100
5.755040
5.581230
5.599020
5.556860
5.640330
5.675440
5.628740
5.585180
5.731940
5.663990
5.652480
5.670180
5.715740
5.597000
5.541020
5.700350
5.795980
5.670340
5.718590
5.630220
5.621450
5.660490
5.628830
5.622640
5.579050
5.682180
5.685300
5.575270
5.514260
5.602080
5.645280
5.703730
5.654000
5.550990
5.785170
5.629950
5.729600
5.610510
5.662140
5.739470
5.603380
5.751160
5.601230
5.637660
5.666210
5.721090
5.589780
5.540000
5.594330
5.726960
5.697570
5.659800
5.571710
5.714800
5.632740
5.724820
5.689080
5.595320
5.652340
5.709810
5.701030
5.782450
5.671890
5.627070
5.605670
5.786630
5.812780
5.778590
5.674540
5.658910
5.720560
5.640970
5.648440
5.688830
5.702520
5.623380
5.745150
5.616090
5.635850
5.726470
5.718800
5.579960
5.694600
5.617860
5.629130
5.643710
5.606520
5.633000
5.734100
5.770630
5.655220
5.659700
5.644250
5.556250
5.574690
5.717260
5.684610
5.661210
5.693010
5.673040
5.632740
5.677420
5.619760
5.671990
5.781850
5.645420
5.701360
5.701870
5.533800
5.738740
5.707620
5.682100
5.792520
5.657780
5.742720
5.540020
5.674650
5.651820
5.647000
5.645260
5.617500
5.600380
5.627950
5.713780
5.721690
5.660700
5.735700
5.609750
5.583960
5.673670
5.620450
5.680030
5.691110
5.766580
5.661450
5.663100
5.528730
5.657150
5.678350
5.617110
5.721530
5.551040
5.659150
5.735770
5.583960
5.701890
5.758970
5.668640
5.711320
5.716950
5.864970
5.703920
5.716920
5.782950
5.642240
5.578630
5.677870
5.745170
5.632190
5.634770
5.720630
5.769150
5.735280
5.663450
5.704700
5.713940
5.511770
5.655880
5.512480
5.753460
5.737880
5.615470
5.763360
5.740310
5.628830
5.604590
5.631230
5.630550
5.705470
5.624000
5.534980
5.675380
5.708380
5.585820
5.666200
5.552050
5.589270
5.813100
5.711380
5.801880
5.574610
5.706780
5.580800
5.603860
5.709930
5.706850
5.723990
5.712220
5.590920
5.657920
5.608600
5.669590
5.517680
5.731270
5.579590
5.697500
5.656030
5.653290
5.666810
5.641320
5.578430
5.738250
5.627880
5.653300
5.799220
5.651660
5.748120
5.726890
5.601960
5.719340
5.563680
5.631210
5.663450
5.685530
5.702280
5.643750
5.661370
5.681390
5.754500
5.679210
5.768370
5.631680
5.739720
5.696660
5.688860
5.530790
5.675050
5.679130
5.775440
5.637010
5.613410
5.590310
5.655300
5.629280
5.636020
5.648810
5.636280
5.611260
5.703770
5.713500
5.764170
5.621370
5.563940
5.618620
5.522700
5.600780
5.589530
5.670490
5.685210
5.584370
5.637770
5.625780
5.817920
5.746790
5.642660
5.768110
5.584980
5.550740
5.642400
5.585060
5.650090
5.666690
5.698510
5.632890
5.739930
5.720910
5.709020
5.717560
5.683590
5.650470
5.736810
5.596410
5.702470
5.722740
5.662600
5.575460
5.585720
5.662420
5.697160
5.641010
5.728630
5.727480
5.702460
5.787260
5.618450
5.679980
5.559500
5.685530
5.700520
5.709940
5.642340
5.621610
5.612840
5.705380
5.582800
5.731630
5.721520
5.614570
5.600400
5.639330
5.615230
5.707610
5.730420
5.679370
5.623570
5.668650
5.700980
5.559790
5.720190
5.692680
5.561620
5.681930
5.657350
5.755480
5.643350
5.694370
5.612950
5.648740
5.726840
5.664090
5.664890
5.608430
5.696350
5.691120
5.609830
5.750930
5.613830
5.669820
5.780510
5.775240
5.622250
5.721700
5.696600
5.720550
5.602260
5.648370
5.493150
5.647870
5.679460
5.525650
5.576540
5.669560
5.675930
5.700560
5.510630
5.693520
5.842460
5.633530
5.730480
5.657080
5.576120
5.701560
5.575960
5.748400
5.564740
5.785340
5.583050
5.678050
5.632820
5.636120
5.703350
5.646670
5.547110
5.681280
5.658320
5.571510
5.603940
5.630410
5.629920
5.680210
5.768220
5.603260
5.596460
5.638650
5.645590
5.678230
5.610050
5.584810
5.712760
5.659110
5.656170
5.716750
5.745690
5.681890
5.664820
5.633910
5.736990
5.646970
5.686880
5.665020
5.627610
5.674560
5.712470
5.602640
5.589510
5.756820
5.703060
5.694620
5.564280
5.672030
5.744580
5.722800
5.577960
5.626920
5.533980
5.790660
5.695240
5.628700
5.639500
5.705480
5.502340
5.713670
5.664540
5.587100
5.628380
5.661770
5.767650
5.679720
5.594960
5.717160
5.680920
5.601030
5.628430
5.632890
5.667830
5.580620
5.659640
5.613450
5.682250
5.732730
5.674650
5.673900
5.688090
5.659800
5.569840
5.586660
5.685010
5.563070
5.665420
5.681380
5.617870
5.627570
5.609050
5.663860
5.605010
5.686890
5.666830
5.679140
5.570440
5.664240
5.743650
5.638050
5.660220
5.734720
5.648500
5.610850
5.665790
5.736910
5.671760
5.594220
5.669550
5.611550
5.619910
5.553180
5.548060
5.637790
5.555650
5.690790
5.637770
5.593870
5.636230
5.661250
5.659900
5.605740
5.546520
5.776060
5.633040
5.740670
5.635810
5.735660
5.603990
5.614070
5.744040
5.771430
5.672580
5.566730
5.562640
5.665630
5.705840
5.711640
5.782940
5.564820
5.789630
5.738820
5.685320
5.641300
5.526230
5.582410
5.686270
5.682800
5.638910
5.649090
5.748830
5.700570
5.578450
5.748410
5.703880
5.669050
5.754550
5.623380
5.804210
5.684610
5.698760
5.683180
5.732740
5.539280
5.661210
5.549600
5.692400
5.615340
5.570690
5.537650
5.698570
5.643350
5.722690
5.673560
5.577060
5.581290
5.645680
5.546550
5.640770
5.610220
5.593340
5.576740
5.750630
5.791660
5.701470
5.568910
5.731620
5.607590
5.758490
5.776050
5.650200
5.624240
5.615190
5.757150
5.677600
5.569620
5.635650
5.650210
5.536620
5.568840
5.536000
5.722550
5.674130
5.632190
5.632490
5.553280
5.544170
5.798810
5.623280
5.776680
5.714950
5.692200
5.695510
5.725250
5.617330
5.518660
5.719070
5.688440
5.661800
5.620760
5.683130
5.726510
5.679170
5.685030
5.745480
5.612600
5.724440
5.577510
5.689910
5.596830
5.667750
5.723200
5.640930
5.502180
5.726480
5.763590
5.675610
5.683130
5.761880
5.567220
5.703250
5.632610
5.627470
5.739780
5.629910
5.685730
5.659580
5.678480
5.673720
5.630570
5.775060
5.675610
5.756670
5.626550
5.712650
5.575820
5.508030
5.659660
5.643350
5.679300
5.688150
5.608870
5.738300
5.733800
5.664960
5.614780
5.821760
5.659950
5.577780
5.618290
5.598900
5.654770
5.665320
5.637430
5.592780
5.619370
5.728350
5.743040
5.746530
5.640090
5.694510
5.565320
5.658280
5.702940
5.772050
5.713740
5.754920
5.712130
5.653290
5.684530
5.659530
5.596750
5.654910
5.560610
5.599640
5.681590
5.753100
5.655330
5.581380
5.581380
