5.688100
5.689350
5.731750
5.651510
5.634260
5.681970
5.637060
5.678110
5.582640
5.652840
5.715240
5.595230
5.630240
5.708880
5.745140
5.653390
5.668310
5.567250
5.669330
5.693250
5.576830
5.615100
5.617530
5.657920
5.708370
5.638150
5.647900
5.606120
5.666650
5.663010
5.616820
5.653360
5.562730
5.724740
5.664250
5.653980
5.675130
5.656320
5.651330
5.678910
5.680710
5.587780
5.729450
5.537810
5.732090
5.559240
5.670900
5.647090
5.722550
5.765690
5.772300
5.757950
5.740690
5.753110
5.576740
5.654080
5.654170
5.538790
5.721180
5.644280
5.679300
5.652540
5.738990
5.585030
5.684860
5.709480
5.751720
5.696480
5.708460
5.594010
5.658190
5.680970
5.549810
5.770750
5.671400
5.601320
5.682630
5.646660
5.675780
5.676190
5.612430
5.688820
5.648000
5.707090
5.558610
5.612220
5.743130
5.582700
5.627370
5.692320
5.631140
5.603690
5.566130
5.731260
5.582380
5.677990
5.655400
5.765390
5.594320
5.632310
5.636640
5.710810
5.730390
5.698170
5.650900
5.729850
5.675340
5.478190
5.661650
5.711750
5.773600
5.619960
5.553650
5.635720
5.634440
5.767050
5.699670
5.533070
5.699570
5.687280
5.654540
5.576340
5.719710
5.559080
5.603120
5.645710
5.741900
5.635610
5.626320
5.684830
5.570350
5.737680
5.695060
5.525330
5.641420
5.660610
5.620630
5.629050
5.704380
5.614660
5.608410
5.741850
5.587890
5.665260
5.487380
5.626270
5.726470
5.693210
5.677330
5.634370
5.655980
5.685090
5.634550
5.607260
5.728780
5.589470
5.627040
5.639940
5.660460
5.521010
5.580270
5.601130
5.668330
5.674440
5.701410
5.703500
5.713000
5.568660
5.687230
5.661310
5.589850
5.766070
5.690820
5.655970
5.667130
5.599880
5.605740
5.587340
5.526500
5.586880
5.673410
5.646410
5.657790
5.662170
5.693260
5.573340
5.718130
5.676560
5.591860
5.771820
5.714660
5.733180
5.678480
5.665170
5.652990
5.732380
5.590660
5.595780
5.684540
5.577520
5.605130
5.517860
5.705880
5.572300
5.690540
5.644830
5.641150
5.608300
5.582440
5.614470
5.696790
5.625360
5.673510
5.729010
5.577160
5.554340
5.653920
5.662880
5.655950
5.663290
5.721340
5.696170
5.558010
5.719510
5.659680
5.579440
5.658760
5.842480
5.741270
5.658390
5.727930
5.695860
5.709040
5.633640
5.633520
5.637080
5.756150
5.646600
5.689490
5.665400
5.688270
5.639810
5.679250
5.653320
5.682080
5.756530
5.662340
5.758590
5.811410
5.715460
5.599530
5.710720
5.800310
5.719040
5.764350
5.679120
5.718050
5.671610
5.764650
5.642150
5.754780
5.690840
5.664610
5.587010
5.596360
5.734990
5.744590
5.681410
5.746920
5.663730
5.759350
5.715110
5.613420
5.724670
5.559150
5.660940
5.578650
5.680940
5.675980
5.624430
5.623710
5.692210
5.665940
5.654030
5.744550
5.705950
5.649230
5.717140
5.788460
5.721120
5.689140
5.691510
5.690510
5.630460
5.685130
5.680100
5.616710
5.646740
5.691690
5.734240
5.572810
5.668010
5.610080
5.653340
5.518580
5.766530
5.596520
5.717580
5.675470
5.689910
5.615880
5.742140
5.759450
5.599180
5.638700
5.686690
5.660560
5.820480
5.625930
5.672010
5.666860
5.674490
5.665190
5.555130
5.695590
5.669800
5.738800
5.718630
5.523560
5.696600
5.758650
5.607100
5.756160
5.691450
5.683070
5.606810
5.552180
5.621480
5.531690
5.668280
5.610650
5.650460
5.673880
5.741150
5.618320
5.667850
5.614830
5.670750
5.549090
5.609770
5.678560
5.689060
5.708700
5.637330
5.626460
5.646070
5.622930
5.640860
5.586170
5.702140
5.681390
5.601160
5.620870
5.626860
5.770700
5.675510
5.612940
5.703390
5.510750
5.791510
5.668060
5.579950
5.691300
5.634540
5.689940
5.642780
5.603190
5.720130
5.625720
5.615540
5.512960
5.644770
5.671480
5.758410
5.668060
5.613450
5.615390
5.622510
5.628770
5.594390
5.708390
5.634260
5.598640
5.621200
5.627310
5.611500
5.682710
5.604790
5.739660
5.793670
5.630400
5.584700
5.624830
5.724000
5.709780
5.599300
5.597530
5.608400
5.674000
5.616890
5.623200
5.671890
5.722990
5.665630
5.822650
5.632460
5.709240
5.631130
5.638960
5.624760
5.723120
5.592170
5.615460
5.692820
5.718880
5.653970
5.618130
5.655970
5.554570
5.635040
5.670880
5.701070
5.706720
5.628300
5.645260
5.616220
5.747680
5.664670
5.601890
5.571000
5.693570
5.746630
5.712090
5.636980
5.651240
5.694680
5.606170
5.609860
5.758790
5.627730
5.643700
5.486230
5.618130
5.729960
5.566510
5.726620
5.650170
5.603450
5.720520
5.611230
5.671430
5.700520
5.658000
5.709960
5.794210
5.675330
5.792200
5.858690
5.711430
5.641550
5.642190
5.725710
5.767560
5.641680
5.752510
5.683750
5.598060
5.662440
5.662460
5.817080
5.602210
5.669600
5.679930
5.668650
5.779960
5.643560
5.713710
5.630950
5.578370
5.560170
5.656170
5.776720
5.639500
5.626450
5.720830
5.618610
5.663330
5.569260
5.639210
5.669340
5.726310
5.509830
5.688080
5.649800
5.731260
5.658490
5.665000
5.620130
5.652960
5.705320
5.714970
5.577750
5.691980
5.631140
5.679540
5.666120
5.635880
5.598960
5.691930
5.749680
5.615040
5.652080
5.725310
5.705820
5.760780
5.701260
5.613050
5.518350
5.723590
5.664810
5.631120
5.656780
5.559120
5.684630
5.664680
5.587840
5.696640
5.615130
5.696780
5.627580
5.699740
5.667140
5.661770
5.591410
5.691790
5.692120
5.593710
5.657320
5.655540
5.599090
5.730580
5.694940
5.509500
5.660690
5.712570
5.699040
5.644860
5.583530
5.647580
5.612850
5.657690
5.505610
5.784200
5.646860
5.588240
5.676130
5.631020
5.675460
5.558320
5.617150
5.672220
5.819300
5.453270
5.725360
5.703390
5.669150
5.745160
5.749680
5.682870
5.664780
5.720050
5.620530
5.666250
5.590110
5.596110
5.648270
5.656370
5.546470
5.694710
5.667680
5.608670
5.561730
5.697310
5.734850
5.737040
5.576920
5.515380
5.772500
5.634810
5.770100
5.743400
5.635950
5.632830
5.588860
5.675780
5.689730
5.701020
5.597490
5.671150
5.685360
5.653410
5.634010
5.662030
5.633420
5.669280
5.665910
5.615350
5.674260
5.722930
5.663470
5.639140
5.703430
5.645290
5.677300
5.587960
5.641870
5.720620
5.665770
5.629940
5.685910
5.699950
5.536110
5.676920
5.714030
5.731970
5.687410
5.754020
5.806330
5.772750
5.802080
5.662810
5.678590
5.737110
5.699810
5.679390
5.664420
5.588180
5.751200
5.586080
5.729730
5.637840
5.648600
5.684490
5.609960
5.547510
5.772130
5.703370
5.620740
5.759330
5.702840
5.672590
5.740800
5.708720
5.523180
5.634360
5.552330
5.721960
5.696360
5.682870
5.592670
5.612280
5.673720
5.665190
5.718620
5.725450
5.731960
5.620630
5.595320
5.443260
5.680700
5.772700
5.709210
5.766020
5.630930
5.639370
5.596390
5.709550
5.725330
5.670470
5.749560
5.774960
5.628690
5.644480
5.665330
5.592410
5.632510
5.621320
5.610460
5.742140
5.774030
5.668840
5.605890
5.699500
5.558520
5.641350
5.715530
5.659160
5.627330
5.711250
5.675310
5.685240
5.686610
5.600470
5.664560
5.684490
5.483150
5.716350
5.582960
5.655520
5.725700
5.702480
5.662040
5.623470
5.695390
5.575460
5.614150
5.628370
5.595330
5.722070
5.665130
5.594440
5.567300
5.732710
5.538570
5.684750
5.594340
5.614310
5.579150
5.713390
5.672600
5.695190
5.612150
5.762170
5.562330
5.708340
5.558540
5.757190
5.572600
5.746910
5.767800
5.700380
5.625820
5.601160
5.792000
5.601500
5.722420
5.660330
5.806160
5.629220
5.702030
5.599060
5.560680
5.659400
5.711300
5.699040
5.623250
5.681150
5.585600
5.657050
5.647220
5.636580
5.677090
5.725060
5.659620
5.698920
5.674220
5.657400
5.661820
5.602510
5.589580
5.755390
5.679300
5.726960
5.599750
5.687550
5.629080
5.682540
5.704920
5.795750
5.686940
5.671780
5.741320
5.658020
5.627300
5.646680
5.519790
5.747640
5.561780
5.647580
5.580410
5.589840
5.530710
5.770670
5.738340
5.644940
5.573300
5.689620
5.685100
5.573940
5.644580
5.554590
5.681700
5.632330
5.637810
5.721740
5.713690
5.691060
5.719020
5.637680
5.686120
5.696900
5.740120
5.715080
5.697320
5.661780
5.746790
5.603950
5.653000
5.735620
5.673200
5.574460
5.651180
5.564760
5.708690
5.577090
5.648010
5.725590
5.627490
5.618410
5.734140
5.560000
5.693010
5.652790
5.636440
5.736880
5.681240
5.656090
5.642800
5.629160
5.636690
5.652410
5.749900
5.640960
5.689550
5.665130
5.691530
5.609230
5.698390
5.677680
5.653700
5.662320
5.611800
5.657860
5.733390
5.659250
5.532890
5.639650
5.695140
5.616960
5.616680
5.633590
5.727880
5.646950
5.627380
5.671000
5.647610
5.762640
5.568750
5.616960
5.657560
5.740830
5.613880
5.673950
5.674470
5.649470
5.663930
5.579340
5.647220
5.680170
5.673000
5.576030
5.568010
5.679410
5.648800
5.697250
5.698210
5.690730
5.581050
5.659640
5.603080
5.697330
5.731540
5.785460
5.691920
5.682420
5.707250
5.676670
5.625360
5.638340
5.637420
5.666280
5.700870
5.710280
5.585840
5.614430
5.740320
5.652480
5.598520
5.668140
5.678580
5.739470
5.638170
5.598220
5.743570
5.553150
5.653320
5.603850
5.816980
5.666670
5.626150
5.644930
5.633430
5.677800
5.449200
5.702610
5.595280
5.729450
5.516670
5.624060
5.672650
5.766290
5.660580
5.688160
5.723860
5.640850
5.727090
5.656800
5.593990
5.688280
5.680200
5.557070
5.732820
5.718240
5.690390
5.699190
5.605600
5.566380
5.556920
5.680040
5.689710
5.645700
5.634130
5.641840
5.693780
5.573660
5.793360
5.745580
5.589510
5.650210
5.681120
5.597700
5.564210
5.713430
5.696840
5.620540
5.706370
5.704080
5.607850
5.484030
5.723880
5.671820
5.771920
5.698810
5.653180
5.600220
5.632710
5.627540
5.650880
5.656480
5.718860
5.686300
5.777110
5.768700
5.642260
5.716690
5.711940
5.689630
5.622950
5.666480
5.643610
5.609630
5.701950
5.694970
5.671740
5.746670
5.735820
5.682750
5.621590
5.576170
5.614130
5.661170
5.683590
5.572410
5.632580
5.690900
5.651530
5.665100
5.655220
5.639510
5.655300
5.496890
5.627090
5.717240
5.633500
5.648480
5.732300
5.703200
5.630840
5.829470
5.731280
5.756520
5.632790
5.577450
5.745130
5.703650
5.676380
5.709040
5.705210
5.725790
5.612150
5.708440
5.628590
5.674070
5.623820
5.568730
5.606820
5.657980
5.627830
5.677790
5.729030
5.640570
5.615080
5.749320
5.683570
5.655710
5.787860
5.595430
5.637370
5.755140
5.719750
5.618760
5.655630
5.563300
5.787080
5.687550
5.688730
5.820790
5.775890
5.590910
5.708610
5.615960
5.764240
5.717650
5.571640
5.556770
5.758290
5.623290
5.715940
5.595400
5.732500
5.727260
5.650630
5.738620
5.711530
5.560880
5.592730
5.534190
5.639800
5.615070
5.690340
5.703860
5.746320
5.641350
5.684580
5.676890
5.701030
5.687280
5.628040
5.591820
5.664490
5.602620
5.698310
5.607180
5.643710
5.634400
5.714980
5.655730
5.696630
5.640510
5.576470
5.598410
5.726590
5.706820
5.641530
5.627330
5.647630
5.717000
5.763890
5.677520
5.780300
5.724080
5.599980
5.589290
5.755960
5.600830
5.670210
5.553230
5.785550
5.758530
5.578910
5.630190
5.556040
5.603050
5.613230
5.694910
5.616710
5.592530
5.710460
5.721470
5.700340
5.688380
5.634790
5.642280
5.700910
5.729480
5.614170
5.652470
5.703610
5.737110
5.659920
5.654900
5.671800
5.704780
5.637960
5.733090
5.519890
5.682800
5.711050
5.601070
5.642360
5.761720
5.575860
5.759410
5.682680
5.639590
5.723580
5.589350
5.657730
5.850090
5.679290
5.597910
5.693450
5.670690
5.585850
5.614020
5.548610
5.581290
5.822230
5.709300
5.592780
5.748430
5.630830
5.704100
5.745810
5.631080
5.715400
5.689020
5.761880
5.635250
5.434890
5.624530
5.674860
5.612170
5.583040
5.646340
5.731670
5.646840
5.634380
5.679750
5.702490
5.620580
5.592260
5.617340
5.618540
5.712210
5.709110
5.638230
5.655020
5.575060
5.642030
5.641310
5.630750
5.547490
5.761060
5.684500
5.715840
5.752860
5.675210
5.674220
5.663530
5.681570
5.759380
5.592030
5.617250
5.657070
5.683990
5.637780
5.530720
5.692310
5.526440
5.578080
5.603530
5.631080
5.722330
5.708320
5.718920
5.704110
5.597400
5.673150
5.575120
5.594840
5.674650
5.756780
5.704730
5.619060
5.672640
5.758190
5.733670
5.645540
5.642410
5.692980
5.691490
5.678740
5.712940
5.674040
5.682930
5.700820
5.593430
5.643810
5.643040
5.732450
5.767610
5.557110
5.625450
5.721560
5.783880
5.657200
5.643420
5.612670
5.692290
5.594330
5.643730
5.727960
5.759860
5.591460
5.793890
5.721460
5.628040
5.693960
5.597990
5.668010
5.708740
5.654720
5.568990
5.624500
5.714400
5.797040
5.703850
5.533180
5.652700
5.590420
5.764840
5.757700
5.701690
5.741360
5.748240
5.736520
5.580610
5.659100
5.682090
5.630310
5.643780
5.814590
5.685480
5.649220
5.663220
5.689710
5.608110
5.683750
5.588300
5.754190
5.568990
5.742510
5.726680
5.774180
5.674180
5.616340
5.602280
5.683940
5.745110
5.579480
5.785490
5.775740
5.664310
5.618010
5.672310
5.752520
5.795090
5.553450
5.715250
5.740210
5.610860
5.586890
5.602680
5.644350
5.562730
5.724650
5.597860
5.573730
5.651710
5.547360
5.658330
5.578740
5.739790
5.815400
5.553960
5.694860
5.621880
5.645430
5.683870
5.668450
5.666840
5.651880
5.606110
5.615110
5.612800
5.571910
5.678790
5.689900
5.687090
5.794420
5.647410
5.758720
5.711950
5.762270
5.596010
5.701440
5.685660
5.598120
5.576970
5.577360
5.628330
5.606900
5.636540
5.567100
5.720080
5.621130
5.574120
5.677820
5.626240
5.621490
5.608570
5.590010
5.682230
5.742730
5.659720
5.687260
5.637470
5.673510
5.673690
5.708570
5.664380
5.757960
5.716940
5.622900
5.683650
5.626990
5.717020
5.661800
5.638790
5.659760
5.615440
5.697360
5.711180
5.844180
5.707080
5.668590
5.680900
5.671850
5.743970
5.648970
5.670670
5.845980
5.615950
5.656990
5.705370
5.724320
5.564360
5.683250
5.742360
5.732390
5.592050
5.650660
5.643080
5.587440
5.595320
5.678870
5.570410
5.706770
5.653840
5.481140
5.715420
5.734920
5.716400
5.667820
5.699570
5.658860
5.674670
5.697270
5.705570
5.643910
5.660760
5.596260
5.700490
5.574560
5.568800
5.658390
5.584780
5.639000
5.724340
5.750300
5.657520
5.789970
5.677260
5.585890
5.571100
5.690210
5.618150
5.774610
5.693680
5.675220
5.614070
5.621700
5.715790
5.753480
5.585950
5.725980
5.607470
5.606020
5.663480
5.574060
5.782680
5.653090
5.731070
5.653680
5.577300
5.666170
5.586460
5.703330
5.639870
5.607890
5.669910
5.604280
5.603270
5.676420
5.686340
5.663050
5.607220
5.667620
5.671560
5.626950
5.627020
5.610920
5.624010
5.603040
5.757700
5.699680
5.702120
5.607080
5.721560
5.645310
5.703120
5.683070
5.663320
5.527290
5.689760
5.729930
5.663310
5.611810
5.645750
5.704250
5.603820
5.639760
5.632360
5.626110
5.732750
5.755150
5.700060
5.698690
5.689700
5.647810
5.735680
5.592290
5.645030
5.664320
5.752890
5.572460
5.629350
5.608360
5.525820
5.677700
5.517610
5.673680
5.562610
5.783490
5.707410
5.659090
5.693060
5.604650
5.644150
5.653320
5.637870
5.651890
5.670340
5.727610
5.664560
5.628140
5.675760
5.676440
5.613280
5.621710
5.728090
5.690160
5.854040
5.735230
5.744820
5.727300
5.689450
5.784230
5.619870
5.609420
5.715640
5.580640
5.631340
5.643660
5.638520
5.671350
5.605240
5.622030
5.631540
5.768910
5.653600
5.582840
5.706710
5.697400
5.662010
5.735570
5.733000
5.508310
5.613850
5.789610
5.680610
5.652340
5.705920
5.588750
5.664010
5.587610
5.762460
5.675500
5.604330
5.659290
5.645190
5.667410
5.646020
5.542330
5.708220
5.675030
5.697020
5.660320
5.641740
5.591800
5.596880
5.685000
5.739870
5.597780
5.728960
5.749500
5.688460
5.612700
5.575890
5.672110
5.701470
5.663340
5.736190
5.610560
5.677680
5.622750
5.645550
5.600610
5.594410
5.679240
5.570710
5.692250
5.769230
5.684480
5.799000
5.717440
5.718820
5.668210
5.697380
5.575870
5.598730
5.725110
5.716160
5.585210
5.541390
5.691930
5.780960
5.606710
5.731580
5.631970
5.661610
5.687860
5.685110
5.574650
5.772450
5.654880
5.690180
5.603480
5.611740
5.519470
5.624990
5.588260
5.747740
5.693480
5.635480
5.675590
5.626030
5.661430
5.650670
5.560230
5.711580
5.678530
5.685560
5.643630
5.615010
5.594700
5.605720
5.606410
5.645980
5.619930
5.647930
5.636720
5.628150
5.632480
5.579830
5.584680
5.618560
5.670100
5.683030
5.672190
5.710660
5.739470
5.619700
5.584990
5.622720
5.664570
5.758520
5.729120
5.717770
5.832180
5.686080
5.711340
5.627880
5.651100
5.648360
5.606800
5.740240
5.599370
5.651590
5.691730
5.611470
5.683400
5.558140
5.639790
5.582820
5.570890
5.643030
5.598120
5.661210
5.628150
5.570830
5.701840
5.653800
5.544090
5.569490
5.669760
5.611720
5.612590
5.755110
5.600790
5.675420
5.751390
5.709610
5.690290
5.593120
5.657400
5.700940
5.627240
5.772340
5.698850
5.685620
5.716150
5.673100
5.603450
5.766790
5.717950
5.632890
5.674160
5.700260
5.662450
5.604510
5.680810
5.642080
5.650170
5.783600
5.702280
5.664580
5.703140
5.586800
5.523350
5.677890
5.704360
5.835200
5.726150
5.682850
5.585600
5.650840
5.676230
5.590600
5.614950
5.617760
5.659550
5.588680
5.616410
5.595580
5.715180
5.672720
5.662020
5.710260
5.708610
5.656400
5.638860
5.691130
5.713150
5.682110
5.691700
5.629210
5.632600
5.721000
5.666740
5.684680
5.767300
5.646480
5.724110
5.716830
5.709380
5.594600
5.677170
5.633040
5.669170
5.711150
5.701370
5.586410
5.656620
5.674340
5.614960
5.752740
5.703470
5.543610
5.608640
5.707560
5.622510
5.736440
5.579650
5.668260
5.580980
5.594320
5.657570
5.500860
5.616690
5.576750
5.708400
5.723640
5.588700
5.571700
5.681230
5.605290
5.706010
5.691750
5.652810
5.645730
5.707810
5.574500
5.552720
5.585000
5.714110
5.561330
5.668230
5.640530
5.625410
5.634620
5.706540
5.671880
5.668920
5.608860
5.600410
5.632150
5.776470
5.743880
5.747530
5.793840
5.720760
5.777690
5.614190
5.653680
5.755420
5.723920
5.720410
5.559380
5.647220
5.774870
5.795290
5.735400
5.578690
5.635170
5.677500
5.626430
5.574970
5.629390
5.641760
5.701480
5.727830
5.667580
5.628080
5.641090
5.771010
5.566600
5.702580
5.688720
5.644540
5.683530
5.638960
5.638570
5.700300
5.616480
5.662190
5.615840
5.700260
5.712950
5.582680
5.634490
5.571840
5.708700
5.625340
5.649460
5.564920
5.645980
5.632840
5.597720
5.650390
5.641460
5.682440
5.626880
5.570920
5.735590
5.637950
5.655470
5.748540
5.479330
5.653090
5.555780
5.712240
5.601680
5.603080
5.704430
5.573590
5.782240
5.604230
5.742820
5.751430
5.701180
5.681300
5.744520
5.669660
5.537080
5.732040
5.626960
5.743780
5.654180
5.778260
5.765050
5.561030
5.750860
5.727460
5.636200
5.677970
5.570710
5.687210
5.759770
5.665170
5.585270
5.595270
5.658980
5.616790
5.648460
5.716490
5.598040
5.728350
5.621080
5.670800
5.715310
5.559980
5.777520
5.728500
5.719760
5.700610
5.668820
5.653430
5.685300
5.707070
5.621570
5.707970
5.681920
5.760540
5.638610
5.710460
5.704580
5.772410
5.714060
5.724440
5.727910
5.735860
5.774750
5.590240
5.691660
5.598820
5.781740
5.630550
5.665000
5.573420
5.587230
5.728520
5.685030
5.744430
5.740100
5.621520
5.655240
5.644830
5.649620
5.626120
5.667120
5.682300
5.612400
5.624270
5.631990
5.679730
5.636080
5.685070
5.698220
5.649980
5.604440
5.718750
5.634380
5.685990
5.635520
5.766260
5.560950
5.599630
5.588660
5.663560
5.653550
5.618130
5.480810
5.647740
5.657860
5.560330
5.700810
5.671100
5.643270
5.742540
5.555140
5.668300
5.729670
5.605130
5.618090
5.670040
5.595930
5.718010
5.660600
5.761020
5.690390
5.627990
5.506950
5.715970
5.685820
5.681200
5.755640
5.614210
5.557600
5.745030
5.710950
5.830060
5.548170
5.630550
5.677960
5.676980
5.697060
5.617430
5.706630
5.614050
5.654010
5.583010
5.635800
5.620790
5.711690
5.654530
5.669530
5.619400
5.759440
5.667470
5.724540
5.538870
5.689770
5.654360
5.505040
5.529210
5.608340
5.629120
5.656790
5.663640
5.692640
5.656410
5.631900
5.736580
5.606640
5.626880
5.654210
5.626960
5.711560
5.702430
5.721010
5.773960
5.514620
5.712620
5.609800
5.688630
5.623270
5.524300
5.667260
5.667730
5.606140
5.602760
5.721870
5.710720
5.680290
5.701780
5.654300
5.696750
5.667700
5.621970
5.671300
5.723740
5.622090
5.727500
5.611420
5.667970
5.684280
5.576570
5.733380
5.670080
5.594480
5.622560
5.638740
5.660470
5.619500
5.583020
5.684910
5.644270
5.688140
5.562290
5.579490
5.681910
5.651470
5.714790
5.668970
5.664300
5.635180
5.699680
5.733010
5.667680
5.655010
5.700500
5.674730
5.577460
5.739320
5.657480
5.674260
5.619060
5.643550
5.725430
5.606430
5.588450
5.745360
5.565350
5.662650
5.679870
5.754480
5.548360
5.622660
5.623650
5.527720
5.705370
5.689780
5.595280
5.589290
5.659250
5.662620
5.516330
5.666480
5.606360
5.708990
5.771870
5.622920
5.725670
5.593600
5.762420
5.617480
5.780200
5.709010
5.624610
5.766390
5.734460
5.653180
5.600230
5.627140
5.570060
5.606300
5.714840
5.574790
5.797990
5.633040
5.634690
5.597520
5.681940
5.734830
5.629390
5.620080
5.753930
5.676550
5.676560
5.768260
5.671090
5.712560
5.667590
5.687770
5.612980
5.615990
5.711920
5.632780
5.776430
5.594510
5.647810
5.482300
5.613080
5.607440
5.621740
5.662390
5.609700
5.684390
5.644410
5.670590
5.528170
5.575480
5.583340
5.675120
5.647460
5.626590
5.640520
5.726280
5.685230
5.671380
5.559370
5.689250
5.662180
5.640500
5.670850
5.776610
5.716820
5.794710
5.605080
5.698930
5.712580
5.702930
5.754470
5.731010
5.634110
5.559030
5.642010
5.687290
5.790770
5.584880
5.770940
5.670170
5.677720
5.644950
5.671540
5.591050
5.680530
5.773830
5.643860
5.667310
5.633510
5.669580
5.687340
5.622880
5.592620
5.737460
5.710480
5.668800
5.681050
5.809980
5.665430
5.554660
5.642430
5.700670
5.747560
5.665480
5.573070
5.677860
5.660040
5.669560
5.677080
5.720850
5.714800
5.698630
5.605000
5.808510
5.586150
5.717210
5.627790
5.659870
5.668850
5.729080
5.706440
5.745380
5.582640
5.639370
5.586660
5.652160
5.703430
5.790650
5.602660
5.591570
5.743440
5.720060
5.712790
5.757250
5.676610
5.590160
5.634570
5.673250
5.603580
5.656510
5.682630
5.587580
5.645190
5.677680
5.657020
5.581430
5.702580
5.666820
5.645670
5.678640
5.686440
5.561900
5.682430
5.649930
5.541180
5.710730
5.610340
5.628380
5.629400
5.660510
5.737470
5.655300
5.687530
5.561380
5.706270
5.640770
5.709230
5.739960
5.589940
5.670480
5.598860
5.593140
5.659650
5.580990
5.745420
5.696560
5.669700
5.685510
5.683150
5.579530
5.750820
5.727230
5.648770
5.682530
5.684190
5.620220
5.674620
5.702190
5.670470
5.617550
5.730150
5.751580
5.662160
5.679030
5.706600
5.716790
5.616350
5.619060
5.629560
5.792930
5.732490
5.638020
5.723980
5.663490
5.645800
5.784450
5.661160
5.639040
5.753770
5.684040
5.605270
5.635170
5.607570
5.632720
5.607580
5.671870
5.709250
5.530390
5.675010
5.657350
5.660090
5.602490
5.687290
5.689610
5.731800
5.662480
5.751590
5.629960
5.709140
5.674300
5.694470
5.651960
5.651590
5.679120
5.657960
5.755860
5.784760
5.622460
5.734710
5.611810
5.737190
5.718930
5.657860
5.651150
5.620780
5.798500
5.683040
5.607520
5.701540
5.708520
5.708330
5.650530
5.650230
5.723050
5.641390
5.566220
5.645660
5.603680
5.716330
5.593470
5.634080
5.637450
5.602940
5.633570
5.677570
5.716110
5.769280
5.658690
5.574270
5.578260
5.637960
5.703740
5.572280
5.677260
5.613970
5.572170
5.752910
5.583680
5.716870
5.646850
5.647990
5.692710
5.585020
5.749280
5.553280
5.735410
5.534770
5.777650
5.632920
5.704200
5.589230
5.670580
5.754850
5.600090
5.595910
5.731010
5.531090
5.617410
5.713230
5.628690
5.716150
5.650800
5.732170
5.631900
5.665520
5.657550
5.688330
5.657520
5.643140
5.608420
5.686490
5.762310
5.754340
5.651370
5.700770
5.703950
5.692620
5.682010
5.564910
5.715040
5.591860
5.617720
5.526760
5.652170
5.707810
5.682860
5.585840
5.666540
5.688770
5.603860
5.595250
5.622910
5.573310
5.610730
5.702780
5.603660
5.705680
5.797670
5.770250
5.640080
5.705560
5.730460
5.611130
5.557570
5.690710
5.784120
5.637280
5.727090
5.667110
5.626040
5.832340
5.583040
5.529800
5.737200
5.546140
5.701360
5.690510
5.740380
5.699360
5.670730
5.731570
5.746590
5.637660
5.564010
5.672840
5.752880
5.610290
5.537920
5.628340
5.673920
5.767240
5.675820
5.589700
5.685350
5.637690
5.680760
5.607420
5.768910
5.639730
5.629980
5.706550
5.675950
5.721100
5.580740
5.637850
5.703080
5.585720
5.559060
5.709610
5.690900
5.618490
5.751710
5.661140
5.741280
5.628110
5.624460
5.671210
5.566330
5.653030
5.709930
5.633390
5.718830
5.592260
5.646120
5.666910
5.737620
5.678810
5.539960
5.692360
5.644750
5.652550
5.746820
5.669250
5.752970
5.601280
5.681880
5.640470
5.727750
5.693900
5.668600
5.665330
5.578580
5.639600
5.672030
5.673870
5.750100
5.762030
5.684860
5.572600
5.698490
5.738830
5.609110
5.637600
5.668140
5.628640
5.574620
5.553150
5.646850
5.688780
5.753140
5.655240
5.623720
5.696370
5.601290
5.601860
5.626210
5.681800
5.598370
5.730720
5.763880
5.595310
5.628830
5.499220
5.749040
5.717230
5.606260
5.634720
5.683820
5.777690
5.513210
5.672330
5.590070
5.774010
5.665660
5.687410
5.562560
5.737790
5.618260
5.727250
5.701110
5.741320
5.624360
5.716540
5.551400
5.754740
5.607310
5.654380
5.582480
5.686170
5.595950
5.727130
5.584050
5.639420
5.738870
5.630400
5.625310
5.690400
5.596070
5.627040
5.614550
5.639230
5.542140
5.615150
5.609530
5.704380
5.631240
5.649480
5.743970
5.729270
5.755420
5.623080
5.776140
5.718360
5.642970
5.690450
5.710450
5.753180
5.684310
5.780820
5.650980
5.677750
5.749520
5.581950
5.619090
5.646340
5.745260
5.672820
5.615700
5.738400
5.663970
5.686360
5.660040
5.711170
5.712660
5.637320
5.583890
5.681370
5.677030
5.633410
5.653630
5.625530
5.635870
5.585030
5.672130
5.649930
5.683390
5.705310
5.659490
5.744120
5.651410
5.733920
5.697530
5.694510
5.749080
5.663980
5.662710
5.587210
5.535230
5.657300
5.643670
5.698320
5.722520
5.760800
5.680920
5.635220
5.680840
5.709230
5.656210
5.594310
5.698870
5.698090
5.702580
5.639020
5.548660
5.683450
5.721120
5.748310
5.648250
5.624910
5.761110
5.745870
5.595220
5.569900
5.609150
5.651760
5.699380
5.717130
5.611380
5.707020
5.670150
5.669950
5.721300
5.564510
5.696790
5.709330
5.674450
5.713140
5.521710
5.540090
5.839940
5.616760
5.751240
5.757990
5.651680
5.699360
5.745330
5.740690
5.683560
5.682260
5.588370
5.628140
5.664730
5.585360
5.701020
5.634570
5.685250
5.657440
5.563650
5.679810
5.590780
5.617300
5.642750
5.592930
5.649800
5.682900
5.574500
5.725700
5.628920
5.680520
5.690210
5.524280
5.693190
5.646940
5.767920
5.705220
5.686450
5.714290
5.622640
5.778920
5.687700
5.623380
5.616990
5.582590
5.657670
5.703100
5.620610
5.722050
5.710300
5.683620
5.684010
5.672850
5.580640
5.667850
5.719230
5.721870
5.712490
5.579790
5.660810
5.610410
5.681350
5.582750
5.709060
5.638290
5.606570
5.738210
5.664800
5.643930
5.638490
5.667200
5.640470
5.645940
5.640990
5.675170
5.626500
5.743900
5.601330
5.650230
5.653020
5.708120
5.657570
5.622050
5.574940
5.577950
5.593290
5.541270
5.680810
5.668830
5.672700
5.638250
5.641070
5.657920
5.714490
5.673220
5.640030
5.702810
5.604250
5.578980
5.622380
5.562980
5.616930
5.586560
5.488940
5.645520
5.650860
5.753520
5.537730
5.628210
5.711340
5.636630
5.670120
5.644650
5.594940
5.521810
5.640750
5.573730
5.594340
5.620290
5.753070
5.692240
5.710580
5.690470
5.645740
5.680950
5.743640
5.655490
5.570430
5.720830
5.628510
5.687520
5.718460
5.609980
5.643770
5.721530
5.650210
5.571370
5.639920
5.681750
5.607920
5.612710
5.643050
5.665600
5.620550
5.630660
5.680270
5.680130
5.690320
5.631470
5.557500
5.600510
5.689220
5.604310
5.774720
5.727070
5.612970
5.707910
5.698100
5.710870
5.703750
5.585000
5.628460
5.758480
5.680570
5.659950
5.656650
5.602310
5.621010
5.675020
5.693370
5.681080
5.674890
5.669250
5.560020
5.689570
5.712260
5.694940
5.655180
5.610670
5.695140
5.563630
5.604080
5.565300
5.579500
5.601920
5.619500
5.491130
5.589490
5.634110
5.687810
5.720450
5.759450
5.644350
5.594680
5.541810
5.617150
5.710070
5.616530
5.606970
5.609290
5.717540
5.688000
5.597690
5.653400
5.554160
5.644590
5.627100
5.835080
5.576610
5.648920
5.729310
5.786670
5.644240
5.583280
5.592560
5.640320
5.597600
5.813950
5.629100
5.628310
5.740630
5.586250
5.703900
5.682030
5.533690
5.671120
5.807240
5.662660
5.652480
5.706310
5.568990
5.616200
5.642890
5.650420
5.624610
5.637440
5.707220
5.782630
5.651080
5.680750
5.650710
5.690170
5.849370
5.644110
5.605710
5.628450
5.759480
5.718740
5.761570
5.649410
5.581980
5.675560
5.639230
5.693080
5.684740
5.661270
5.701290
5.622530
5.651340
5.636220
5.652390
5.626970
5.634210
5.624690
5.609780
5.652280
5.644140
5.722560
5.761820
5.599590
5.677980
5.657830
5.670770
5.766660
5.651000
5.692080
5.724030
5.645170
5.689000
5.675910
5.613810
5.715440
5.622710
5.679980
5.654270
5.697610
5.636200
5.689330
5.752160
5.696060
5.600810
5.550360
5.646740
5.693780
5.625660
5.602670
5.612920
5.722610
5.624730
5.739150
5.554800
5.824670
5.526650
5.685010
5.764280
5.808420
5.653520
5.629240
5.708030
5.683190
5.558240
5.600280
5.640560
5.575620
5.559850
5.678520
5.781450
5.532100
5.641810
5.745640
5.693610
5.537560
5.542100
5.628820
5.568510
5.655620
5.752690
5.554340
5.623040
5.617400
5.757510
5.738110
5.643950
5.675960
5.603410
5.648180
5.712360
5.695790
5.582460
5.693540
5.687150
5.600900
5.670200
5.678430
5.756820
5.641920
5.745330
5.625060
5.556600
5.690640
5.595800
5.686680
5.603550
5.703800
5.670350
5.724740
5.584420
5.744660
5.701760
5.631890
5.674750
5.664210
5.698180
5.635830
5.630260
5.714810
5.743080
5.618250
5.789980
5.680400
5.676470
5.650070
5.730950
5.591290
5.566300
5.676920
5.607490
5.674060
5.652550
5.628420
5.729410
5.661520
5.754440
5.737320
5.748250
5.583430
5.630980
5.726390
5.740570
5.568920
5.737440
5.620940
5.675170
5.704940
5.555860
5.633190
5.632120
5.662510
5.623970
5.579080
5.737430
5.618370
5.715520
5.580180
5.606180
5.655900
5.617790
5.631190
5.683680
5.730390
5.742840
5.666120
5.655650
5.652520
5.600020
5.729990
5.654020
5.685380
5.665550
5.617740
5.698150
5.718700
5.730940
5.597260
5.634560
5.733520
5.645910
5.642660
5.731860
5.630090
5.611640
5.713610
5.671570
5.665400
5.653160
5.680040
5.605040
5.682230
5.576450
5.538840
5.560590
5.710360
5.680700
5.677640
5.748810
5.637080
5.653220
5.679060
5.774250
5.660910
5.617920
5.659120
5.790520
5.702160
5.605910
5.683450
5.594510
5.576670
5.605300
5.733490
5.528160
5.562420
5.711090
5.718180
5.700450
5.656410
5.703020
5.505220
5.670670
5.618200
5.718660
5.620260
5.699770
5.657710
5.639430
5.634130
5.602820
5.590100
5.629400
5.648820
5.741200
5.769830
5.829660
5.533140
5.682240
5.639130
5.657730
5.624880
5.558930
5.692460
5.638880
5.736510
5.746310
5.685340
5.608360
5.699130
5.631840
5.690550
5.640450
5.601420
5.537440
5.620050
5.627930
5.636180
5.710680
5.612090
5.683780
5.647720
5.651420
5.598510
5.706940
5.729850
5.758520
5.707200
5.618820
5.637830
5.751920
5.779900
5.660530
5.589810
5.712510
5.631110
5.639870
5.728640
5.623740
5.669560
5.672640
5.610300
5.541920
5.595300
5.678870
5.615790
5.662970
5.651730
5.740700
5.667370
5.670910
5.600480
5.739250
5.630390
5.699230
5.766960
5.692600
5.627680
5.661160
5.620540
5.727720
5.699310
5.509470
5.678280
5.721650
5.690200
5.655220
5.730650
5.615340
5.626180
5.681830
5.730770
5.631730
5.757550
5.663090
5.565130
5.672220
5.712010
5.674620
5.797210
5.611080
5.635200
5.590170
5.715180
5.625000
5.619330
5.685250
5.601800
5.569660
5.762750
5.663870
5.658610
5.646570
5.626580
5.735730
5.675420
5.760810
5.628720
5.671390
5.635690
5.640120
5.686900
5.654470
5.744730
5.711820
5.693910
5.690070
5.643320
5.781590
5.820030
5.664380
5.669150
5.657740
5.613230
5.624310
5.630000
5.554090
5.669960
5.667600
5.538050
5.696560
5.712950
5.620070
5.659320
5.709070
5.582380
5.596170
5.564330
5.683790
5.607120
5.677470
5.661330
5.656190
5.537010
5.657210
5.651940
5.570630
5.516110
5.634270
5.694420
5.710930
5.545610
5.636670
5.659640
5.663280
5.613170
5.574070
5.584310
5.647830
5.749360
5.692350
5.774590
5.807390
5.600280
5.701720
5.631040
5.730490
5.763780
5.729760
5.617290
5.627590
5.721770
5.604730
5.702840
5.609890
5.646160
5.791650
5.738790
5.638860
5.768900
5.514860
5.528530
5.616630
5.716090
5.620920
5.740630
5.671000
5.617560
5.616850
5.694730
5.717650
5.640170
5.602450
5.578460
5.657740
5.596000
5.714760
5.601790
5.704550
5.621970
5.685810
5.586580
5.672550
5.607710
5.577760
5.904370
5.705510
5.714000
5.727360
5.619000
5.645580
5.780840
5.590390
5.566570
5.642950
5.684630
5.747400
5.730580
5.602660
5.718640
5.625440
5.638760
5.702950
5.663880
5.576980
5.791620
5.599570
5.700810
5.708010
5.664950
5.806570
5.679360
5.652270
5.728020
5.596630
5.630190
5.625870
5.737510
5.628690
5.712370
5.713720
5.619430
5.643390
5.614420
5.606670
5.854030
5.713430
5.743820
5.685610
5.693060
5.719490
5.496320
5.694220
5.631690
5.661620
5.687430
5.580910
5.668230
5.662820
5.745030
5.562440
5.639820
5.701160
5.635590
5.625280
5.674400
5.659780
5.780630
5.711720
5.601100
5.625490
5.776100
5.539750
5.753690
5.628630
5.827330
5.791700
5.716580
5.634540
5.707140
5.700390
5.631460
5.750390
5.607350
5.749360
5.547710
5.623300
5.761300
5.604860
5.680720
5.776020
5.649720
5.646530
5.741050
5.704510
5.667250
5.757300
5.692940
5.721270
5.623970
5.688730
5.736220
5.634480
5.759210
5.640660
5.619550
5.764190
5.569860
5.715380
5.679130
5.692600
5.785610
5.616580
5.662280
5.640500
5.739250
5.660470
5.653370
5.632710
5.605610
5.634040
5.646840
5.660880
5.649570
5.672430
5.756950
5.791860
5.619080
5.662400
5.746900
5.653990
5.691340
5.597820
5.647410
5.695760
5.558630
5.622660
5.671220
5.642650
5.641910
5.676520
5.600180
5.602990
5.771940
5.654000
5.619840
5.677510
5.723180
5.771400
5.666020
5.582710
5.556780
5.674590
5.627400
5.609190
5.688790
5.652730
5.683750
5.583420
5.632740
5.715470
5.593360
5.605330
5.634510
5.679070
5.710910
5.773170
5.582300
5.676740
5.652370
5.566070
5.636400
5.589220
5.654090
5.602920
5.599350
5.682320
5.643770
5.641350
5.769260
5.720520
5.623700
5.641390
5.661080
5.645980
5.744300
5.493940
5.691530
5.664350
5.623630
5.730390
5.653750
5.591520
5.675230
5.702510
5.655450
5.666520
5.725380
5.727230
5.595020
5.710690
5.583010
5.727580
5.607700
5.781710
5.777510
5.653800
5.621850
5.740860
5.719030
5.544790
5.630570
5.612480
5.672150
5.569940
5.652470
5.611580
5.608100
5.637470
5.585840
5.681860
5.667470
5.650400
5.812800
5.687560
5.626630
5.659920
5.654520
5.733430
5.656030
5.621590
5.647050
5.707130
5.702090
5.627840
5.667660
5.554420
5.522120
5.612680
5.598940
5.717350
5.665660
5.572790
5.716720
5.626240
5.628750
5.648010
5.759950
5.721250
5.713140
5.659100
5.593940
5.563450
5.605070
5.554710
5.608030
5.661930
5.580290
5.597990
5.666240
5.641510
5.623500
5.655760
5.717120
5.642840
5.626880
5.680750
5.687720
5.759370
5.591590
5.597660
5.610080
5.680670
5.685950
5.693890
5.673700
5.692100
5.579940
5.640510
5.771650
5.707570
5.675580
5.586530
5.769680
5.654730
5.740140
5.638390
5.645610
5.662870
5.580930
5.668980
5.624340
5.594920
5.799920
5.633080
5.604120
5.681750
5.598830
5.678940
5.674000
5.700350
5.665910
5.594350
5.746410
5.783710
5.678790
5.528670
5.744350
5.507280
5.635220
5.719920
5.705640
5.754570
5.652510
5.613690
5.683700
5.618290
5.642930
5.633610
5.627390
5.613500
5.722740
5.573640
5.626170
5.734910
5.590660
5.545100
5.708080
5.549870
5.671910
5.675260
5.583260
5.611360
5.512330
5.612140
5.628780
5.690280
5.672650
5.607240
5.774330
5.630430
5.623130
5.691480
5.656250
5.667640
5.620800
5.561540
5.756600
5.526860
5.613050
5.641620
5.624850
5.481430
5.681910
5.725940
5.717870
5.653880
5.704640
5.728660
5.617440
5.677850
5.606410
5.684640
5.626890
5.711170
5.621140
5.760630
5.738410
5.643470
5.674940
5.711890
5.629600
5.738200
5.589800
5.794580
5.683010
5.665780
5.742960
5.633890
5.611410
5.653660
5.675030
5.616300
5.700350
5.633250
5.622450
5.646550
5.632100
5.731130
5.554850
5.659620
5.487960
5.751360
5.587630
5.741040
5.628580
5.622040
5.628570
5.667060
5.618930
5.563630
5.651380
5.523850
5.626900
5.638850
5.570310
5.619040
5.710460
5.597980
5.521270
5.663740
5.547770
5.583110
5.676600
5.669840
5.663120
5.633480
5.609730
5.718510
5.636930
5.699090
5.669960
5.627290
5.581690
5.561030
5.602320
5.592030
5.669620
5.607320
5.751280
5.662550
5.663740
5.650550
5.719950
5.684640
5.704510
5.771800
5.687860
5.627250
5.671840
5.644910
5.645350
5.627850
5.632460
5.558170
5.695760
5.574020
5.652370
5.633510
5.621740
5.754190
5.664450
5.683150
5.738120
5.780950
5.688230
5.678030
5.601740
5.647190
5.810140
5.632710
5.665260
5.790760
5.606030
5.612920
5.668010
5.739370
5.705440
5.662550
5.638770
5.546300
5.665190
5.682490
5.602170
5.667120
5.639200
5.569340
5.646250
5.562820
5.707630
5.709020
5.663500
5.629910
5.700060
5.624040
5.696770
5.706610
5.547990
5.663880
5.730500
5.673460
5.683100
5.708460
5.692030
5.565020
5.587460
5.706270
5.719930
5.627230
5.686220
5.716520
5.740950
5.701910
5.678500
5.737320
5.599330
5.615530
5.711180
5.666910
5.701760
5.716490
5.644780
5.612920
5.658180
5.648340
5.683020
5.687340
5.621340
5.691810
5.639710
5.707550
5.767000
5.675690
5.636250
5.653870
5.663660
5.800960
5.756500
5.637180
5.630560
5.729740
5.652790
5.636510
5.664770
5.734200
5.604460
5.664910
5.634920
5.664050
5.597830
5.786240
5.586810
5.634120
5.679950
5.621430
5.689330
5.686190
5.745240
5.544730
5.609370
5.669910
5.670340
5.745830
5.723850
5.699520
5.698220
5.697600
5.684900
5.574840
5.585650
5.572430
5.698130
5.624200
5.625570
5.692340
5.741740
5.720080
5.636790
5.730120
5.615940
5.698940
5.707610
5.595950
5.722690
5.619420
5.628210
5.627540
5.652070
5.625420
5.590920
5.584880
5.609160
5.731930
5.677270
5.675540
5.625390
5.720300
5.553900
5.635810
5.619360
5.686030
5.661150
5.580160
5.697930
5.558350
5.665720
5.694990
5.775240
5.649390
5.695640
5.636590
5.739480
5.673620
5.718350
5.703360
5.683390
5.645760
5.685920
5.633100
5.664290
5.693040
5.604920
5.678610
5.650660
5.697370
5.705340
5.553040
5.667760
5.602670
5.549320
5.618020
5.719220
5.580790
5.618420
5.575110
5.583410
5.733140
5.794340
5.640120
5.743170
5.674740
5.546930
5.676910
5.666360
5.631450
5.618780
5.680270
5.743560
5.626280
5.633610
5.732060
5.625520
5.745940
5.645600
5.607420
5.655330
5.644520
5.583490
5.684130
5.557060
5.702270
5.606180
5.617040
5.614390
5.737050
5.638110
5.596700
5.521610
5.644400
5.677550
5.682650
5.658270
5.669010
5.627790
5.677510
5.768170
5.658860
5.639940
5.574560
5.654910
5.709340
5.645400
5.672840
5.626590
5.633490
5.784300
5.721000
5.663570
5.685420
5.678960
5.583330
5.660360
5.581040
5.652850
5.581360
5.715660
5.668420
5.782280
5.739890
5.612140
5.580900
5.504170
5.709030
5.734410
5.596210
5.633950
5.560940
5.531050
5.632190
5.643100
5.724620
5.717240
5.554930
5.656550
5.705230
5.653210
5.691980
5.713150
5.662510
5.644620
5.769640
5.619740
5.653960
5.785320
5.715100
5.600650
5.612550
5.713890
5.712930
5.734260
5.647100
5.548260
5.766960
5.642220
5.624670
5.780390
5.541580
5.728510
5.667160
5.667690
5.783020
5.729340
5.569620
5.599030
5.504090
5.722960
5.692680
5.645450
5.628990
5.624890
5.689200
5.627300
5.564460
5.600550
5.684790
5.615630
5.590830
5.602450
5.697310
5.734990
5.532030
5.698460
5.732440
5.685930
5.719240
5.760000
5.682710
5.704350
5.667370
5.594290
5.634770
5.662330
5.685380
5.653560
5.727260
5.629030
5.720860
5.727920
5.652920
5.724900
5.635440
5.574850
5.586350
5.802610
5.555730
5.626080
5.660990
5.665790
5.620830
5.622910
5.687260
5.725120
5.722120
5.709140
5.738020
5.818260
5.730820
5.619020
5.657090
5.667460
5.659550
5.682920
5.628040
5.707010
5.666190
5.723840
5.570130
5.583250
5.529230
5.615740
5.645240
5.657050
5.629870
5.765380
5.507120
5.517130
5.626050
5.765460
5.745760
5.643450
5.670400
5.651660
5.621520
5.672680
5.693030
5.720840
5.677460
5.695160
5.658450
5.612780
5.707750
5.668380
5.660630
5.735800
5.768130
5.639150
5.681540
5.563580
5.627090
5.690270
5.687340
5.605330
5.579280
5.673310
5.724500
5.640700
5.729460
5.690260
5.658040
5.679280
5.645450
5.729230
5.671530
5.671840
5.580560
5.770690
5.656630
5.557000
5.611260
5.688270
5.629250
5.640860
5.670310
5.561470
5.657570
5.677140
5.643540
5.555440
5.742010
5.750060
5.700570
5.799460
5.644400
5.590480
5.477320
5.611740
5.648310
5.654140
5.715480
5.577660
5.707700
5.567160
5.604400
5.640120
5.560850
5.727960
5.628550
5.683410
5.694650
5.655250
5.644410
5.677460
5.625260
5.719330
5.641040
5.696670
5.620060
5.642210
5.659130
5.705630
5.581790
5.690550
5.699980
5.782640
5.612110
5.564960
5.677260
5.696030
5.633310
5.630590
5.745790
5.625670
5.728460
5.686710
5.539720
5.606940
5.558510
5.739870
5.690610
5.648330
5.701830
5.649530
5.581460
5.605970
5.632100
5.630370
5.609480
5.586030
5.558910
5.737610
5.693640
5.664440
5.659800
5.669500
5.723560
5.583910
5.653150
5.800950
5.717550
5.722660
5.643570
5.781420
5.609610
5.805460
5.614520
5.632650
5.589980
5.602820
5.635810
5.679070
5.696350
5.634070
5.664690
5.632470
5.673680
5.620580
5.613530
5.702370
5.522100
5.679960
5.633490
5.661310
5.672610
5.596070
5.771070
5.631970
5.603520
5.678940
5.560280
5.652840
5.599330
5.721980
5.617870
5.481050
5.688140
5.587690
5.579130
5.672560
5.585430
5.745660
5.625860
5.683940
5.649620
5.693650
5.653670
5.666340
5.637180
5.574320
5.605090
5.699480
5.710880
5.697030
5.654710
5.707820
5.546070
5.756610
5.576800
5.540750
5.635530
5.662570
5.676990
5.701290
5.767020
5.756010
5.711450
5.538920
5.693740
5.727010
5.615790
5.632390
5.717050
5.668210
5.733400
5.657630
5.678330
5.640340
5.716370
5.700700
5.660450
5.731910
5.607800
5.640300
5.600800
5.653200
5.711940
5.638490
5.626210
5.682590
5.753100
5.732350
5.740590
5.729370
5.720230
5.606940
5.855490
5.683450
5.672520
5.706670
5.679880
5.649260
5.564770
5.629820
5.794370
5.621530
5.647360
5.664000
5.647760
5.638540
5.634260
5.753300
5.685600
5.507480
5.720740
5.641570
5.692670
5.568530
5.657890
5.640850
5.560430
5.744180
5.625510
5.843960
5.516100
5.692790
5.539230
5.601590
5.629480
5.614000
5.653050
5.610740
5.683760
5.593000
5.620310
5.707940
5.622470
5.736780
5.780590
5.682390
5.644700
5.609880
5.642110
5.744480
5.658340
5.562660
5.647100
5.528740
5.658850
5.657500
5.702060
5.507320
5.590360
5.581600
5.694310
5.749310
5.617060
5.625370
5.728910
5.561260
5.627480
5.663460
5.607630
5.614920
5.712300
5.598330
5.763790
5.689070
5.648260
5.665070
5.611400
5.798750
5.681380
5.556640
5.601270
5.713810
5.643450
5.609710
5.626800
5.758180
5.783190
5.595170
5.703290
5.695480
5.684140
5.760900
5.670320
5.565700
5.731210
5.703020
5.669710
5.721010
5.622560
5.696870
5.585450
5.697280
5.578360
5.656090
5.762640
5.709760
5.707980
5.606360
5.613430
5.650330
5.714890
5.648620
5.612160
5.604710
5.534890
5.621270
5.632290
5.644820
5.583120
5.537800
5.668240
5.550600
5.660350
5.679750
5.613240
5.830560
5.651030
5.657900
5.767820
5.733980
5.648790
5.543630
5.666130
5.660230
5.764140
5.680310
5.639910
5.501590
5.690400
5.656480
5.675290
5.689200
5.697470
5.627030
5.685480
5.767480
5.666300
5.687290
5.512070
5.642190
5.675890
5.573490
5.637250
5.601020
5.672920
5.547570
5.686110
5.672610
5.711970
5.642530
5.782350
5.650830
5.712820
5.600450
5.568530
5.699070
5.704730
5.567840
5.732590
5.570170
5.634880
5.716030
5.675260
5.477630
5.721450
5.713100
5.669000
5.747170
5.675350
5.611300
5.601090
5.490130
5.635450
5.612930
5.777490
5.599510
5.730910
5.614320
5.699890
5.676360
5.613820
5.589790
5.526600
5.693720
5.633010
5.712860
5.616470
5.615970
5.648020
5.533910
5.617050
5.704210
5.701470
5.655800
5.736210
5.750080
5.695400
5.683900
5.771790
5.536300
5.587580
5.641530
5.658160
5.633010
5.720930
5.638470
5.750180
5.724660
5.726180
5.670360
5.570950
5.640430
5.682820
5.662820
5.833960
5.662460
5.700050
5.678210
5.553850
5.725330
5.709610
5.669110
5.594860
5.655080
5.626150
5.717510
5.554790
5.587600
5.632300
5.675910
5.611990
5.774890
5.633780
5.595090
5.780020
5.572730
5.723570
5.641440
5.686410
5.705880
5.633090
5.587190
5.688980
5.728510
5.691100
5.530520
5.722210
5.585010
5.697230
5.719620
5.780550
5.689290
5.674680
5.621240
5.544490
5.683170
5.763920
5.628280
5.600980
5.677160
5.677020
5.709610
5.605020
5.737060
5.692290
5.622380
5.648740
5.514000
5.693780
5.634240
5.733900
5.638010
5.518680
5.554790
5.684340
5.601860
5.561440
5.686420
5.640140
5.632270
5.592020
5.620190
5.792290
5.809230
5.638530
5.668550
5.752710
5.633290
5.671370
5.680550
5.808410
5.529250
5.691930
5.657010
5.723920
5.762510
5.751820
5.693900
5.697910
5.648510
5.601120
5.665630
5.683080
5.667890
5.574200
5.731390
5.593940
5.818550
5.594730
5.642000
5.570190
5.636420
5.731690
5.853620
5.764440
5.683020
5.644410
5.477660
5.658180
5.643300
5.609550
5.763390
5.698550
5.723460
5.672750
5.660760
5.549420
5.637890
5.644220
5.724380
5.591070
5.768340
5.659380
5.546180
5.606810
5.701750
5.672960
5.565430
5.581190
5.618720
5.719160
5.620150
5.638960
5.707960
5.711090
5.609100
5.658530
5.652090
5.629440
5.602640
5.614280
5.558410
5.574710
5.663230
5.524680
5.642120
5.622210
5.689170
5.663210
5.720360
5.695740
5.728440
5.644260
5.616950
5.601180
5.731850
5.691160
5.605080
5.635660
5.590580
5.617970
5.666630
5.733570
5.730770
5.636240
5.685000
5.750250
5.513040
5.612980
5.650570
5.722950
5.736490
5.575090
5.721700
5.689940
5.709020
5.677520
5.687300
5.756740
5.574160
5.649850
5.674590
5.586910
5.624500
5.654770
5.613220
5.689350
5.647620
5.751180
5.619000
5.620880
5.595900
5.561200
5.756100
5.691700
5.769270
5.643660
5.726410
5.678390
5.467710
5.647780
5.599160
5.622410
5.649810
5.627690
5.613810
5.593440
5.593910
5.752290
5.666530
5.558410
5.652970
5.650150
5.671000
5.605790
5.655670
5.689180
5.718190
5.593710
5.573970
5.754040
5.694100
5.646150
5.556150
5.780990
5.566350
5.622080
5.601760
5.658330
5.722860
5.761060
5.688960
5.669300
5.662610
5.581760
5.610240
5.713650
5.680320
5.706150
5.715920
5.665660
5.539970
5.736560
5.523130
5.565690
5.695230
5.771540
5.727820
5.710290
5.574980
5.654160
5.668650
5.564840
5.609480
5.788600
5.707060
5.694070
5.780500
5.537400
5.619260
5.586530
5.612590
5.661330
5.739820
5.651630
5.762470
5.661800
5.658980
5.605040
5.676830
5.639270
5.593390
5.649300
5.675870
5.647410
5.643600
5.711760
5.658720
5.633680
5.634950
5.747010
5.769870
5.620690
5.767850
5.681770
5.753240
5.614740
5.642630
5.610940
5.632300
5.731010
5.631930
5.735470
5.686200
5.744560
5.745890
5.589390
5.701840
5.728450
5.590650
5.685950
5.522390
5.651810
5.676500
5.663390
5.573250
5.679180
5.620350
5.676430
5.637250
5.571990
5.698850
5.678850
5.700950
5.585910
5.712990
5.675640
5.589230
5.619090
5.513250
5.738510
5.688130
5.674540
5.705540
5.651280
5.603650
5.666990
5.599480
5.771400
5.648890
5.687510
5.708590
5.567600
5.535500
5.612370
5.658310
5.707150
5.639040
5.639040
