5.640570
5.663820
5.645510
5.630220
5.707020
5.693250
5.657870
5.629100
5.640350
5.633190
5.618480
5.738750
5.648030
5.750340
5.732450
5.579450
5.692460
5.630170
5.682290
5.650900
5.576650
5.602640
5.592830
5.596060
5.710200
5.688830
5.659830
5.637280
5.821290
5.572540
5.673110
5.661460
5.602510
5.528800
5.640250
5.702310
5.685900
5.709190
5.703070
5.642310
5.659920
5.631540
5.630400
5.545620
5.742480
5.639570
5.687540
5.706610
5.648500
5.625090
5.656700
5.561560
5.538460
5.649510
5.610400
5.695440
5.632370
5.631140
5.671130
5.632110
5.647690
5.719750
5.604530
5.664120
5.601900
5.576420
5.824540
5.619000
5.683260
5.753260
5.710130
5.669590
5.682200
5.654050
5.701710
5.753980
5.753370
5.687430
5.660050
5.720930
5.669370
5.579990
5.616110
5.597540
5.709390
5.697280
5.577340
5.682980
5.666130
5.731920
5.661110
5.746910
5.707440
5.603120
5.645000
5.688300
5.613820
5.603870
5.695420
5.704810
5.872770
5.704440
5.706570
5.653960
5.644210
5.678600
5.623420
5.621270
5.814520
5.628140
5.612220
5.638870
5.669150
5.632760
5.625810
5.591860
5.774360
5.574580
5.586970
5.579460
5.770570
5.738550
5.709260
5.720920
5.693710
5.628850
5.659820
5.605900
5.582810
5.723840
5.667510
5.664330
5.597050
5.690450
5.618540
5.726520
5.574880
5.639210
5.650090
5.796520
5.682410
5.689470
5.709710
5.665070
5.655430
5.654180
5.700250
5.609290
5.692380
5.680500
5.690350
5.708630
5.731950
5.567380
5.712680
5.731280
5.605600
5.799760
5.704820
5.672930
5.719100
5.714090
5.694880
5.684350
5.684570
5.660600
5.654960
5.616370
5.658640
5.722890
5.624780
5.661090
5.648630
5.616840
5.653300
5.755650
5.712170
5.685840
5.676030
5.697140
5.616610
5.612980
5.721580
5.742720
5.650570
5.657860
5.710650
5.629280
5.682570
5.768800
5.782430
5.728100
5.656840
5.606490
5.674300
5.539090
5.739660
5.703210
5.615790
5.621990
5.739940
5.581820
5.645640
5.709790
5.611070
5.665420
5.711030
5.733610
5.639700
5.673090
5.563430
5.676860
5.677910
5.624070
5.522770
5.629050
5.776510
5.719680
5.752300
5.508940
5.650370
5.669950
5.775240
5.630290
5.667580
5.530360
5.674520
5.523180
5.780510
5.765740
5.637880
5.627640
5.630610
5.701280
5.648160
5.758100
5.701630
5.658440
5.590400
5.687850
5.755190
5.712340
5.591140
5.526500
5.566680
5.684920
5.582890
5.728270
5.659080
5.682230
5.691090
5.678760
5.603950
5.521440
5.678510
5.672220
5.731100
5.729380
5.592170
5.756810
5.617800
5.678270
5.755770
5.678250
5.715910
5.579500
5.834490
5.699560
5.669260
5.678890
5.635120
5.606150
5.631230
5.572050
5.614260
5.723020
5.581320
5.677570
5.769020
5.585510
5.598140
5.553870
5.620810
5.708460
5.647920
5.478070
5.678880
5.685170
5.640480
5.721730
5.640070
5.591110
5.832850
5.660600
5.755960
5.606290
5.693660
5.723070
5.547090
5.606330
5.734550
5.670160
5.641220
5.697790
5.704880
5.589230
5.655600
5.715320
5.688570
5.676650
5.735060
5.677700
5.617830
5.629410
5.550170
5.689870
5.521760
5.648720
5.716830
5.587870
5.676320
5.717450
5.661670
5.794900
5.695970
5.634820
5.652820
5.690590
5.746820
5.717020
5.674710
5.652100
5.721050
5.650930
5.626220
5.671660
5.689120
5.656990
5.629880
5.763810
5.599290
5.692990
5.723080
5.657150
5.656180
5.697670
5.669770
5.699630
5.606500
5.637790
5.592390
5.666480
5.680920
5.633510
5.733110
5.764940
5.662070
5.782110
5.726380
5.539900
5.717820
5.697560
5.553740
5.714090
5.585190
5.620350
5.614500
5.783690
5.569530
5.788790
5.677690
5.653850
5.685420
5.645090
5.744650
5.773120
5.620230
5.585460
5.690940
5.593140
5.713650
5.528590
5.582510
5.590280
5.602480
5.620170
5.641990
5.682680
5.636240
5.751870
5.712300
5.638190
5.661530
5.672440
5.741240
5.678580
5.515010
5.675790
5.681520
5.522400
5.548570
5.651880
5.614150
5.616840
5.615280
5.655540
5.685640
5.800630
5.642510
5.606520
5.638000
5.672760
5.741820
5.586500
5.726910
5.716350
5.561440
5.663630
5.767910
5.657820
5.747530
5.603910
5.594700
5.723910
5.728570
5.598380
5.632950
5.698390
5.592330
5.631140
5.639950
5.627930
5.593820
5.662880
5.612130
5.680940
5.709510
5.671580
5.593700
5.668670
5.581220
5.674890
5.703170
5.660780
5.668440
5.602330
5.580610
5.695510
5.662410
5.668690
5.608950
5.722350
5.714790
5.629440
5.652360
5.674230
5.721280
5.625070
5.728910
5.654110
5.788310
5.707010
5.656800
5.772050
5.713500
5.761550
5.655540
5.703510
5.699380
5.702490
5.689970
5.613910
5.555470
5.808870
5.664000
5.685070
5.601340
5.566530
5.713960
5.561270
5.531920
5.675860
5.712790
5.642320
5.673730
5.706530
5.700210
5.793240
5.607660
5.537020
5.684480
5.612780
5.653790
5.648250
5.677650
5.615250
5.759770
5.639310
5.642410
5.676780
5.717180
5.678910
5.680640
5.654730
5.645160
5.596820
5.566780
5.580070
5.644370
5.740550
5.673510
5.753830
5.737100
5.616820
5.706550
5.619230
5.718620
5.730440
5.634290
5.498230
5.635780
5.561460
5.636130
5.714980
5.713590
5.724120
5.684580
5.605980
5.626180
5.578140
5.715840
5.601560
5.645750
5.674000
5.676150
5.806020
5.559920
5.671930
5.632220
5.654850
5.614100
5.677590
5.599760
5.574020
5.620640
5.599440
5.598650
5.703370
5.668630
5.701630
5.780490
5.707060
5.653700
5.708570
5.659340
5.580160
5.518230
5.633480
5.690880
5.616870
5.680390
5.688900
5.663350
5.677670
5.649590
5.612000
5.732930
5.630350
5.730860
5.654570
5.680260
5.641010
5.663890
5.613160
5.536830
5.775840
5.637240
5.710640
5.715990
5.703870
5.717500
5.755770
5.667080
5.684320
5.713120
5.729960
5.614680
5.690120
5.733890
5.528030
5.623400
5.722450
5.683520
5.757070
5.638230
5.708090
5.626110
5.640310
5.649030
5.540400
5.636780
5.720050
5.609460
5.678330
5.753180
5.652240
5.692660
5.654440
5.585930
5.817950
5.716110
5.754270
5.500570
5.529240
5.769260
5.688150
5.587800
5.676960
5.573530
5.599640
5.607030
5.695040
5.668810
5.716840
5.588260
5.590480
5.587700
5.571170
5.651540
5.688930
5.698070
5.573780
5.553840
5.737530
5.652910
5.630680
5.764940
5.522650
5.655260
5.637640
5.636140
5.561710
5.631350
5.863050
5.657420
5.663400
5.518520
5.613850
5.770330
5.631320
5.614990
5.556400
5.662960
5.650920
5.650920
5.644290
5.643740
5.586150
5.604250
5.581760
5.650440
5.636290
5.591620
5.637530
5.577580
5.517940
5.680740
5.707900
5.663160
5.715520
5.626650
5.689980
5.603250
5.586040
5.741260
5.652040
5.690510
5.722120
5.585010
5.635930
5.713740
5.723480
5.659650
5.709260
5.638930
5.655770
5.684300
5.642410
5.634050
5.709020
5.631250
5.675420
5.575090
5.667000
5.682520
5.715170
5.716170
5.606120
5.691850
5.611610
5.661990
5.665080
5.690900
5.659450
5.674370
5.601420
5.656610
5.702870
5.698340
5.694930
5.562590
5.686190
5.621580
5.622250
5.698210
5.716220
5.650340
5.632500
5.656640
5.526700
5.823020
5.621060
5.657720
5.641330
5.737450
5.797600
5.754260
5.659080
5.698430
5.582260
5.806700
5.701970
5.731600
5.642570
5.597910
5.637450
5.720980
5.736150
5.751620
5.606610
5.650570
5.670800
5.625540
5.656760
5.601660
5.631980
5.573640
5.687700
5.608330
5.636640
5.658430
5.581530
5.631780
5.715820
5.776800
5.635980
5.688700
5.660640
5.682640
5.659770
5.713600
5.713310
5.746320
5.625230
5.730640
5.678290
5.637250
5.672920
5.596430
5.534790
5.681860
5.679770
5.554520
5.585790
5.680070
5.639020
5.672860
5.774530
5.706800
5.590120
5.664840
5.668620
5.617130
5.733420
5.748990
5.639760
5.830080
5.552730
5.703840
5.638680
5.585520
5.651060
5.710640
5.698600
5.691550
5.680940
5.624390
5.568970
5.699540
5.635020
5.578360
5.686220
5.761460
5.661960
5.664710
5.700360
5.673150
5.680140
5.671740
5.727120
5.675480
5.666910
5.695590
5.621480
5.677080
5.638400
5.648520
5.666450
5.689470
5.599670
5.546550
5.677960
5.513140
5.657010
5.730790
5.627700
5.678440
5.625670
5.767680
5.682750
5.568080
5.790910
5.763010
5.738410
5.571190
5.718960
5.548970
5.682940
5.638500
5.647180
5.673350
5.560960
5.651710
5.678170
5.726310
5.643540
5.683420
5.593810
5.678130
5.772040
5.630420
5.609110
5.605780
5.657100
5.626200
5.657950
5.608520
5.822390
5.633490
5.730830
5.671240
5.511670
5.703640
5.632900
5.678970
5.684310
5.745900
5.540540
5.643160
5.628790
5.713000
5.679790
5.642760
5.712260
5.641000
5.666860
5.745390
5.582240
5.667320
5.643450
5.610210
5.649650
5.653130
5.679350
5.674130
5.628820
5.783190
5.640320
5.688850
5.756030
5.742540
5.797500
5.704670
5.701040
5.791520
5.700260
5.631240
5.706230
5.677550
5.786460
5.620140
5.772160
5.615300
5.727980
5.729280
5.661040
5.633400
5.591140
5.724530
5.634570
5.690170
5.723590
5.678060
5.755350
5.709470
5.605600
5.570970
5.648490
5.618540
5.591970
5.716910
5.591140
5.676120
5.605930
5.643260
5.650870
5.717070
5.613290
5.623200
5.694250
5.766620
5.665690
5.655770
5.663320
5.615110
5.770440
5.662270
5.617050
5.727120
5.586530
5.615820
5.726280
5.769360
5.560730
5.739310
5.609480
5.616480
5.700790
5.669860
5.662170
5.660480
5.656260
5.632650
5.612090
5.593680
5.676190
5.722950
5.739200
5.600090
5.635440
5.729370
5.639490
5.653560
5.565740
5.627920
5.787230
5.528590
5.667630
5.678080
5.647640
5.634220
5.707210
5.646460
5.696210
5.626270
5.678610
5.568530
5.546610
5.697790
5.645150
5.691430
5.713910
5.759540
5.640090
5.671250
5.609220
5.737670
5.653260
5.617360
5.587470
5.689940
5.806060
5.734860
5.630940
5.729100
5.712650
5.589740
5.663240
5.668330
5.800950
5.659380
5.668940
5.642990
5.615980
5.638670
5.644350
5.700950
5.745980
5.638870
5.675700
5.637550
5.677100
5.562450
5.643470
5.567380
5.600450
5.620390
5.664340
5.685310
5.641400
5.687250
5.612790
5.610590
5.676140
5.618880
5.557840
5.653060
5.693710
5.605840
5.590080
5.612210
5.584280
5.608880
5.655980
5.566430
5.716670
5.736250
5.731440
5.717120
5.733550
5.771170
5.606690
5.586990
5.600040
5.760560
5.658590
5.663060
5.571430
5.652360
5.515750
5.620280
5.540560
5.520150
5.682600
5.610970
5.707110
5.620830
5.720100
5.690590
5.727410
5.604320
5.631200
5.641540
5.715760
5.656460
5.598680
5.568760
5.609620
5.604370
5.652760
5.735520
5.685190
5.662700
5.638030
5.655870
5.583040
5.708320
5.621580
5.713290
5.620710
5.668300
5.670770
5.678690
5.669290
5.677110
5.686680
5.611940
5.694270
5.549990
5.713640
5.665880
5.753360
5.613130
5.542000
5.627570
5.621040
5.619520
5.645180
5.750730
5.697280
5.530930
5.790080
5.680560
5.631770
5.598110
5.602140
5.711630
5.738700
5.740710
5.508280
5.796330
5.639930
5.641620
5.584120
5.645120
5.689520
5.680020
5.691580
5.578480
5.706480
5.689430
5.728170
5.574790
5.623900
5.585080
5.790410
5.647700
5.631100
5.583920
5.653270
5.648600
5.666220
5.646650
5.703080
5.645320
5.567990
5.592450
5.653520
5.671410
5.612540
5.644530
5.578880
5.707010
5.644680
5.697240
5.772560
5.754750
5.594790
5.664350
5.687560
5.597730
5.692970
5.619300
5.713620
5.645440
5.713750
5.686180
5.671630
5.858390
5.751860
5.579650
5.722100
5.668580
5.691000
5.576410
5.741230
5.761610
5.701560
5.667570
5.542270
5.594670
5.740740
5.701920
5.702190
5.620580
5.581770
5.724510
5.689990
5.660990
5.622080
5.656450
5.636840
5.618230
5.607190
5.734330
5.631250
5.764810
5.687840
5.631080
5.675240
5.707820
5.618340
5.586360
5.637030
5.616040
5.675510
5.745280
5.624010
5.688070
5.646370
5.640250
5.577950
5.632970
5.782740
5.618620
5.601830
5.778000
5.682980
5.637040
5.559010
5.688080
5.740340
5.610260
5.522700
5.622690
5.653580
5.531300
5.661050
5.727610
5.668530
5.616590
5.698280
5.689200
5.651010
5.589160
5.705760
5.780570
5.616620
5.712570
5.658010
5.675360
5.617640
5.645660
5.582010
5.763290
5.610160
5.722780
5.744320
5.603460
5.620200
5.652250
5.696610
5.777940
5.751980
5.611180
5.797440
5.711540
5.643130
5.730020
5.607170
5.663250
5.678730
5.765580
5.712570
5.596270
5.680030
5.610860
5.701870
5.760440
5.536290
5.653380
5.601270
5.706420
5.684520
5.639430
5.684660
5.629390
5.644970
5.625630
5.654240
5.725440
5.737590
5.653790
5.655900
5.733390
5.703390
5.500860
5.576820
5.667360
5.578280
5.620180
5.673940
5.711420
5.693800
5.716610
5.625310
5.635690
5.689830
5.691750
5.641930
5.663770
5.659100
5.716840
5.631170
5.767170
5.691450
5.741040
5.690000
5.712370
5.694930
5.646620
5.712910
5.677190
5.690030
5.646080
5.649590
5.772740
5.661330
5.676200
5.614900
5.620730
5.686100
5.630820
5.644980
5.684310
5.736790
5.718740
5.642430
5.657020
5.748060
5.683690
5.621070
5.631100
5.669320
5.552440
5.697780
5.693810
5.697360
5.619560
5.542900
5.626100
5.572750
5.642940
5.691280
5.676540
5.614490
5.651240
5.768840
5.631110
5.560180
5.560690
5.666550
5.701590
5.546790
5.658360
5.731750
5.623730
5.655400
5.603600
5.729980
5.620320
5.660350
5.729010
5.547950
5.600020
5.638690
5.593500
5.657980
5.594460
5.646110
5.569700
5.610110
5.670210
5.612190
5.576260
5.607020
5.755430
5.553050
5.724410
5.578840
5.571470
5.791800
5.642150
5.644260
5.549620
5.562850
5.708510
5.627020
5.608310
5.668530
5.704100
5.692530
5.679940
5.748960
5.677260
5.617030
5.704950
5.615030
5.631780
5.603600
5.686100
5.651740
5.635660
5.731880
5.706570
5.599860
5.687330
5.676200
5.596100
5.666790
5.610360
5.633890
5.560140
5.648900
5.632400
5.653240
5.488870
5.687920
5.563800
5.577870
5.536730
5.637210
5.600240
5.807420
5.766390
5.621560
5.704140
5.610200
5.642110
5.614590
5.729070
5.726780
5.604870
5.625660
5.639730
5.754590
5.592540
5.577870
5.775280
5.625470
5.701280
5.664970
5.651060
5.788880
5.691480
5.695450
5.704920
5.743800
5.538280
5.568190
5.613180
5.614610
5.637310
5.723420
5.753190
5.580220
5.570240
5.684600
5.687280
5.597070
5.583930
5.728160
5.445560
5.624450
5.702070
5.655330
5.542740
5.669490
5.727100
5.690060
5.499890
5.724610
5.637560
5.679310
5.716340
5.629150
5.661230
5.605630
5.667270
5.583730
5.691580
5.695930
5.613900
5.687070
5.764190
5.790520
5.637720
5.630740
5.681170
5.612300
5.615140
5.808040
5.662380
5.539650
5.645200
5.724080
5.619220
5.551060
5.744020
5.601420
5.695900
5.701190
5.661290
5.758930
5.689280
5.682380
5.612170
5.724760
5.696220
5.673550
5.612710
5.631000
5.732690
5.644150
5.609940
5.656490
5.649870
5.580770
5.644510
5.691370
5.656160
5.728630
5.677680
5.635750
5.648160
5.696850
5.690700
5.589150
5.597180
5.664980
5.810760
5.611250
5.646930
5.763000
5.647570
5.709430
5.594310
5.605640
5.687920
5.641100
5.603620
5.773500
5.658830
5.598670
5.612820
5.670760
5.683390
5.631150
5.671280
5.686340
5.684150
5.721130
5.718040
5.691050
5.619480
5.772370
5.763780
5.695700
5.712220
5.713270
5.819460
5.681550
5.694170
5.608970
5.658640
5.669980
5.645210
5.706850
5.701900
5.623740
5.683130
5.672380
5.647250
5.700830
5.741100
5.670280
5.746660
5.656140
5.716250
5.559100
5.796240
5.623800
5.645460
5.724930
5.614760
5.657900
5.655370
5.591770
5.651050
5.689490
5.772560
5.672460
5.546720
5.577130
5.684170
5.658810
5.794810
5.656750
5.672080
5.630070
5.685290
5.676380
5.780450
5.563810
5.626920
5.748670
5.592540
5.668570
5.706450
5.628550
5.692020
5.646270
5.691760
5.678850
5.668600
5.671440
5.719850
5.715250
5.712110
5.803820
5.666960
5.681580
5.553820
5.675500
5.687490
5.661210
5.616330
5.584270
5.730540
5.665900
5.653640
5.597930
5.706710
5.781860
5.566760
5.546350
5.631080
5.597830
5.613750
5.672340
5.707620
5.644330
5.675470
5.604390
5.745410
5.579090
5.589830
5.653180
5.688180
5.621050
5.691750
5.632780
5.628880
5.667370
5.782550
5.662690
5.690270
5.620400
5.738390
5.639320
5.647240
5.589790
5.616550
5.683800
5.723030
5.754790
5.563040
5.651360
5.660530
5.598910
5.632140
5.595860
5.732920
5.700860
5.644710
5.528720
5.775290
5.629780
5.641640
5.709450
5.745530
5.626360
5.609810
5.798380
5.594430
5.567860
5.614820
5.765500
5.675790
5.779420
5.677570
5.615970
5.614250
5.682220
5.635520
5.670790
5.730580
5.596910
5.699810
5.680790
5.612030
5.653270
5.666100
5.610800
5.677360
5.697710
5.547250
5.665530
5.762900
5.673000
5.569710
5.848400
5.684280
5.683190
5.643870
5.511210
5.657820
5.673820
5.706910
5.648480
5.713750
5.747470
5.649160
5.825320
5.754700
5.793150
5.670890
5.770740
5.548550
5.663930
5.720680
5.712670
5.662370
5.520910
5.637360
5.842940
5.597830
5.662900
5.743870
5.648140
5.568690
5.680720
5.684810
5.684180
5.761600
5.605890
5.624750
5.641820
5.737640
5.739990
5.718390
5.763590
5.624470
5.561320
5.607680
5.774710
5.658690
5.668420
5.728130
5.694040
5.625290
5.650660
5.574600
5.763810
5.680090
5.717600
5.560950
5.632690
5.627490
5.603040
5.631820
5.602650
5.715870
5.563440
5.620650
5.675360
5.569050
5.745070
5.652010
5.799780
5.770000
5.657020
5.637210
5.713990
5.712250
5.680870
5.583050
5.670830
5.677510
5.627590
5.661220
5.657910
5.665800
5.745140
5.681770
5.723200
5.630910
5.715380
5.710630
5.699460
5.629850
5.623600
5.802590
5.584030
5.579130
5.731040
5.674610
5.644100
5.634130
5.624820
5.743480
5.758390
5.657710
5.717130
5.647070
5.742830
5.691730
5.644220
5.694690
5.607180
5.578140
5.685610
5.625060
5.690780
5.587330
5.720420
5.716750
5.596350
5.626840
5.666490
5.621990
5.654110
5.725390
5.589590
5.754620
5.699340
5.679960
5.668300
5.541010
5.541980
5.725010
5.728230
5.706760
5.673180
5.747430
5.573540
5.645680
5.732390
5.659440
5.618780
5.788660
5.492200
5.612390
5.665220
5.614310
5.664030
5.755650
5.569570
5.728050
5.673750
5.540580
5.625330
5.599660
5.514410
5.609380
5.679380
5.566970
5.699880
5.667670
5.733000
5.587980
5.736080
5.670590
5.623690
5.675970
5.709620
5.625600
5.622230
5.685030
5.661900
5.694360
5.669010
5.691070
5.610650
5.593260
5.691030
5.692090
5.820360
5.664060
5.730170
5.688690
5.661010
5.731690
5.671570
5.747700
5.715840
5.596130
5.553230
5.681940
5.704370
5.644140
5.651160
5.694780
5.747830
5.643580
5.608240
5.574330
5.637190
5.638490
5.638690
5.682510
5.628560
5.568250
5.717090
5.632240
5.515930
5.646930
5.744760
5.613940
5.590460
5.610390
5.647490
5.678530
5.804750
5.631440
5.649540
5.672570
5.538160
5.651370
5.796560
5.615960
5.645000
5.753230
5.618240
5.616550
5.622150
5.727810
5.747540
5.790900
5.615670
5.632480
5.632810
5.670330
5.678350
5.631630
5.633980
5.652490
5.552740
5.670160
5.691470
5.731380
5.767510
5.698860
5.713740
5.735880
5.555950
5.737170
5.622060
5.634110
5.655880
5.690230
5.723650
5.709870
5.588320
5.668450
5.600800
5.643940
5.721380
5.640680
5.665570
5.714350
5.673180
5.618460
5.642820
5.732610
5.711640
5.690600
5.605870
5.804280
5.597130
5.760450
5.700800
5.726260
5.548100
5.669890
5.692850
5.810650
5.714180
5.638290
5.539860
5.663640
5.659960
5.770800
5.574680
5.589080
5.689110
5.732600
5.591500
5.743120
5.647410
5.654260
5.551370
5.599220
5.727110
5.623660
5.718410
5.721750
5.791200
5.603560
5.762590
5.612430
5.611950
5.785390
5.668020
5.826640
5.552200
5.647430
5.597480
5.705490
5.636720
5.704150
5.620100
5.656980
5.748520
5.697790
5.645500
5.785770
5.687150
5.650930
5.670250
5.727580
5.747220
5.638430
5.576000
5.805380
5.650160
5.634420
5.671990
5.658530
5.535000
5.628530
5.707610
5.756580
5.753700
5.603880
5.664660
5.663170
5.661580
5.677150
5.606160
5.664010
5.696510
5.726190
5.765920
5.560310
5.692200
5.603940
5.669640
5.658490
5.729850
5.646440
5.687740
5.715240
5.629560
5.491210
5.749820
5.711650
5.701950
5.629910
5.632480
5.622030
5.645850
5.686650
5.759000
5.674540
5.542290
5.614490
5.606060
5.693260
5.600960
5.778260
5.628920
5.571400
5.750780
5.593690
5.610180
5.558540
5.648590
5.713060
5.579300
5.719300
5.664900
5.623450
5.652620
5.730670
5.696070
5.607000
5.610310
5.600860
5.735710
5.787760
5.768610
5.693550
5.630710
5.686910
5.712820
5.623100
5.582420
5.545740
5.610790
5.619430
5.600440
5.598700
5.611710
5.761220
5.603630
5.724060
5.636180
5.675940
5.798450
5.723200
5.792140
5.693870
5.610800
5.795770
5.742990
5.653870
5.766670
5.592020
5.731250
5.666750
5.761000
5.680870
5.742270
5.683260
5.696750
5.701990
5.612240
5.581890
5.624130
5.729610
5.683500
5.751540
5.762160
5.628140
5.677380
5.693190
5.666780
5.654370
5.781490
5.721450
5.570510
5.596280
5.682330
5.677690
5.746730
5.635910
5.680700
5.596750
5.569790
5.613570
5.525350
5.617070
5.601740
5.584530
5.713400
5.676020
5.621220
5.665150
5.667970
5.557180
5.636920
5.657710
5.616220
5.721140
5.612480
5.745070
5.632190
5.724500
5.663270
5.680910
5.590900
5.641640
5.597830
5.602220
5.676530
5.684140
5.760520
5.700680
5.625820
5.607220
5.694380
5.627530
5.604970
5.576910
5.665800
5.675820
5.698210
5.699230
5.704610
5.642690
5.676150
5.612510
5.690030
5.724540
5.627390
5.637740
5.696080
5.566010
5.652550
5.820410
5.754980
5.664640
5.635860
5.622000
5.572550
5.708730
5.649020
5.565830
5.688170
5.507680
5.621260
5.657030
5.732040
5.614370
5.721250
5.619000
5.657400
5.610020
5.764630
5.646430
5.588780
5.616230
5.624470
5.598760
5.648580
5.624060
5.669250
5.629970
5.512260
5.644580
5.612920
5.670850
5.740780
5.681730
5.728000
5.722780
5.738570
5.666660
5.632890
5.682790
5.648980
5.641360
5.724620
5.547430
5.616020
5.599580
5.705100
5.666550
5.736310
5.684780
5.695860
5.694060
5.709960
5.702730
5.669420
5.661140
5.633670
5.546320
5.745090
5.748670
5.628800
5.623480
5.781540
5.619300
5.680420
5.700080
5.698850
5.652750
5.637660
5.622770
5.569230
5.631730
5.658870
5.644090
5.544140
5.686820
5.711170
5.706870
5.608600
5.637040
5.724580
5.651020
5.613200
5.668240
5.724670
5.611810
5.719710
5.703420
5.680180
5.757320
5.761100
5.775710
5.806680
5.713320
5.617100
5.604110
5.685390
5.599720
5.599960
5.712770
5.773090
5.625520
5.717750
5.714830
5.715570
5.634680
5.707670
5.619410
5.664450
5.691050
5.642400
5.738810
5.622030
5.766170
5.671210
5.706200
5.597690
5.592690
5.668250
5.646810
5.543540
5.732130
5.696720
5.702670
5.542550
5.544590
5.718480
5.615100
5.656020
5.620380
5.711770
5.618190
5.647520
5.627560
5.610320
5.669730
5.670000
5.537690
5.756160
5.472800
5.742830
5.872490
5.611930
5.672580
5.712470
5.640110
5.755330
5.590870
5.672330
5.677460
5.744740
5.605430
5.452150
5.827960
5.637650
5.622860
5.726120
5.669520
5.651830
5.486700
5.759300
5.688860
5.663640
5.803290
5.630310
5.654170
5.669420
5.574960
5.583420
5.775880
5.691150
5.603210
5.588580
5.496910
5.638630
5.691780
5.720480
5.751930
5.658110
5.698500
5.647370
5.613860
5.603940
5.591110
5.632510
5.474370
5.665210
5.747990
5.737080
5.674450
5.747140
5.699090
5.641980
5.677410
5.672840
5.638610
5.644010
5.600560
5.682660
5.632090
5.692640
5.698900
5.780380
5.608600
5.683480
5.793200
5.669040
5.538460
5.785240
5.700390
5.583250
5.587340
5.700070
5.640690
5.626880
5.726240
5.538290
5.555900
5.644510
5.641750
5.790800
5.637870
5.612330
5.667190
5.713010
5.748400
5.603640
5.532980
5.630450
5.530470
5.568850
5.664690
5.588160
5.649570
5.640210
5.701320
5.737630
5.653970
5.723460
5.732990
5.559570
5.527510
5.781440
5.661560
5.682230
5.639910
5.642880
5.662450
5.534870
5.640740
5.586510
5.730440
5.679720
5.701980
5.756600
5.641380
5.644220
5.711620
5.729690
5.769640
5.666440
5.721880
5.549610
5.693170
5.652310
5.666940
5.758680
5.676600
5.577820
5.566020
5.661780
5.729190
5.668490
5.642920
5.673840
5.779480
5.715700
5.718530
5.663640
5.653570
5.615600
5.676760
5.613030
5.728130
5.624710
5.589660
5.692060
5.650180
5.660720
5.772860
5.628690
5.712100
5.785420
5.553270
5.650620
5.737590
5.665700
5.711760
5.625690
5.755290
5.705870
5.668040
5.680840
5.647300
5.646860
5.601910
5.634630
5.763140
5.538060
5.615430
5.718170
5.596520
5.608150
5.681340
5.634860
5.728480
5.693040
5.622950
5.725000
5.686190
5.766310
5.709140
5.754170
5.634690
5.667340
5.605750
5.564850
5.743020
5.664260
5.684910
5.725290
5.731230
5.717630
5.663980
5.678700
5.689930
5.773250
5.751400
5.629820
5.671800
5.586740
5.577730
5.634210
5.726410
5.676020
5.641930
5.692000
5.685940
5.614200
5.719150
5.698450
5.586790
5.669260
5.554490
5.788110
5.734940
5.633960
5.683750
5.653270
5.652870
5.633010
5.584160
5.648830
5.669180
5.607270
5.628130
5.706940
5.623070
5.830350
5.577210
5.620650
5.656120
5.666710
5.635900
5.693380
5.703960
5.754960
5.620920
5.753830
5.646620
5.693180
5.604860
5.618080
5.702730
5.651490
5.590460
5.705310
5.627690
5.532850
5.564600
5.701590
5.746210
5.655470
5.753620
5.746040
5.608860
5.674110
5.635350
5.673320
5.652570
5.684720
5.666490
5.625090
5.647300
5.646900
5.589920
5.693820
5.715550
5.744740
5.653090
5.589600
5.658590
5.609330
5.577480
5.745570
5.563020
5.695890
5.731830
5.682940
5.659990
5.801400
5.736750
5.744530
5.642580
5.697180
5.686080
5.611180
5.688830
5.659270
5.665950
5.773550
5.729620
5.627990
5.606960
5.783470
5.684750
5.715900
5.707250
5.600680
5.617340
5.670130
5.665420
5.797510
5.606330
5.678720
5.709670
5.721170
5.741470
5.697410
5.751950
5.616530
5.751400
5.637030
5.705090
5.659210
5.699720
5.659180
5.666460
5.712290
5.657130
5.543110
5.740970
5.652900
5.604400
5.678330
5.614450
5.647200
5.575120
5.701450
5.643850
5.703250
5.724540
5.713740
5.679820
5.696200
5.763760
5.655840
5.773610
5.734160
5.664280
5.537470
5.820210
5.833790
5.623560
5.649360
5.650400
5.664120
5.637930
5.652910
5.662630
5.681870
5.583450
5.724390
5.651380
5.594460
5.695110
5.649930
5.689440
5.686590
5.755830
5.618610
5.660750
5.689570
5.582820
5.686750
5.651820
5.698180
5.683500
5.675140
5.693320
5.589710
5.681780
5.613420
5.734400
5.678230
5.721360
5.804260
5.740120
5.725390
5.611510
5.679200
5.633000
5.650860
5.664030
5.591800
5.636700
5.718910
5.588580
5.571840
5.653570
5.692320
5.695980
5.732410
5.688150
5.612230
5.584590
5.660150
5.660680
5.723730
5.683230
5.669650
5.636890
5.639190
5.652150
5.724610
5.745970
5.622010
5.661460
5.691370
5.593900
5.669530
5.707830
5.721520
5.653420
5.565270
5.592260
5.637520
5.770820
5.691510
5.681490
5.579310
5.692260
5.641730
5.629290
5.653800
5.701800
5.680070
5.703130
5.699060
5.629170
5.681780
5.590050
5.631200
5.611950
5.509700
5.629740
5.725280
5.702580
5.644400
5.797370
5.645000
5.640940
5.662150
5.726160
5.678680
5.741370
5.655200
5.612060
5.733240
5.722080
5.683610
5.606220
5.754880
5.669120
5.660540
5.787830
5.567930
5.690240
5.673150
5.663950
5.724650
5.643160
5.710900
5.751280
5.681090
5.676270
5.628970
5.633850
5.759800
5.767050
5.641160
5.754270
5.746830
5.632390
5.684770
5.733750
5.646870
5.638140
5.634880
5.644170
5.667530
5.643360
5.676090
5.559420
5.670680
5.601270
5.532140
5.647760
5.610060
5.631990
5.629490
5.644130
5.658590
5.589040
5.614360
5.564310
5.751240
5.690680
5.541940
5.674570
5.753100
5.722630
5.711820
5.605930
5.620940
5.564150
5.689740
5.734300
5.643920
5.675710
5.665480
5.650140
5.591350
5.621130
5.661980
5.712010
5.618260
5.679080
5.709290
5.729630
5.648760
5.745230
5.749990
5.754540
5.668510
5.612370
5.688170
5.704010
5.639100
5.617920
5.725440
5.722220
5.656810
5.801340
5.649340
5.672990
5.578890
5.828170
5.513420
5.552530
5.688660
5.719330
5.551670
5.675690
5.754150
5.666480
5.568300
5.688300
5.606450
5.704670
5.624310
5.724330
5.668970
5.656980
5.600190
5.759920
5.658370
5.611470
5.678020
5.679830
5.662830
5.519110
5.587760
5.624070
5.779110
5.623880
5.660910
5.567740
5.640710
5.726760
5.701640
5.705440
5.782710
5.582370
5.614700
5.692250
5.655420
5.661090
5.727840
5.665010
5.586320
5.674970
5.625210
5.669930
5.654990
5.561720
5.745360
5.685200
5.581600
5.646160
5.638470
5.608510
5.588310
5.670800
5.671040
5.694770
5.756260
5.669360
5.732480
5.684420
5.780700
5.777530
5.666820
5.671760
5.538600
5.676150
5.704240
5.614580
5.771970
5.752860
5.698000
5.787640
5.587460
5.697460
5.649100
5.601990
5.678500
5.627070
5.699890
5.577720
5.575660
5.668040
5.720350
5.631500
5.595460
5.573910
5.685050
5.590960
5.631590
5.726970
5.624480
5.589180
5.784270
5.580830
5.635820
5.655400
5.727470
5.614240
5.549810
5.716280
5.615400
5.598220
5.622900
5.783570
5.589620
5.751010
5.727030
5.571210
5.831700
5.712010
5.618270
5.610910
5.709550
5.746270
5.712890
5.622300
5.753600
5.755560
5.710320
5.600360
5.672040
5.740640
5.746120
5.578710
5.754900
5.714080
5.684080
5.606780
5.715270
5.656780
5.606030
5.616140
5.657400
5.570720
5.626170
5.729570
5.781890
5.671950
5.659280
5.620730
5.616690
5.771850
5.534260
5.633750
5.692160
5.742710
5.667770
5.678340
5.513280
5.688220
5.650650
5.678670
5.644850
5.579750
5.626500
5.711290
5.723380
5.719950
5.597980
5.693310
5.691600
5.699140
5.710970
5.686980
5.693470
5.612860
5.733080
5.611400
5.663670
5.644540
5.591110
5.748750
5.737190
5.658810
5.726220
5.730870
5.744020
5.596080
5.669260
5.708030
5.701000
5.664010
5.678990
5.645910
5.613760
5.649370
5.670090
5.575720
5.897950
5.632440
5.647740
5.645760
5.572080
5.629350
5.529360
5.687380
5.675540
5.671040
5.668140
5.659420
5.764700
5.605400
5.704540
5.523420
5.696180
5.668330
5.711320
5.656460
5.673950
5.658590
5.590980
5.679530
5.540390
5.686910
5.667190
5.653240
5.635150
5.626520
5.701910
5.707890
5.724090
5.593710
5.665590
5.595520
5.591050
5.727950
5.729250
5.642400
5.541550
5.570560
5.699340
5.649520
5.694720
5.685970
5.696680
5.738740
5.597100
5.692580
5.686390
5.646040
5.677540
5.672810
5.714090
5.762000
5.670200
5.730440
5.622190
5.612810
5.610320
5.570420
5.698760
5.545160
5.663930
5.670380
5.743930
5.737230
5.662910
5.723010
5.667590
5.675850
5.794650
5.668550
5.755210
5.704460
5.639900
5.691530
5.753230
5.658180
5.634550
5.815110
5.539720
5.746330
5.543520
5.646000
5.612130
5.704470
5.647140
5.559080
5.717800
5.651870
5.664600
5.635630
5.711170
5.606110
5.750090
5.694380
5.667090
5.725990
5.626040
5.593720
5.513910
5.579410
5.655030
5.693970
5.668260
5.631260
5.650200
5.709510
5.743420
5.681930
5.559690
5.603070
5.675640
5.636460
5.577660
5.570560
5.637420
5.753050
5.679110
5.574380
5.581200
5.653310
5.675150
5.604540
5.783650
5.580370
5.660430
5.770380
5.680040
5.710170
5.576600
5.613360
5.672670
5.578860
5.553670
5.642200
5.635370
5.693550
5.712760
5.662520
5.732260
5.718600
5.726070
5.592380
5.567350
5.739830
5.651980
5.546210
5.747690
5.636690
5.662090
5.590990
5.731210
5.552010
5.788360
5.626650
5.555500
5.705210
5.676210
5.618110
5.655120
5.696990
5.678310
5.641400
5.600710
5.614740
5.732600
5.517150
5.628030
5.696030
5.618080
5.725260
5.682600
5.704190
5.768500
5.689600
5.636920
5.705280
5.665020
5.731570
5.569880
5.591800
5.636910
5.614490
5.690070
5.695910
5.749080
5.636720
5.696670
5.714200
5.616830
5.654220
5.710990
5.586550
5.584770
5.619310
5.648470
5.642800
5.710760
5.687470
5.678230
5.599890
5.651290
5.591600
5.627780
5.618990
5.700500
5.637590
5.726360
5.609170
5.735430
5.671770
5.670130
5.654440
5.585310
5.746840
5.709020
5.595060
5.585630
5.595610
5.655700
5.729100
5.699290
5.814010
5.714740
5.562510
5.656690
5.629840
5.729340
5.649240
5.639550
5.596480
5.673600
5.686990
5.693500
5.667230
5.692370
5.753760
5.614390
5.583690
5.596660
5.714660
5.692940
5.693880
5.697930
5.710580
5.654780
5.776270
5.643910
5.587310
5.576400
5.586220
5.679090
5.703680
5.720020
5.667330
5.629610
5.545700
5.663870
5.495220
5.741010
5.624130
5.606160
5.678270
5.630170
5.687480
5.685740
5.647930
5.659690
5.689710
5.760180
5.621680
5.666660
5.664730
5.605650
5.656570
5.765350
5.611690
5.609900
5.659980
5.741580
5.602400
5.539650
5.739150
5.656570
5.770950
5.640260
5.708300
5.686690
5.836250
5.656690
5.747490
5.572050
5.615990
5.679060
5.746330
5.723040
5.648390
5.591600
5.671290
5.631410
5.702440
5.670170
5.617070
5.623230
5.706440
5.690530
5.728420
5.538010
5.620390
5.731440
5.635860
5.601760
5.545320
5.555380
5.610530
5.581360
5.727690
5.601580
5.690110
5.632820
5.637360
5.611830
5.681590
5.623200
5.624990
5.763500
5.682410
5.702860
5.652480
5.707540
5.610970
5.585940
5.600270
5.593560
5.643870
5.568440
5.639050
5.748770
5.715710
5.682300
5.731590
5.600480
5.769520
5.667530
5.636320
5.626290
5.731560
5.738780
5.689930
5.733360
5.601970
5.676180
5.736150
5.641300
5.702750
5.659140
5.650080
5.719730
5.604930
5.639210
5.697210
5.623800
5.680630
5.668130
5.617850
5.697370
5.665710
5.595140
5.723180
5.724490
5.616440
5.727410
5.675720
5.701080
5.627400
5.611880
5.663890
5.665580
5.693450
5.742660
5.602920
5.684250
5.613200
5.629200
5.606630
5.682580
5.703080
5.724560
5.703190
5.695760
5.575230
5.739120
5.851340
5.694160
5.699530
5.656220
5.651550
5.699830
5.618960
5.677660
5.601520
5.769450
5.702170
5.743340
5.659550
5.697290
5.639320
5.759270
5.613550
5.701500
5.720080
5.638740
5.647170
5.827680
5.529970
5.615310
5.637550
5.644510
5.717900
5.632350
5.711000
5.654030
5.691250
5.621160
5.621830
5.631270
5.582060
5.576590
5.561070
5.720190
5.589580
5.737370
5.620770
5.721410
5.738390
5.622270
5.709260
5.709440
5.546130
5.715450
5.663940
5.680920
5.642050
5.613070
5.629660
5.735470
5.670750
5.815410
5.539090
5.736520
5.755440
5.632400
5.654750
5.648210
5.696520
5.718830
5.668520
5.655610
5.758040
5.687410
5.646440
5.635840
5.707160
5.736080
5.699090
5.737600
5.618740
5.541640
5.738040
5.656990
5.751720
5.731910
5.767880
5.684110
5.706050
5.639110
5.694710
5.726040
5.723420
5.560700
5.646330
5.649040
5.645000
5.648850
5.653430
5.695310
5.688750
5.505770
5.645900
5.588810
5.635750
5.548580
5.762750
5.697980
5.760530
5.713260
5.611270
5.649720
5.696500
5.774680
5.720590
5.751190
5.595970
5.593940
5.556080
5.694570
5.640970
5.570020
5.697960
5.563320
5.474000
5.691700
5.681050
5.668510
5.520630
5.750190
5.639350
5.589680
5.719840
5.656640
5.632460
5.807780
5.698090
5.738420
5.704860
5.736620
5.675540
5.657800
5.589660
5.544570
5.589540
5.593490
5.787400
5.666720
5.743990
5.628760
5.619150
5.659000
5.766270
5.548440
5.590070
5.750960
5.643320
5.706270
5.588230
5.703990
5.661320
5.709350
5.752930
5.655920
5.651220
5.647360
5.563540
5.665760
5.638050
5.703290
5.645850
5.765370
5.675950
5.601620
5.659470
5.641710
5.712090
5.665620
5.691710
5.742290
5.612620
5.668380
5.676450
5.807420
5.706080
5.696160
5.696200
5.608440
5.727380
5.629770
5.625790
5.653470
5.692240
5.518930
5.709430
5.588630
5.651290
5.642690
5.697200
5.625590
5.670560
5.648050
5.703830
5.659370
5.553500
5.613190
5.590900
5.615500
5.590600
5.744030
5.538580
5.598760
5.594030
5.641470
5.774090
5.654910
5.742640
5.668680
5.685090
5.618460
5.693820
5.675470
5.599540
5.653060
5.619660
5.592030
5.779930
5.674000
5.679950
5.616090
5.609300
5.645330
5.666890
5.663870
5.700710
5.544620
5.610530
5.599010
5.778720
5.714280
5.728910
5.596950
5.626200
5.604250
5.690390
5.496210
5.663000
5.624350
5.701810
5.622330
5.605380
5.697670
5.681070
5.679730
5.694990
5.611870
5.666840
5.642560
5.596370
5.665280
5.588050
5.603850
5.597840
5.765350
5.723350
5.642140
5.676330
5.583880
5.691470
5.684920
5.596630
5.619530
5.712640
5.589490
5.739440
5.658940
5.502010
5.741330
5.707850
5.652350
5.744620
5.709660
5.662680
5.732140
5.739080
5.631170
5.604330
5.679450
5.624810
5.678980
5.648230
5.682740
5.617610
5.617350
5.698960
5.686420
5.587040
5.687720
5.763540
5.707690
5.699740
5.691770
5.744410
5.628400
5.700450
5.694770
5.709300
5.750660
5.641380
5.567760
5.677970
5.691240
5.596650
5.687570
5.688210
5.740050
5.645090
5.545900
5.664950
5.694300
5.632310
5.635940
5.653780
5.624790
5.677600
5.617370
5.670940
5.647450
5.610690
5.663800
5.709640
5.678770
5.615470
5.642250
5.719090
5.663010
5.658700
5.618170
5.615310
5.700340
5.696210
5.729840
5.635410
5.660090
5.562560
5.719680
5.554960
5.639660
5.530680
5.631570
5.654310
5.716300
5.710460
5.604770
5.569650
5.809260
5.641530
5.698880
5.675710
5.711160
5.628300
5.622990
5.686460
5.660170
5.607230
5.637870
5.539220
5.759920
5.675010
5.626490
5.633210
5.570200
5.642690
5.645070
5.740070
5.711930
5.617270
5.637920
5.634450
5.667870
5.619100
5.612340
5.618980
5.710410
5.776960
5.580440
5.736410
5.700100
5.690400
5.744080
5.640080
5.574710
5.652860
5.757120
5.652720
5.754700
5.615460
5.641230
5.729860
5.865590
5.716560
5.545070
5.618110
5.642020
5.570470
5.765030
5.586970
5.625870
5.684950
5.683840
5.715970
5.685170
5.652580
5.644700
5.660740
5.587560
5.591100
5.648350
5.845930
5.654910
5.664900
5.658130
5.580870
5.688070
5.541200
5.638880
5.598920
5.695880
5.727380
5.637660
5.695390
5.619540
5.682230
5.715680
5.534560
5.647460
5.665140
5.535530
5.756090
5.640400
5.632480
5.657010
5.639070
5.660240
5.663410
5.566110
5.625730
5.666080
5.601070
5.593000
5.698570
5.587830
5.682390
5.586500
5.631990
5.612020
5.723820
5.659080
5.656730
5.561150
5.691320
5.598020
5.624920
5.711970
5.663850
5.698410
5.637400
5.670540
5.659690
5.561410
5.568580
5.697240
5.666430
5.680580
5.659570
5.659660
5.652980
5.693460
5.642990
5.745900
5.556200
5.669970
5.633780
5.705540
5.639070
5.707630
5.690200
5.625740
5.694250
5.745000
5.608220
5.575640
5.762020
5.619650
5.780220
5.714050
5.654260
5.613200
5.703050
5.732120
5.554020
5.636040
5.701090
5.653710
5.651090
5.681550
5.641010
5.744040
5.680260
5.824210
5.599430
5.694400
5.707440
5.602530
5.743060
5.717310
5.787440
5.727380
5.606620
5.682750
5.736470
5.693790
5.735260
5.609720
5.646050
5.638390
5.606140
5.712460
5.634260
5.633540
5.679110
5.620910
5.784160
5.642360
5.563670
5.608070
5.663850
5.668570
5.685690
5.647820
5.690010
5.629280
5.727120
5.666820
5.595210
5.750610
5.784310
5.720720
5.717700
5.707160
5.715580
5.642350
5.724050
5.644780
5.721680
5.651100
5.765300
5.719370
5.744260
5.674990
5.596570
5.672290
5.653810
5.711940
5.647330
5.756610
5.580000
5.667030
5.645730
5.559520
5.656820
5.597080
5.683460
5.665850
5.668880
5.480680
5.734070
5.683250
5.735620
5.720520
5.612460
5.646430
5.735840
5.564460
5.725100
5.628400
5.666980
5.715960
5.758010
5.749220
5.696020
5.694840
5.675700
5.630460
5.624720
5.683890
5.681770
5.699370
5.636670
5.691500
5.598020
5.704110
5.637430
5.610570
5.559830
5.545580
5.591540
5.679960
5.547140
5.611700
5.683100
5.550260
5.604570
5.776710
5.558760
5.639250
5.615630
5.653840
5.462700
5.606190
5.597810
5.703390
5.669030
5.649980
5.605760
5.667010
5.574790
5.709410
5.543570
5.640400
5.674430
5.668230
5.660980
5.600030
5.702730
5.656450
5.671530
5.637470
5.768770
5.624700
5.678510
5.554670
5.656730
5.701580
5.586810
5.711350
5.695700
5.577950
5.558160
5.595170
5.659870
5.680650
5.587090
5.723870
5.725330
5.727580
5.717930
5.824630
5.668960
5.752980
5.625180
5.801660
5.706360
5.802860
5.574840
5.688310
5.706570
5.669650
5.512410
5.784360
5.682110
5.691990
5.651490
5.673590
5.672030
5.714200
5.477290
5.671480
5.662850
5.659940
5.659400
5.804620
5.539210
5.590260
5.770250
5.648570
5.627400
5.639490
5.503890
5.600020
5.660980
5.618190
5.589900
5.569370
5.767460
5.612540
5.667050
5.706500
5.719410
5.700530
5.682770
5.755660
5.617390
5.608020
5.628070
5.717130
5.661940
5.602360
5.629690
5.757560
5.740030
5.616320
5.712720
5.628600
5.642280
5.617820
5.581760
5.642880
5.607300
5.753600
5.588070
5.722270
5.551710
5.650850
5.651800
5.774840
5.663550
5.777980
5.588800
5.777870
5.788900
5.700930
5.798150
5.584650
5.569190
5.587680
5.681130
5.773810
5.578540
5.593420
5.745820
5.682800
5.721260
5.673480
5.609760
5.642870
5.708710
5.708980
5.658770
5.744610
5.712170
5.727730
5.575500
5.608890
5.716480
5.665400
5.707420
5.624160
5.637460
5.501700
5.685410
5.778030
5.729550
5.668850
5.670930
5.672130
5.645000
5.576480
5.697000
5.678270
5.648890
5.729560
5.641150
5.600440
5.666700
5.559680
5.759870
5.567800
5.672530
5.662210
5.602210
5.650310
5.599980
5.607640
5.627190
5.685760
5.752650
5.610790
5.729270
5.602240
5.662120
5.617680
5.662870
5.738500
5.645940
5.604680
5.625500
5.581810
5.639740
5.614640
5.686410
5.733990
5.666560
5.666210
5.724920
5.714680
5.648730
5.611160
5.588040
5.630080
5.607850
5.647090
5.577930
5.718290
5.682330
5.689460
5.646780
5.698430
5.722250
5.577500
5.664510
5.667890
5.676090
5.608630
5.548660
5.615010
5.826290
5.579920
5.626900
5.693640
5.718200
5.653990
5.683110
5.680990
5.591060
5.797780
5.721530
5.665610
5.701230
5.606770
5.704840
5.607710
5.591680
5.772190
5.580460
5.745650
5.581630
5.627680
5.761850
5.583160
5.596140
5.653170
5.709960
5.612340
5.679150
5.685730
5.649550
5.617820
5.640200
5.695230
5.711370
5.633230
5.658610
5.633740
5.749420
5.647260
5.736210
5.722270
5.619760
5.635090
5.668470
5.701760
5.633360
5.703640
5.619050
5.684480
5.714720
5.580050
5.724020
5.642180
5.727560
5.666420
5.642620
5.655920
5.573320
5.716570
5.615380
5.592170
5.650580
5.663060
5.687550
5.628360
5.617420
5.674790
5.679790
5.779160
5.701760
5.732570
5.607810
5.760230
5.695880
5.667000
5.740510
5.665390
5.608590
5.612870
5.664180
5.650750
5.518620
5.742300
5.615840
5.623870
5.607140
5.707390
5.705820
5.777700
5.605590
5.634740
5.763430
5.678850
5.580490
5.755540
5.578880
5.579070
5.602650
5.624590
5.570100
5.706830
5.621130
5.688090
5.768450
5.685250
5.689040
5.631570
5.621980
5.600330
5.574880
5.600930
5.700930
5.733710
5.740910
5.761040
5.643050
5.742120
5.646940
5.633950
5.756230
5.763860
5.666980
5.745350
5.682950
5.672960
5.746930
5.577260
5.712100
5.595910
5.603610
5.715780
5.725610
5.695480
5.604570
5.655460
5.616800
5.701620
5.569170
5.703370
5.705010
5.609010
5.603550
5.622790
5.731630
5.657450
5.726500
5.640730
5.641000
5.617100
5.681150
5.715380
5.634670
5.719960
5.649350
5.539330
5.672700
5.685640
5.606660
5.708020
5.643030
5.633200
5.703660
5.765020
5.733220
5.571770
5.787050
5.570620
5.676940
5.753620
5.773540
5.640690
5.558940
5.725010
5.617640
5.718550
5.725770
5.616590
5.675110
5.617730
5.607320
5.669550
5.781950
5.706770
5.773830
5.716440
5.663180
5.691140
5.725960
5.760530
5.482880
5.703860
5.701760
5.597450
5.716750
5.712380
5.596410
5.656410
5.599940
5.712120
5.648360
5.687100
5.767750
5.574540
5.666320
5.625950
5.819410
5.687030
5.730950
5.630220
5.705340
5.587310
5.691200
5.670860
5.593580
5.681090
5.673590
5.571990
5.687350
5.504840
5.505810
5.769270
5.699490
5.763380
5.678140
5.698950
5.673760
5.566480
5.578540
5.669270
5.675600
5.593300
5.600410
5.660240
5.714960
5.754820
5.492060
5.628370
5.725220
5.631080
5.641680
5.609250
5.608270
5.670600
5.654180
5.764010
5.680710
5.687230
5.602110
5.545730
5.722930
5.630430
5.611990
5.570910
5.704550
5.659060
5.730490
5.631420
5.605790
5.642430
5.601740
5.783760
5.607040
5.663420
5.646740
5.663190
5.651090
5.610250
5.677940
5.593650
5.561550
5.744390
5.675720
5.581880
5.633500
5.536330
5.742230
5.667180
5.744130
5.644120
5.680420
5.635050
5.627110
5.562130
5.585670
5.686820
5.630210
5.705730
5.736980
5.641860
5.629180
5.623060
5.659440
5.733710
5.697990
5.751520
5.716520
5.771090
5.785090
5.689830
5.676820
5.667910
5.669350
5.739850
5.594930
5.590820
5.690860
5.709080
5.657890
5.684800
5.504090
5.711920
5.610290
5.721570
5.616950
5.644990
5.610620
5.835010
5.762000
5.695030
5.690520
5.520860
5.773570
5.546050
5.572960
5.760310
5.711810
5.711960
5.565430
5.607340
5.576900
5.622360
5.587640
5.728120
5.686270
5.640180
5.694560
5.742010
5.747140
5.758820
5.660510
5.668180
5.696660
5.764760
5.663980
5.738200
5.673140
5.655960
5.621810
5.611170
5.651020
5.684100
5.831610
5.773700
5.692740
5.658260
5.719250
5.758350
5.682450
5.643560
5.532530
5.646130
5.680910
5.639180
5.631340
5.692740
5.646990
5.605540
5.807980
5.717320
5.787820
5.774690
5.626110
5.643720
5.674860
5.619510
5.677870
5.608160
5.755410
5.632440
5.672430
5.606560
5.674000
5.607740
5.733990
5.680680
5.755000
5.717540
5.586330
5.556410
5.692480
5.697660
5.702120
5.726810
5.715010
5.723400
5.737400
5.675670
5.657300
5.704780
5.590450
5.796630
5.745210
5.555390
5.709720
5.609560
5.693200
5.685570
5.662410
5.678740
5.629990
5.629590
5.723800
5.670730
5.738370
5.565880
5.702280
5.679050
5.684500
5.648490
5.599330
5.570800
5.661060
5.681360
5.559060
5.608710
5.617220
5.670540
5.725180
5.704420
5.712570
5.588770
5.783230
5.606710
5.723960
5.669240
5.695720
5.623440
5.659500
5.704570
5.650090
5.688320
5.577030
5.745960
5.813940
5.626310
5.700420
5.644440
5.627910
5.687060
5.661060
5.697990
5.630100
5.639770
5.702420
5.612970
5.662160
5.601960
5.580530
5.600110
5.654650
5.582190
5.713360
5.735580
5.688990
5.551040
5.687970
5.623720
5.667450
5.634040
5.570500
5.642720
5.671990
5.637550
5.635380
5.638610
5.605510
5.611850
5.524580
5.725550
5.738420
5.600060
5.630800
5.763540
5.693850
5.703590
5.633890
5.572700
5.577650
5.684920
5.667970
5.654970
5.659010
5.633470
5.688880
5.706170
5.615290
5.632390
5.576010
5.576570
5.676780
5.695640
5.674810
5.691130
5.687990
5.727720
5.548230
5.674460
5.698690
5.649890
5.650720
5.641960
5.634320
5.711400
5.724660
5.600700
5.793500
5.608490
5.666960
5.635860
5.741090
5.618150
5.637050
5.609900
5.566440
5.640050
5.653750
5.735990
5.688950
5.723100
5.626570
5.550830
5.789730
5.665780
5.720290
5.707590
5.650670
5.697230
5.503970
5.578170
5.648590
5.605130
5.623830
5.675760
5.832740
5.623450
5.632080
5.620800
5.717830
5.739770
5.627750
5.628500
5.809200
5.635860
5.606280
5.574230
5.675300
5.763840
5.679030
5.780060
5.710030
5.825680
5.694710
5.666740
5.543630
5.699460
5.658070
5.637460
5.689340
5.694450
5.574330
5.721640
5.715460
5.636050
5.708280
5.634080
5.700780
5.687000
5.625500
5.738730
5.718030
5.755380
5.744890
5.690700
5.675710
5.661330
5.713950
5.632210
5.605870
5.703640
5.652860
5.646260
5.657840
5.680990
5.662760
5.606390
5.697290
5.633360
5.622410
5.780640
5.752680
5.691240
5.702850
5.535880
5.726940
5.531370
5.668180
5.656410
5.628960
5.606340
5.625270
5.658200
5.673520
5.713450
5.659670
5.752230
5.562810
5.681830
5.702250
5.729260
5.605350
5.689920
5.689010
5.621140
5.666840
5.619390
5.572460
5.707380
5.685210
5.692420
5.743230
5.757460
5.682270
5.622200
5.619120
5.703440
5.797050
5.684300
5.699120
5.775170
5.632690
5.679530
5.691250
5.568130
5.695940
5.664470
5.691120
5.754120
5.727850
5.672650
5.501950
5.690110
5.592140
5.523600
5.687330
5.665630
5.607980
5.665630
5.679280
5.651600
5.850560
5.637630
5.715280
5.671350
5.676260
5.706320
5.536190
5.569760
5.671260
5.635040
5.629120
5.679220
5.623700
5.601830
5.559030
5.687490
5.653800
5.590030
5.708270
5.594340
5.659120
5.722860
5.585630
5.668390
5.603290
5.589500
5.636040
5.741050
5.570760
5.716770
5.620550
5.684840
5.626970
5.664850
5.649250
5.644920
5.715350
5.678950
5.722350
5.747690
5.567960
5.649780
5.706880
5.563640
5.640900
5.627800
5.700280
5.658960
5.690000
5.644600
5.738760
5.620090
5.608150
5.697310
5.697310
