5.595190
5.628140
5.578980
5.656010
5.653310
5.774510
5.639280
5.659410
5.654540
5.747460
5.797540
5.679620
5.786560
5.574460
5.673560
5.695430
5.639270
5.600600
5.615040
5.613030
5.683170
5.727470
5.592160
5.629590
5.753820
5.700500
5.616400
5.619040
5.579650
5.653410
5.696390
5.717780
5.715470
5.688470
5.824380
5.691410
5.657810
5.619980
5.693920
5.651380
5.685920
5.546230
5.660380
5.644050
5.668550
5.594820
5.717110
5.655460
5.596520
5.613890
5.688140
5.720750
5.596940
5.833520
5.511150
5.632400
5.540280
5.720950
5.710310
5.536360
5.604910
5.767780
5.766070
5.667770
5.700660
5.730090
5.743750
5.593020
5.593500
5.668490
5.618930
5.564990
5.623170
5.694350
5.668850
5.696770
5.708880
5.728920
5.702650
5.687930
5.745530
5.599130
5.655440
5.635310
5.685540
5.581150
5.750430
5.673190
5.730600
5.645210
5.621920
5.634760
5.642950
5.613670
5.706810
5.576140
5.742480
5.691620
5.636070
5.520400
5.572810
5.637100
5.624860
5.643490
5.650260
5.630230
5.606900
5.654710
5.605610
5.665040
5.697060
5.701190
5.676470
5.692380
5.660790
5.673110
5.645030
5.711860
5.743970
5.719000
5.783930
5.677320
5.703910
5.682130
5.684860
5.698970
5.661060
5.615430
5.550410
5.553560
5.647300
5.570190
5.629660
5.658680
5.588460
5.620290
5.614770
5.770460
5.665580
5.701450
5.623270
5.673730
5.699830
5.636240
5.633450
5.814930
5.683520
5.758210
5.808520
5.610590
5.678850
5.637080
5.640130
5.727830
5.656450
5.696000
5.632790
5.753270
5.701120
5.759680
5.680670
5.725550
5.719800
5.697880
5.650630
5.631630
5.459260
5.590080
5.795210
5.626460
5.601430
5.629790
5.583280
5.753320
5.650980
5.632160
5.773850
5.684480
5.679180
5.618460
5.690880
5.671210
5.639740
5.732130
5.554740
5.584750
5.619610
5.722430
5.699770
5.694580
5.621010
5.648630
5.712290
5.656010
5.625770
5.586350
5.605690
5.638130
5.829550
5.713900
5.600580
5.664770
5.683350
5.627600
5.582150
5.629460
5.625840
5.600250
5.725560
5.668940
5.675210
5.616090
5.811870
5.705630
5.684770
5.623110
5.710090
5.667640
5.648360
5.749290
5.559320
5.672830
5.640670
5.689010
5.692910
5.779580
5.616380
5.625360
5.648630
5.550780
5.596250
5.512490
5.646340
5.691860
5.563580
5.602490
5.715420
5.626080
5.599770
5.771080
5.607560
5.644080
5.617600
5.651640
5.592260
5.681560
5.701430
5.710910
5.652390
5.546120
5.486080
5.738260
5.680350
5.726080
5.707190
5.699730
5.703720
5.614200
5.586270
5.572050
5.693460
5.536600
5.595660
5.660510
5.756500
5.773490
5.550840
5.573510
5.633380
5.749000
5.666160
5.620710
5.575600
5.604880
5.578860
5.705360
5.600250
5.690520
5.629150
5.634660
5.623470
5.628230
5.579350
5.698140
5.667980
5.592930
5.654110
5.747080
5.535970
5.640940
5.777590
5.714460
5.581200
5.744310
5.704540
5.619950
5.559470
5.637170
5.536060
5.630620
5.585040
5.605970
5.634130
5.684180
5.555820
5.679650
5.708010
5.722670
5.747300
5.686190
5.731950
5.608380
5.688020
5.647150
5.696620
5.722110
5.668160
5.621680
5.644140
5.567410
5.685570
5.657270
5.587300
5.674490
5.683620
5.728390
5.548560
5.741310
5.612690
5.606900
5.714310
5.567540
5.774110
5.606000
5.664600
5.744550
5.662320
5.652820
5.597830
5.562540
5.683610
5.661990
5.738450
5.694500
5.694700
5.695990
5.637040
5.554500
5.650150
5.659850
5.773500
5.648660
5.634040
5.713930
5.580780
5.667480
5.698530
5.684740
5.704840
5.721700
5.558160
5.664720
5.662060
5.625590
5.609280
5.602060
5.633910
5.640410
5.702830
5.680260
5.661100
5.648020
5.506920
5.717560
5.696770
5.616670
5.497850
5.665150
5.739910
5.667260
5.614440
5.587400
5.663810
5.661930
5.732150
5.743970
5.699260
5.756570
5.487930
5.692400
5.636840
5.752480
5.727070
5.680740
5.669190
5.562080
5.668220
5.604920
5.684960
5.642960
5.587470
5.462800
5.664220
5.586140
5.643610
5.709820
5.623770
5.689890
5.603900
5.531580
5.685400
5.564370
5.574220
5.603940
5.654340
5.684840
5.670120
5.528010
5.611530
5.683790
5.634940
5.647680
5.632010
5.697350
5.540920
5.765740
5.522900
5.726610
5.746010
5.587700
5.655330
5.738140
5.723380
5.676430
5.734820
5.605020
5.670880
5.670300
5.680820
5.622150
5.692780
5.649950
5.640880
5.762390
5.689790
5.684390
5.677380
5.722900
5.618230
5.780790
5.625530
5.738240
5.688680
5.621550
5.689270
5.732710
5.565420
5.666910
5.621780
5.703030
5.677850
5.620210
5.659880
5.536700
5.727340
5.635120
5.728080
5.627620
5.576240
5.637300
5.547550
5.655670
5.694410
5.603400
5.613130
5.676770
5.721830
5.727740
5.594210
5.714380
5.657980
5.622800
5.700950
5.631180
5.689350
5.648930
5.622880
5.604650
5.707030
5.707020
5.629110
5.682070
5.616350
5.639580
5.696310
5.819700
5.636570
5.657970
5.766780
5.670680
5.618840
5.700100
5.650880
5.648130
5.685440
5.575350
5.664330
5.569210
5.747960
5.704030
5.610390
5.690330
5.651310
5.747290
5.647970
5.647780
5.623310
5.675550
5.575850
5.759580
5.598210
5.722930
5.622150
5.641140
5.635320
5.704410
5.634370
5.615030
5.715530
5.695230
5.584020
5.703250
5.728720
5.672620
5.766080
5.726550
5.706530
5.608600
5.543170
5.650170
5.628880
5.682590
5.652000
5.707730
5.641890
5.730230
5.527950
5.689900
5.733740
5.799250
5.693830
5.588420
5.655440
5.752940
5.677960
5.620290
5.697180
5.752480
5.651310
5.659240
5.578140
5.737870
5.685200
5.644880
5.655420
5.798060
5.681110
5.703930
5.632510
5.629310
5.737490
5.810550
5.671670
5.725120
5.609470
5.603750
5.570110
5.646210
5.570840
5.596160
5.695780
5.775050
5.590360
5.562470
5.711280
5.610700
5.622050
5.658980
5.613190
5.580320
5.679800
5.645330
5.697020
5.520490
5.612140
5.613460
5.637490
5.716700
5.631570
5.639650
5.639420
5.604840
5.648050
5.752310
5.689530
5.683500
5.603300
5.768260
5.649980
5.744590
5.683080
5.671300
5.664540
5.670050
5.701790
5.726920
5.604160
5.665260
5.655340
5.735850
5.562390
5.603070
5.692500
5.675520
5.668030
5.651550
5.574420
5.640190
5.663540
5.750010
5.720880
5.689300
5.649220
5.646460
5.765870
5.720040
5.717590
5.626850
5.661700
5.688660
5.741590
5.604440
5.595920
5.640430
5.647190
5.657180
5.582530
5.622180
5.683010
5.648740
5.764910
5.650200
5.715030
5.615460
5.639280
5.695530
5.623440
5.546900
5.687240
5.672400
5.665820
5.667700
5.657280
5.645610
5.627040
5.644730
5.680970
5.670660
5.635850
5.663280
5.568330
5.640960
5.635850
5.724410
5.691690
5.594620
5.661370
5.594090
5.623700
5.684710
5.719760
5.652930
5.590460
5.650580
5.689880
5.702780
5.547260
5.646320
5.615860
5.650270
5.641540
5.574370
5.663940
5.696420
5.604850
5.615940
5.642140
5.663960
5.529080
5.642020
5.634490
5.697490
5.662290
5.613950
5.614890
5.750720
5.724990
5.694800
5.713690
5.628610
5.641360
5.640070
5.644470
5.669720
5.689660
5.650730
5.624590
5.776780
5.696550
5.627480
5.662910
5.661800
5.730610
5.686540
5.623250
5.647380
5.721420
5.578110
5.717130
5.535070
5.596090
5.610550
5.665910
5.680810
5.669160
5.665200
5.590790
5.630780
5.748360
5.680130
5.685190
5.706360
5.681970
5.642620
5.574390
5.714820
5.760490
5.614250
5.659920
5.679330
5.684610
5.692240
5.672000
5.635550
5.786450
5.652180
5.681780
5.656880
5.530840
5.617700
5.587910
5.631030
5.712190
5.663060
5.622500
5.699780
5.652810
5.625170
5.649190
5.677020
5.579440
5.626690
5.653650
5.597090
5.621660
5.652560
5.614560
5.727630
5.627260
5.671240
5.537660
5.498680
5.665310
5.657600
5.731930
5.738290
5.625340
5.649670
5.632590
5.772150
5.650670
5.568770
5.628480
5.697390
5.670140
5.569880
5.742600
5.661600
5.667490
5.660340
5.640610
5.672530
5.601610
5.605050
5.658320
5.696480
5.579360
5.724330
5.537320
5.675390
5.728040
5.482690
5.575310
5.623840
5.790370
5.753410
5.620440
5.778320
5.675060
5.638260
5.660200
5.620400
5.699660
5.630620
5.772850
5.645520
5.838940
5.654320
5.748120
5.767660
5.705040
5.723690
5.599300
5.606750
5.666740
5.699820
5.633000
5.734910
5.750940
5.573260
5.666190
5.624540
5.607610
5.767950
5.608090
5.683010
5.713030
5.701010
5.633120
5.706710
5.623950
5.725890
5.729190
5.668420
5.559700
5.596800
5.677680
5.668980
5.604580
5.663950
5.550440
5.661940
5.710710
5.769130
5.725740
5.774460
5.635350
5.663490
5.595600
5.661710
5.549060
5.622340
5.715680
5.625600
5.805100
5.644210
5.718870
5.763720
5.579520
5.696930
5.674320
5.633220
5.716830
5.671680
5.667880
5.637730
5.725060
5.765610
5.596770
5.604730
5.656340
5.639370
5.700320
5.680160
5.546820
5.724310
5.659460
5.667590
5.694220
5.622880
5.633580
5.641840
5.597230
5.748440
5.660530
5.709910
5.721750
5.571570
5.551650
5.599630
5.570870
5.691150
5.662980
5.609560
5.696610
5.710270
5.683000
5.642430
5.585580
5.615780
5.578510
5.666730
5.642990
5.608740
5.723210
5.575140
5.630080
5.649270
5.714440
5.599840
5.640090
5.766250
5.453540
5.682550
5.698430
5.710100
5.619020
5.619320
5.674190
5.686450
5.545140
5.637250
5.649830
5.583320
5.666280
5.634350
5.654710
5.629160
5.669350
5.558280
5.630460
5.638010
5.594960
5.598760
5.833660
5.523470
5.600070
5.658080
5.688280
5.574970
5.666580
5.678950
5.630330
5.535960
5.677310
5.720560
5.642960
5.658300
5.631110
5.666200
5.669780
5.706370
5.675710
5.726370
5.515390
5.668240
5.695530
5.617640
5.743700
5.752670
5.628020
5.656160
5.699760
5.674380
5.600230
5.776880
5.734650
5.692360
5.640660
5.571970
5.635020
5.631430
5.619250
5.740140
5.622810
5.654230
5.689220
5.730120
5.672430
5.586170
5.723520
5.651520
5.652250
5.720520
5.681550
5.697060
5.662800
5.737310
5.732230
5.751590
5.725500
5.671030
5.566880
5.676990
5.717810
5.772860
5.590690
5.595350
5.724190
5.563820
5.599440
5.622180
5.592140
5.731340
5.623630
5.618900
5.601270
5.691030
5.548460
5.637140
5.610290
5.708740
5.782090
5.536320
5.609010
5.706040
5.759420
5.539270
5.615670
5.605520
5.575580
5.621530
5.567420
5.675230
5.589760
5.654870
5.626400
5.657220
5.754140
5.589110
5.618840
5.765660
5.725000
5.667320
5.614990
5.630840
5.618110
5.657090
5.674160
5.759940
5.746040
5.674780
5.542050
5.680300
5.466700
5.512980
5.650680
5.629300
5.756720
5.519020
5.695610
5.565600
5.685620
5.586600
5.637060
5.560470
5.722390
5.727640
5.712230
5.702110
5.584080
5.626250
5.708140
5.629520
5.662950
5.659480
5.703300
5.545520
5.803600
5.558070
5.636390
5.734190
5.756560
5.672170
5.639370
5.582420
5.608330
5.709480
5.711700
5.575600
5.773200
5.733300
5.714720
5.632310
5.663670
5.646860
5.659940
5.800320
5.693570
5.789440
5.690670
5.710180
5.554950
5.591550
5.700330
5.649600
5.663150
5.609000
5.610100
5.705130
5.669950
5.682350
5.673260
5.666010
5.625350
5.699070
5.641940
5.761510
5.608450
5.601890
5.722680
5.706640
5.662770
5.668110
5.682430
5.644310
5.635530
5.670870
5.694830
5.654810
5.641860
5.677400
5.616880
5.673140
5.721930
5.593260
5.720870
5.652340
5.568590
5.674130
5.577050
5.657920
5.697760
5.693010
5.678110
5.690310
5.582620
5.663140
5.718030
5.590440
5.708580
5.664120
5.714130
5.647320
5.626570
5.723530
5.648690
5.637390
5.628400
5.597560
5.625620
5.712190
5.676850
5.690280
5.746520
5.732840
5.655760
5.586500
5.690850
5.668470
5.574320
5.735100
5.637440
5.708940
5.617910
5.661570
5.608330
5.614520
5.660780
5.740530
5.735480
5.596870
5.594140
5.576390
5.664270
5.643570
5.722110
5.723750
5.622110
5.602030
5.595670
5.786930
5.754630
5.684200
5.592080
5.637170
5.677320
5.630760
5.587050
5.674940
5.609310
5.747560
5.669810
5.526420
5.684720
5.660740
5.655840
5.796010
5.758700
5.593820
5.713520
5.634220
5.607880
5.643170
5.636460
5.578520
5.614930
5.660830
5.622280
5.714800
5.699440
5.569830
5.691980
5.624170
5.614990
5.706720
5.621690
5.683220
5.621330
5.649040
5.744090
5.697290
5.709070
5.622350
5.682490
5.643380
5.654620
5.538670
5.689950
5.616610
5.642700
5.625820
5.638270
5.703380
5.590870
5.648850
5.513090
5.608980
5.589900
5.696360
5.665210
5.670130
5.712050
5.620770
5.692880
5.609960
5.764920
5.533190
5.638330
5.644360
5.742110
5.716810
5.731390
5.823980
5.775610
5.623790
5.577790
5.552350
5.644320
5.571450
5.702680
5.753470
5.584080
5.565130
5.636740
5.632480
5.630230
5.733130
5.474410
5.669230
5.764270
5.651420
5.669620
5.647250
5.691510
5.748870
5.681470
5.626880
5.717730
5.625040
5.647730
5.677160
5.714310
5.588310
5.666010
5.655180
5.709220
5.716740
5.677180
5.671590
5.708740
5.580150
5.676730
5.728090
5.638810
5.654730
5.575950
5.665450
5.616110
5.833520
5.665500
5.649860
5.672660
5.638480
5.577220
5.589200
5.596330
5.704990
5.616130
5.665660
5.637320
5.735580
5.608730
5.751190
5.637530
5.681890
5.725150
5.619650
5.747330
5.692010
5.555510
5.686320
5.725070
5.721600
5.624550
5.622010
5.605410
5.685300
5.710610
5.647540
5.829630
5.620340
5.692540
5.799330
5.653490
5.651720
5.712850
5.683430
5.555550
5.758550
5.642090
5.630630
5.581000
5.740400
5.683080
5.675000
5.567330
5.635690
5.532730
5.673590
5.699920
5.755150
5.567060
5.584290
5.657880
5.619720
5.611400
5.641270
5.704200
5.658380
5.647470
5.666890
5.583540
5.673700
5.537490
5.612740
5.711590
5.680670
5.650620
5.536800
5.562790
5.676090
5.617960
5.609700
5.710480
5.708310
5.682590
5.768020
5.728270
5.654730
5.643070
5.683900
5.755860
5.800530
5.694700
5.705500
5.664170
5.595130
5.646800
5.566930
5.632280
5.654880
5.687710
5.620660
5.665600
5.659400
5.608860
5.710110
5.689620
5.600290
5.677950
5.765470
5.772850
5.726370
5.660040
5.726170
5.614270
5.696090
5.656120
5.609480
5.746480
5.653480
5.665070
5.717270
5.691910
5.627180
5.676980
5.706050
5.595960
5.669160
5.625530
5.560510
5.748900
5.772860
5.667740
5.728220
5.572570
5.686660
5.532240
5.621700
5.728800
5.666160
5.692840
5.697620
5.638920
5.609150
5.621100
5.582210
5.728920
5.688160
5.696510
5.637130
5.558340
5.610940
5.612610
5.695360
5.662420
5.734860
5.653120
5.625590
5.641860
5.664550
5.636880
5.663860
5.668850
5.584930
5.696990
5.647300
5.641340
5.661930
5.719960
5.651210
5.610240
5.653610
5.669620
5.658270
5.620740
5.698300
5.561730
5.656150
5.716170
5.663490
5.666510
5.659040
5.778780
5.645800
5.605870
5.719670
5.748680
5.655890
5.670160
5.699050
5.692860
5.675660
5.644800
5.749960
5.696930
5.666320
5.630420
5.716200
5.734300
5.681460
5.631270
5.498550
5.556990
5.674830
5.826310
5.662170
5.640490
5.626810
5.677450
5.619110
5.715820
5.640260
5.655210
5.717070
5.816540
5.585660
5.722260
5.627090
5.693430
5.681960
5.730320
5.639570
5.699810
5.582770
5.595980
5.728600
5.608580
5.672880
5.694070
5.534280
5.699380
5.615220
5.651470
5.629630
5.614560
5.688160
5.743350
5.589960
5.670110
5.667020
5.705320
5.728580
5.643210
5.618240
5.598200
5.613130
5.614020
5.567610
5.658560
5.708920
5.549170
5.671910
5.560980
5.649670
5.621060
5.692420
5.653950
5.690300
5.668080
5.652330
5.709560
5.686890
5.642020
5.532910
5.660490
5.634900
5.644590
5.703730
5.608900
5.610720
5.623610
5.628510
5.683830
5.615370
5.665320
5.641580
5.544950
5.703530
5.620860
5.625450
5.722370
5.657030
5.741570
5.664290
5.620120
5.559080
5.687630
5.656110
5.715560
5.619590
5.637020
5.711080
5.653620
5.569590
5.616870
5.745220
5.860660
5.640780
5.696000
5.646880
5.634270
5.695300
5.607300
5.586140
5.675730
5.758830
5.724460
5.667370
5.588840
5.619670
5.594930
5.677780
5.553410
5.596710
5.743580
5.705480
5.657350
5.736850
5.674190
5.715490
5.641200
5.652040
5.644510
5.617230
5.733560
5.677540
5.677620
5.707590
5.580390
5.640410
5.676440
5.569070
5.695230
5.787700
5.628570
5.629210
5.732840
5.600450
5.584840
5.613450
5.619220
5.655240
5.593120
5.844290
5.702580
5.570010
5.660380
5.655910
5.590440
5.608280
5.675980
5.707990
5.622120
5.653760
5.726940
5.703940
5.669450
5.665180
5.681120
5.762760
5.623290
5.621250
5.601930
5.556280
5.701170
5.724520
5.630750
5.618110
5.766310
5.647860
5.676640
5.612760
5.606840
5.770080
5.574280
5.622070
5.649510
5.681380
5.574530
5.564770
5.627460
5.626780
5.660260
5.627210
5.646510
5.694320
5.645530
5.719040
5.627760
5.636360
5.585760
5.708590
5.640070
5.709790
5.734060
5.671190
5.717360
5.750610
5.512070
5.672510
5.642650
5.752290
5.706800
5.674510
5.618710
5.624540
5.676840
5.641710
5.684230
5.695550
5.774790
5.636760
5.712040
5.596950
5.686440
5.634550
5.820120
5.584700
5.636640
5.666130
5.714610
5.633210
5.602950
5.705560
5.597060
5.773860
5.748030
5.761250
5.723270
5.764580
5.650760
5.639960
5.597360
5.698440
5.707670
5.591470
5.601180
5.652420
5.616880
5.695650
5.551710
5.739140
5.623220
5.619730
5.714840
5.785330
5.737790
5.675540
5.606800
5.741880
5.605740
5.609630
5.682230
5.690070
5.633280
5.797780
5.627430
5.611530
5.744690
5.726120
5.673550
5.694410
5.643730
5.600900
5.740820
5.670200
5.676090
5.601570
5.868030
5.752730
5.702540
5.696940
5.748930
5.772800
5.649430
5.623800
5.609010
5.571660
5.672210
5.574810
5.545040
5.694140
5.701900
5.706200
5.665150
5.655480
5.736880
5.678320
5.704940
5.738530
5.638680
5.694790
5.767020
5.605960
5.745970
5.592120
5.674410
5.764700
5.656820
5.678060
5.717300
5.641090
5.546890
5.646740
5.851840
5.591420
5.656450
5.651300
5.660470
5.693610
5.760420
5.674750
5.630810
5.556500
5.774620
5.731640
5.537340
5.630270
5.602540
5.700330
5.656500
5.695970
5.644170
5.584440
5.706760
5.704600
5.718260
5.584420
5.658290
5.694700
5.601540
5.620820
5.759890
5.585070
5.532530
5.677930
5.736320
5.763490
5.723970
5.774940
5.687730
5.628880
5.665840
5.712320
5.677450
5.728010
5.612380
5.746880
5.557060
5.701670
5.620730
5.781210
5.648030
5.676410
5.599880
5.663950
5.700390
5.748080
5.732470
5.659050
5.672930
5.709030
5.717990
5.741420
5.650640
5.637870
5.640960
5.691910
5.735410
5.688470
5.707430
5.785090
5.532270
5.620830
5.640420
5.647480
5.653140
5.647590
5.539320
5.625470
5.777120
5.772310
5.765510
5.632290
5.635830
5.677690
5.780290
5.694930
5.594920
5.675690
5.694920
5.660210
5.532190
5.633340
5.699290
5.604850
5.671920
5.786210
5.556950
5.561600
5.550790
5.618630
5.799110
5.680060
5.682640
5.573700
5.667860
5.612730
5.746580
5.633490
5.548830
5.687840
5.669420
5.527930
5.627630
5.662090
5.542180
5.618660
5.648200
5.580380
5.618170
5.580350
5.751710
5.649570
5.663850
5.584220
5.689120
5.682030
5.601920
5.606880
5.575530
5.685450
5.581440
5.619390
5.710170
5.630240
5.585450
5.657910
5.689340
5.695180
5.656240
5.711520
5.712820
5.710810
5.694750
5.677640
5.655850
5.700280
5.597210
5.506340
5.655880
5.569700
5.585890
5.723180
5.640120
5.714410
5.720190
5.735200
5.584350
5.573980
5.784780
5.677260
5.701630
5.670140
5.701990
5.628150
5.570400
5.689840
5.694670
5.556780
5.720960
5.596020
5.681270
5.643690
5.677220
5.641080
5.676920
5.754390
5.618390
5.654710
5.704840
5.742920
5.761600
5.620350
5.718030
5.676200
5.590600
5.567930
5.655480
5.693590
5.704560
5.621970
5.781700
5.699390
5.757670
5.629870
5.872840
5.649860
5.556360
5.714930
5.613260
5.741900
5.646370
5.588360
5.709830
5.634120
5.671010
5.714220
5.497780
5.583230
5.578370
5.609550
5.640160
5.613770
5.729280
5.649700
5.714740
5.646160
5.587450
5.744660
5.713130
5.644430
5.643360
5.661750
5.628260
5.613820
5.693460
5.699180
5.676960
5.785170
5.629460
5.669450
5.636590
5.652220
5.576060
5.751610
5.714520
5.718480
5.647570
5.713840
5.625600
5.633960
5.663300
5.623470
5.662120
5.669240
5.656410
5.678590
5.552330
5.754910
5.605860
5.677150
5.587730
5.691540
5.659480
5.628240
5.780120
5.673600
5.714210
5.698540
5.602590
5.627020
5.653010
5.709570
5.709420
5.673560
5.748770
5.680250
5.776800
5.597060
5.743200
5.650980
5.661780
5.641620
5.612400
5.559710
5.719160
5.616290
5.657080
5.634030
5.698910
5.730850
5.670310
5.728150
5.617150
5.610850
5.653640
5.726200
5.635820
5.736600
5.679640
5.705080
5.766630
5.741910
5.631710
5.785140
5.681750
5.583280
5.571510
5.750570
5.630850
5.605010
5.657140
5.542800
5.688260
5.674480
5.636780
5.607910
5.619000
5.725580
5.601150
5.682560
5.723160
5.645730
5.671460
5.547510
5.694910
5.707460
5.638570
5.576430
5.553290
5.711370
5.625650
5.717010
5.626610
5.648720
5.605530
5.610640
5.678370
5.594420
5.704400
5.606410
5.547450
5.693200
5.652480
5.619340
5.664950
5.636280
5.558150
5.667660
5.726510
5.629730
5.650900
5.643600
5.742260
5.695460
5.572710
5.645170
5.643690
5.535100
5.606280
5.541150
5.700040
5.659750
5.725170
5.751070
5.556070
5.627030
5.628300
5.681730
5.547480
5.704860
5.713790
5.684010
5.711700
5.597090
5.634520
5.577270
5.631550
5.605380
5.822610
5.574780
5.565770
5.701380
5.669630
5.733680
5.675360
5.661890
5.671890
5.549890
5.608490
5.708790
5.645050
5.631000
5.738370
5.691800
5.613920
5.626670
5.650570
5.631710
5.689520
5.672220
5.633000
5.561560
5.624740
5.526690
5.675020
5.561260
5.681250
5.520710
5.691240
5.545240
5.660900
5.661120
5.595330
5.615110
5.605610
5.613820
5.554650
5.725090
5.663460
5.757830
5.725790
5.696170
5.713180
5.559890
5.736320
5.752450
5.754330
5.652040
5.602400
5.602730
5.709370
5.741420
5.661930
5.701440
5.690220
5.543620
5.581970
5.563550
5.697420
5.689330
5.557560
5.755860
5.626610
5.615230
5.717170
5.610680
5.781720
5.635530
5.711160
5.718370
5.725790
5.699490
5.747040
5.595410
5.623330
5.693750
5.607650
5.682590
5.710880
5.676230
5.631250
5.669200
5.706230
5.662490
5.721090
5.653050
5.639860
5.621090
5.726740
5.681290
5.720740
5.686080
5.618590
5.605390
5.724600
5.666320
5.667360
5.634930
5.686900
5.621580
5.654630
5.719790
5.625600
5.644440
5.546390
5.689460
5.674950
5.666640
5.620830
5.634800
5.629790
5.738490
5.674180
5.748760
5.675620
5.638170
5.769250
5.589310
5.609160
5.649590
5.592600
5.690680
5.690340
5.660290
5.644710
5.703050
5.650220
5.604470
5.678670
5.624510
5.587500
5.602740
5.716630
5.696570
5.693030
5.697070
5.706610
5.607690
5.640840
5.640280
5.682090
5.673700
5.589430
5.666630
5.684880
5.726660
5.639390
5.725210
5.673960
5.690780
5.709960
5.751670
5.564270
5.506430
5.634480
5.570840
5.618350
5.660180
5.723880
5.656740
5.673510
5.610500
5.626320
5.610580
5.689120
5.663540
5.682090
5.629290
5.632100
5.686910
5.650880
5.632510
5.691350
5.612810
5.681150
5.586360
5.599280
5.644810
5.657660
5.706090
5.641120
5.601250
5.586140
5.692920
5.730540
5.628500
5.787040
5.806410
5.627400
5.656340
5.613760
5.583240
5.664340
5.672940
5.709130
5.553830
5.777120
5.614680
5.631740
5.626680
5.691840
5.597930
5.690460
5.806860
5.684440
5.715800
5.635260
5.744580
5.648580
5.691730
5.738100
5.686940
5.724220
5.633020
5.783120
5.651140
5.691210
5.622390
5.666430
5.722510
5.635830
5.687910
5.637530
5.706880
5.650320
5.622570
5.702050
5.695580
5.635130
5.593090
5.667770
5.688390
5.634740
5.675990
5.649380
5.672020
5.747290
5.597790
5.670130
5.638170
5.806120
5.593530
5.673190
5.648580
5.656230
5.727430
5.715050
5.648410
5.583740
5.648190
5.640370
5.739110
5.617560
5.653840
5.565080
5.552890
5.633550
5.575530
5.666190
5.600930
5.650150
5.650560
5.672930
5.605260
5.647680
5.652610
5.650400
5.714980
5.669890
5.571920
5.761210
5.669620
5.722670
5.632150
5.691630
5.591110
5.662400
5.619230
5.722060
5.738620
5.678200
5.563120
5.532590
5.674380
5.620240
5.571770
5.658150
5.544850
5.632090
5.656310
5.617130
5.700450
5.664360
5.655120
5.671610
5.728280
5.764530
5.660170
5.717140
5.657850
5.614100
5.727020
5.606560
5.656440
5.669090
5.702930
5.670310
5.540450
5.615390
5.674730
5.559340
5.626950
5.630460
5.727150
5.753300
5.748180
5.605060
5.626420
5.640560
5.651880
5.612220
5.633640
5.593960
5.696810
5.657840
5.735400
5.687060
5.669900
5.644330
5.720090
5.603590
5.717740
5.655210
5.645670
5.730520
5.715410
5.708630
5.814270
5.723730
5.683960
5.600370
5.657500
5.624180
5.568150
5.640860
5.760260
5.581730
5.671250
5.644350
5.676560
5.716760
5.726340
5.628340
5.611660
5.598870
5.707890
5.565210
5.669320
5.662770
5.693190
5.692860
5.679220
5.693750
5.719440
5.662050
5.683170
5.632180
5.769550
5.690430
5.764640
5.652780
5.872950
5.687390
5.648810
5.709520
5.520480
5.645980
5.543570
5.701960
5.629460
5.743020
5.645920
5.624460
5.746940
5.659530
5.645820
5.665630
5.633500
5.615050
5.613130
5.578700
5.655260
5.597380
5.648940
5.650690
5.686020
5.706910
5.549050
5.649940
5.756430
5.630570
5.615000
5.769270
5.557330
5.642970
5.667530
5.682000
5.524710
5.635950
5.530540
5.762680
5.591960
5.657060
5.667230
5.590310
5.704110
5.549240
5.550920
5.628160
5.703700
5.558860
5.548170
5.634340
5.709020
5.644690
5.816690
5.719210
5.758850
5.626250
5.510190
5.674860
5.682390
5.859880
5.619250
5.679240
5.588520
5.662000
5.629650
5.538840
5.654150
5.610120
5.769190
5.589080
5.676570
5.736690
5.620190
5.707800
5.582080
5.600210
5.741420
5.640590
5.629220
5.684010
5.720670
5.762570
5.619770
5.733130
5.862390
5.586640
5.696730
5.707850
5.654750
5.596370
5.639890
5.751300
5.748910
5.622940
5.667300
5.724610
5.652380
5.571230
5.703740
5.598880
5.661390
5.664780
5.670770
5.556080
5.615790
5.654740
5.711180
5.585800
5.715710
5.746910
5.677810
5.782290
5.740260
5.659360
5.639950
5.686570
5.656490
5.574630
5.665220
5.677830
5.738000
5.593950
5.606930
5.778010
5.703400
5.578590
5.769940
5.595240
5.701950
5.764000
5.593580
5.623520
5.650470
5.666600
5.726230
5.712530
5.611540
5.587920
5.671450
5.607670
5.507830
5.751160
5.529790
5.830180
5.685250
5.659530
5.664510
5.637200
5.621200
5.648810
5.651650
5.694570
5.732120
5.729800
5.726330
5.660650
5.751010
5.624640
5.650940
5.721750
5.721390
5.512190
5.692920
5.674280
5.692500
5.574460
5.536480
5.702250
5.686810
5.683910
5.578780
5.678440
5.734740
5.687360
5.648300
5.571930
5.564860
5.645360
5.627730
5.533300
5.819050
5.657310
5.567830
5.623620
5.565770
5.681600
5.637380
5.639140
5.656750
5.731570
5.689760
5.668150
5.598180
5.671410
5.755760
5.581320
5.616290
5.724270
5.684280
5.633810
5.709180
5.645840
5.729920
5.630020
5.727830
5.585890
5.769850
5.643120
5.685120
5.644770
5.636090
5.677380
5.578850
5.684890
5.502530
5.613160
5.578270
5.651990
5.661910
5.640400
5.784640
5.632620
5.694500
5.773780
5.665300
5.707400
5.815710
5.565660
5.619010
5.661830
5.637930
5.551020
5.652500
5.642510
5.718460
5.709260
5.650610
5.596990
5.609120
5.607940
5.622410
5.626560
5.581560
5.584210
5.669950
5.550440
5.791340
5.635250
5.640910
5.758680
5.660810
5.582030
5.605930
5.622310
5.600850
5.675370
5.667670
5.684450
5.607120
5.710950
5.634990
5.738890
5.704660
5.594470
5.516370
5.699300
5.666090
5.621090
5.664270
5.803090
5.708130
5.632500
5.755590
5.676860
5.644060
5.774930
5.660680
5.639450
5.687190
5.648160
5.701400
5.681820
5.630570
5.726910
5.657300
5.589380
5.596560
5.637420
5.728080
5.580570
5.648910
5.605760
5.641570
5.641690
5.739150
5.676290
5.654180
5.552780
5.708980
5.738250
5.723380
5.610050
5.563480
5.682420
5.656330
5.577810
5.806040
5.662020
5.645770
5.689370
5.618270
5.669490
5.670540
5.627810
5.773610
5.587270
5.586840
5.763610
5.723840
5.702290
5.746940
5.653640
5.617610
5.731550
5.616180
5.445330
5.636440
5.498510
5.647820
5.586500
5.795860
5.722400
5.658520
5.653850
5.624200
5.579210
5.594320
5.690690
5.686160
5.650720
5.560370
5.703730
5.712010
5.657760
5.627600
5.581820
5.693990
5.629630
5.537780
5.629310
5.636860
5.619840
5.499660
5.592280
5.730600
5.617150
5.643050
5.781450
5.626070
5.667110
5.744710
5.656420
5.661190
5.686860
5.724100
5.687400
5.549240
5.693230
5.575210
5.704670
5.690940
5.606150
5.559710
5.626500
5.667420
5.704670
5.713610
5.517110
5.610900
5.707130
5.608270
5.721120
5.701080
5.770900
5.682580
5.671760
5.606470
5.538810
5.665270
5.785770
5.724670
5.626720
5.614310
5.724520
5.681680
5.611690
5.605590
5.680750
5.649540
5.620210
5.601840
5.663200
5.746150
5.709300
5.566340
5.527940
5.576450
5.645320
5.834100
5.654560
5.696140
5.750110
5.637650
5.591330
5.716550
5.745620
5.669550
5.739010
5.638520
5.666580
5.649380
5.633960
5.655620
5.502880
5.554490
5.526350
5.785290
5.646140
5.705880
5.600840
5.652250
5.666390
5.663280
5.680330
5.671300
5.668160
5.779590
5.528670
5.610870
5.712570
5.641160
5.586720
5.681670
5.678770
5.724130
5.744600
5.654010
5.629660
5.620890
5.788060
5.599800
5.722280
5.720400
5.739710
5.662720
5.668200
5.628990
5.517260
5.732090
5.662150
5.723270
5.556240
5.630350
5.674560
5.681040
5.685780
5.626220
5.752420
5.607660
5.671760
5.710210
5.540330
5.545150
5.654620
5.625740
5.562140
5.662080
5.699730
5.654750
5.620650
5.779460
5.620250
5.603300
5.626930
5.646390
5.688600
5.658070
5.719600
5.660110
5.567320
5.589530
5.575690
5.686390
5.700560
5.680990
5.667170
5.667140
5.579150
5.645950
5.607210
5.646440
5.632000
5.630170
5.583750
5.570860
5.580800
5.686070
5.693660
5.725890
5.684190
5.613960
5.666430
5.659360
5.648560
5.671860
5.610150
5.717630
5.689690
5.691330
5.596460
5.644850
5.803170
5.642080
5.637560
5.619130
5.529660
5.534640
5.673360
5.580170
5.624180
5.732260
5.664040
5.479630
5.649000
5.627990
5.658130
5.668940
5.564810
5.777740
5.557370
5.620690
5.600170
5.601570
5.668260
5.609850
5.771190
5.665320
5.628230
5.685580
5.687960
5.677540
5.636410
5.773740
5.834830
5.692420
5.736370
5.673980
5.681890
5.644190
5.734260
5.737230
5.679550
5.589020
5.715990
5.616260
5.612410
5.745420
5.629840
5.660200
5.634080
5.734090
5.706460
5.624220
5.633530
5.780430
5.655000
5.650490
5.610500
5.609740
5.610180
5.587180
5.636030
5.520050
5.758310
5.691920
5.661640
5.669930
5.617070
5.626540
5.692090
5.701490
5.534160
5.679780
5.704580
5.634950
5.727490
5.719720
5.629750
5.610560
5.676000
5.664080
5.732020
5.646480
5.714150
5.573230
5.582230
5.609890
5.619310
5.609280
5.620830
5.524540
5.674360
5.620460
5.716730
5.644270
5.582620
5.728780
5.618390
5.608890
5.699700
5.649190
5.551550
5.622200
5.618830
5.663380
5.779970
5.849850
5.656450
5.696290
5.545110
5.487920
5.498700
5.547440
5.677970
5.651080
5.722520
5.634150
5.579280
5.631700
5.654000
5.594880
5.665000
5.790290
5.647360
5.682950
5.574740
5.783250
5.767060
5.595780
5.664780
5.690010
5.652970
5.689880
5.683790
5.654750
5.507070
5.698730
5.752320
5.733240
5.715030
5.723570
5.676050
5.627080
5.690380
5.752890
5.634720
5.609310
5.725310
5.662320
5.604740
5.653210
5.782060
5.568750
5.727620
5.700990
5.690100
5.654780
5.672800
5.641210
5.701100
5.672540
5.568090
5.696200
5.683460
5.577930
5.748350
5.548320
5.828340
5.638550
5.710770
5.747870
5.690000
5.673620
5.592290
5.595940
5.691480
5.701630
5.660110
5.595840
5.758440
5.699170
5.615380
5.597040
5.722290
5.611670
5.603560
5.726850
5.787760
5.593210
5.741140
5.704420
5.743670
5.687130
5.641650
5.663890
5.658650
5.714780
5.721850
5.753000
5.663840
5.582180
5.639290
5.626430
5.648710
5.723870
5.711420
5.571740
5.586970
5.734390
5.622450
5.558380
5.714130
5.621850
5.862720
5.561320
5.668190
5.667820
5.717580
5.587780
5.608440
5.725900
5.645480
5.593190
5.696510
5.557610
5.611800
5.644130
5.782220
5.599130
5.549310
5.635070
5.641840
5.698690
5.614610
5.665870
5.620400
5.688050
5.707830
5.622170
5.554550
5.649760
5.754490
5.605490
5.699450
5.820820
5.691790
5.636550
5.721440
5.699890
5.725520
5.624110
5.700680
5.562270
5.715940
5.675540
5.742090
5.690520
5.684630
5.699820
5.747280
5.696300
5.646290
5.753610
5.675230
5.638780
5.767240
5.589100
5.613180
5.668760
5.682730
5.742300
5.578200
5.611390
5.747230
5.721480
5.666120
5.783690
5.611020
5.527130
5.723900
5.659930
5.628250
5.744840
5.584180
5.574420
5.695370
5.727900
5.760380
5.681070
5.637870
5.737840
5.670980
5.685260
5.705980
5.648130
5.750220
5.665160
5.537700
5.666730
5.629400
5.691600
5.727260
5.658430
5.857910
5.575390
5.681010
5.665920
5.623780
5.689550
5.680540
5.610830
5.678880
5.841590
5.695610
5.575010
5.578360
5.705880
5.715200
5.625070
5.689180
5.612810
5.646080
5.678100
5.680100
5.733390
5.811630
5.582120
5.711240
5.695810
5.522210
5.554040
5.664950
5.645340
5.720230
5.652420
5.711190
5.588080
5.599900
5.737270
5.674380
5.635460
5.591490
5.605850
5.689680
5.743710
5.643460
5.603120
5.718580
5.694200
5.686860
5.546020
5.605390
5.645770
5.655380
5.730820
5.650240
5.547950
5.614060
5.673190
5.745050
5.653510
5.612410
5.611200
5.594380
5.677300
5.738590
5.689320
5.647220
5.712780
5.705830
5.720300
5.551120
5.621240
5.581330
5.660710
5.540670
5.732650
5.605650
5.722130
5.687870
5.606190
5.674440
5.687060
5.638480
5.695570
5.729660
5.549720
5.731400
5.646790
5.659520
5.608230
5.715470
5.496690
5.736900
5.699850
5.610680
5.664640
5.623000
5.636010
5.587370
5.570610
5.668910
5.733740
5.703450
5.723100
5.619770
5.705480
5.556060
5.687100
5.686440
5.711770
5.721250
5.683550
5.528370
5.725130
5.667980
5.628100
5.735510
5.649760
5.755120
5.604830
5.665740
5.616320
5.745570
5.722510
5.663330
5.786850
5.677180
5.565250
5.587640
5.755180
5.668700
5.612350
5.683290
5.603980
5.674180
5.657660
5.669470
5.631760
5.645580
5.564860
5.641680
5.654920
5.654670
5.648400
5.764150
5.635170
5.648380
5.707510
5.608500
5.756520
5.667200
5.637280
5.597200
5.509970
5.608880
5.753300
5.798710
5.719880
5.669940
5.679850
5.683440
5.568610
5.628650
5.726120
5.806230
5.681300
5.606740
5.644920
5.708950
5.665000
5.586660
5.672300
5.663610
5.676840
5.715800
5.780130
5.688450
5.673260
5.653190
5.477060
5.618580
5.740360
5.730790
5.759750
5.672390
5.632880
5.589200
5.720290
5.707710
5.593110
5.686690
5.685630
5.619620
5.734760
5.633960
5.695420
5.651180
5.651540
5.647020
5.668520
5.665550
5.669670
5.638610
5.653660
5.744920
5.666910
5.741610
5.706960
5.699450
5.615700
5.632030
5.530010
5.665110
5.499210
5.654130
5.646180
5.651660
5.646130
5.535930
5.696870
5.696080
5.716030
5.641700
5.599970
5.804910
5.657430
5.624890
5.610250
5.517910
5.570690
5.702590
5.645350
5.686980
5.662140
5.664530
5.615020
5.700660
5.498340
5.667530
5.734800
5.690460
5.669480
5.648950
5.682040
5.612170
5.636860
5.739830
5.658220
5.622280
5.608610
5.629800
5.730860
5.663650
5.779440
5.712960
5.579950
5.586520
5.493930
5.665680
5.673470
5.707840
5.562720
5.513770
5.636400
5.876980
5.601240
5.784270
5.711270
5.601360
5.644590
5.700770
5.716930
5.696360
5.765520
5.661980
5.797330
5.595210
5.675920
5.709080
5.694750
5.647210
5.603860
5.579760
5.534330
5.618450
5.663590
5.770850
5.629690
5.739260
5.722810
5.632360
5.566400
5.745170
5.691190
5.728930
5.581440
5.746250
5.667630
5.642130
5.671050
5.689720
5.707910
5.813210
5.730110
5.573100
5.561590
5.720110
5.657450
5.632190
5.618200
5.725910
5.691330
5.663800
5.658970
5.666230
5.608610
5.587200
5.600880
5.664710
5.680830
5.581510
5.608180
5.801770
5.594540
5.730350
5.641450
5.629440
5.843040
5.700210
5.614280
5.656660
5.770450
5.521760
5.686590
5.704350
5.595590
5.577030
5.646750
5.586490
5.642190
5.566700
5.601380
5.648160
5.594410
5.581370
5.749970
5.464090
5.778310
5.665400
5.715150
5.700540
5.712780
5.673200
5.544720
5.651510
5.810770
5.642760
5.695760
5.718900
5.703030
5.634200
5.731690
5.655070
5.679790
5.585940
5.628020
5.651880
5.593570
5.724400
5.701210
5.610430
5.593060
5.703040
5.637160
5.695750
5.740430
5.663270
5.692280
5.702450
5.670640
5.673400
5.544990
5.655780
5.691890
5.626880
5.691950
5.620300
5.653380
5.733310
5.612290
5.648030
5.609370
5.645110
5.693650
5.640530
5.594110
5.583510
5.687460
5.697940
5.648200
5.644270
5.697300
5.723330
5.604480
5.804040
5.649520
5.719320
5.580920
5.659910
5.627770
5.615460
5.663140
5.667390
5.647370
5.662800
5.586870
5.677940
5.734620
5.630010
5.649140
5.583350
5.696710
5.592410
5.667910
5.652580
5.672720
5.685420
5.691980
5.743990
5.581820
5.622280
5.659700
5.566540
5.728430
5.671520
5.640400
5.668840
5.670920
5.761920
5.713150
5.675370
5.623640
5.598470
5.517330
5.652880
5.716050
5.537240
5.702080
5.726840
5.632620
5.701840
5.685890
5.696570
5.694220
5.764420
5.661240
5.666730
5.737060
5.672980
5.730320
5.577360
5.651450
5.546180
5.652180
5.761520
5.595290
5.595990
5.691510
5.508960
5.614510
5.550090
5.607460
5.694790
5.641700
5.654200
5.596020
5.525090
5.624150
5.595490
5.687290
5.657320
5.667730
5.839580
5.698420
5.886480
5.562890
5.678130
5.629360
5.715850
5.703850
5.632250
5.646770
5.619390
5.596420
5.642890
5.650860
5.656260
5.670180
5.731770
5.515490
5.573220
5.720320
5.724700
5.581060
5.699060
5.666790
5.701570
5.745300
5.604460
5.655950
5.601110
5.618890
5.653230
5.587420
5.718370
5.739670
5.631800
5.747260
5.614050
5.677420
5.671360
5.582930
5.657840
5.634370
5.693090
5.606830
5.588470
5.711750
5.607280
5.629000
5.566080
5.603860
5.656820
5.658680
5.685160
5.700010
5.673570
5.631190
5.643960
5.692250
5.730690
5.599400
5.671120
5.747580
5.660950
5.679340
5.634080
5.683920
5.636630
5.588200
5.578210
5.595420
5.611940
5.710970
5.575950
5.658200
5.629640
5.767830
5.633260
5.564500
5.698450
5.540650
5.599620
5.666890
5.682310
5.645540
5.604990
5.700770
5.639300
5.681520
5.595260
5.676900
5.727390
5.644970
5.721230
5.709360
5.698740
5.630650
5.561700
5.608350
5.858440
5.675200
5.681300
5.576450
5.703230
5.737200
5.586230
5.621550
5.703540
5.658000
5.678020
5.681750
5.658860
5.644240
5.560230
5.608570
5.552550
5.704350
5.679720
5.559060
5.691420
5.632690
5.731480
5.738540
5.653510
5.579640
5.662360
5.578820
5.637310
5.720870
5.660150
5.797150
5.655140
5.660600
5.623960
5.617110
5.609490
5.636080
5.676840
5.655050
5.721460
5.587310
5.653560
5.774460
5.681840
5.612020
5.661480
5.739030
5.629520
5.705170
5.687570
5.669310
5.625710
5.658260
5.631080
5.568260
5.630490
5.654560
5.608290
5.690640
5.770980
5.720050
5.572240
5.623960
5.691200
5.604790
5.684160
5.582190
5.641620
5.661300
5.634110
5.599590
5.730500
5.626930
5.633230
5.651460
5.689740
5.694200
5.613940
5.623590
5.653220
5.709510
5.578710
5.626800
5.865490
5.688650
5.671880
5.645320
5.675500
5.581620
5.743670
5.642340
5.581500
5.597650
5.694540
5.638980
5.706480
5.713730
5.591230
5.526440
5.614370
5.824340
5.722810
5.699700
5.679490
5.694970
5.664690
5.660130
5.491370
5.655940
5.593620
5.647490
5.669730
5.595820
5.640680
5.610100
5.561100
5.695580
5.636330
5.733750
5.588790
5.659130
5.725520
5.791440
5.705030
5.608630
5.823650
5.745940
5.708360
5.683250
5.639020
5.610320
5.718980
5.625900
5.582530
5.686500
5.760930
5.698260
5.619890
5.618980
5.703050
5.597840
5.662190
5.636610
5.694950
5.622320
5.597290
5.628340
5.662950
5.635080
5.769270
5.703290
5.602580
5.655240
5.612750
5.587000
5.642820
5.696500
5.724610
5.715530
5.579050
5.587800
5.539930
5.672140
5.654820
5.559420
5.727990
5.615460
5.664250
5.788400
5.653040
5.712760
5.655810
5.686760
5.617990
5.656510
5.648480
5.613170
5.577450
5.678130
5.550360
5.620840
5.646750
5.694980
5.690940
5.738350
5.762370
5.633610
5.705540
5.586440
5.672430
5.644230
5.584390
5.563060
5.575530
5.692430
5.644180
5.735820
5.760680
5.676640
5.630500
5.710810
5.642360
5.692910
5.637550
5.702000
5.703640
5.727440
5.683760
5.738980
5.638910
5.663660
5.668590
5.815720
5.532340
5.644340
5.775710
5.585910
5.689810
5.676680
5.744260
5.572020
5.566280
5.566560
5.630050
5.606140
5.649290
5.601540
5.686030
5.604590
5.649400
5.731770
5.726670
5.526170
5.634200
5.670300
5.652490
5.627970
5.630230
5.618330
5.712890
5.581150
5.663090
5.721070
5.646030
5.744860
5.718780
5.686190
5.751770
5.614300
5.678810
5.640470
5.642170
5.592230
5.658690
5.740030
5.795780
5.815640
5.727610
5.631000
5.721160
5.737750
5.610110
5.682800
5.631240
5.701900
5.624640
5.715580
5.719870
5.548620
5.768310
5.634890
5.597890
5.588880
5.729050
5.652520
5.601790
5.507690
5.715080
5.687270
5.637770
5.598470
5.674470
5.729260
5.724870
5.586080
5.626390
5.735510
5.566590
5.546390
5.573540
5.586610
5.775220
5.739700
5.773890
5.698550
5.677520
5.732790
5.555690
5.651520
5.587040
5.690360
5.698450
5.705690
5.572880
5.702590
5.646880
5.612040
5.692510
5.738710
5.738960
5.609420
5.660800
5.594090
5.597790
5.684260
5.621820
5.738090
5.718030
5.657630
5.579540
5.691440
5.740050
5.681510
5.594910
5.561600
5.567660
5.647500
5.580710
5.664290
5.729690
5.688480
5.595220
5.695410
5.679360
5.644980
5.738020
5.720570
5.630060
5.648610
5.635040
5.629310
5.543900
5.719790
5.648770
5.575760
5.694020
5.675480
5.663400
5.681340
5.689840
5.713210
5.674330
5.596530
5.630250
5.663080
5.720380
5.604640
5.680330
5.462100
5.624490
5.623990
5.622320
5.704340
5.678550
5.576180
5.713840
5.534330
5.715310
5.616320
5.642650
5.678900
5.698620
5.529160
5.599830
5.624430
5.590340
5.646910
5.696000
5.722240
5.722850
5.647180
5.580020
5.674910
5.740520
5.703460
5.580370
5.754190
5.662890
5.700100
5.748440
5.737090
5.831500
5.641220
5.740770
5.650300
5.672270
5.676340
5.638340
5.744960
5.629290
5.649520
5.654550
5.638740
5.594130
5.680750
5.764010
5.653690
5.599590
5.618960
5.649830
5.680210
5.686230
5.680490
5.679680
5.663250
5.727940
5.552710
5.720350
5.686810
5.651150
5.583770
5.612170
5.634350
5.700180
5.705990
5.575950
5.703740
5.639800
5.655890
5.800500
5.607890
5.737490
5.567970
5.678620
5.637430
5.716090
5.716760
5.686620
5.748340
5.631990
5.718020
5.843510
5.710790
5.503160
5.613780
5.689690
5.659230
5.666960
5.612290
5.616150
5.705820
5.562530
5.661620
5.627090
5.495710
5.671260
5.790240
5.737600
5.741120
5.533540
5.715410
5.724700
5.730620
5.741320
5.589820
5.627160
5.656850
5.680240
5.723270
5.684790
5.605370
5.606990
5.670390
5.620860
5.568360
5.716900
5.727850
5.539420
5.653400
5.689480
5.624300
5.568030
5.661600
5.726740
5.629850
5.810900
5.671170
5.643690
5.644050
5.678900
5.762380
5.681840
5.655970
5.611660
5.666200
5.682010
5.684370
5.630500
5.603350
5.647950
5.637690
5.667940
5.723080
5.578270
5.614350
5.657750
5.646030
5.656710
5.693600
5.721080
5.677660
5.751170
5.764340
5.675220
5.705030
5.703700
5.663020
5.663730
5.592730
5.773410
5.640420
5.642650
5.655270
5.719440
5.520580
5.618140
5.719070
5.786520
5.605890
5.728190
5.669610
5.647300
5.667330
5.554200
5.657060
5.646550
5.609460
5.607170
5.675260
5.667100
5.718100
5.589140
5.761420
5.667460
5.595080
5.657850
5.794050
5.651210
5.564890
5.691240
5.639680
5.751780
5.668210
5.562610
5.514230
5.746740
5.635450
5.622810
5.527840
5.673010
5.764960
5.694010
5.685450
5.700850
5.722660
5.804490
5.777090
5.685150
5.793340
5.674340
5.733750
5.733930
5.741720
5.605470
5.693000
5.683290
5.710510
5.586030
5.682180
5.668260
5.720490
5.703860
5.573530
5.630280
5.626420
5.701040
5.729020
5.640960
5.728270
5.574320
5.696830
5.768700
5.608920
5.615540
5.647350
5.631410
5.771500
5.761680
5.650970
5.619440
5.654130
5.642010
5.614890
5.506820
5.655490
5.638110
5.677410
5.628280
5.695500
5.574670
5.711370
5.583560
5.734730
5.622520
5.688270
5.686390
5.577290
5.678530
5.682190
5.655580
5.656750
5.652010
5.574960
5.645880
5.683770
5.476770
5.563110
5.665270
5.628600
5.679670
5.788780
5.586880
5.585670
5.706200
5.628670
5.707990
5.645620
5.624780
5.706910
5.636970
5.677300
5.732600
5.550100
5.629560
5.590730
5.723970
5.708690
5.711200
5.741810
5.615810
5.551770
5.558710
5.627580
5.777380
5.600990
5.671670
5.657820
5.648030
5.718810
5.636450
5.601410
5.570000
5.669380
5.601250
5.627150
5.673810
5.660510
5.601160
5.729280
5.654400
5.605460
5.647870
5.630380
5.770350
5.645550
5.668450
5.731000
5.743130
5.651760
5.562690
5.712900
5.659010
5.594130
5.769790
5.697270
5.732500
5.707320
5.651710
5.646520
5.585430
5.603460
5.641920
5.691060
5.651680
5.496490
5.747020
5.631250
5.709880
5.631920
5.642010
5.680130
5.710210
5.713800
5.673330
5.583090
5.746780
5.561920
5.637430
5.767000
5.684290
5.789220
5.691730
5.569380
5.715690
5.721920
5.685460
5.710350
5.663730
5.588740
5.704010
5.679700
5.637150
5.644870
5.605140
5.673890
5.739250
5.662370
5.705000
5.709560
5.599100
5.635610
5.611010
5.670070
5.623680
5.685030
5.724400
5.632430
5.562120
5.639720
5.602170
5.772120
5.678110
5.632840
5.695780
5.632710
5.641300
5.624410
5.727550
5.630180
5.726530
5.564300
5.655480
5.587910
5.734100
5.776810
5.585740
5.723460
5.646980
5.509680
5.690330
5.544730
5.724590
5.551990
5.544780
5.723810
5.636560
5.522250
5.617270
5.573110
5.664680
5.567760
5.666620
5.660080
5.662650
5.692990
5.632750
5.666400
5.654400
5.515630
5.655250
5.684520
5.712570
5.663440
5.683040
5.750770
5.700490
5.588270
5.642130
5.648440
5.649880
5.680730
5.718440
5.660380
5.525130
5.666020
5.677420
5.738650
5.710900
5.714500
5.680050
5.688700
5.645680
5.634810
5.561230
5.674210
5.688580
5.570150
5.761740
5.612160
5.693120
5.674070
5.680670
5.701730
5.659810
5.580720
5.526830
5.684840
5.657320
5.684700
5.665670
5.732440
5.576780
5.660150
5.684530
5.763130
5.594850
5.635190
5.737940
5.617610
5.643090
5.786050
5.582190
5.783550
5.586810
5.713090
5.618380
5.638690
5.670840
5.643480
5.724910
5.676970
5.559750
5.670000
5.623730
5.614460
5.601650
5.680370
5.708420
5.717350
5.681500
5.685170
5.610440
5.624020
5.648790
5.627400
5.618800
5.871700
5.588660
5.513390
5.739270
5.609270
5.702520
5.698420
5.667830
5.685720
5.694060
5.699760
5.698200
5.645020
5.522350
5.709090
5.693030
5.700060
5.584790
5.771500
5.713260
5.804020
5.723220
5.659970
5.777220
5.712180
5.811670
5.709790
5.715260
5.654700
5.622570
5.631110
5.781040
5.667470
5.674870
5.681840
5.635070
5.610870
5.730530
5.703610
5.640370
5.759470
5.663380
5.561280
5.636970
5.631920
5.673710
5.700340
5.634170
5.668710
5.734820
5.725630
5.674690
5.660930
5.691240
5.599620
5.700120
5.696580
5.658330
5.674580
5.596910
5.579740
5.630350
5.577510
5.654240
5.694810
5.581390
5.650040
5.643340
5.552330
5.578940
5.718040
5.715260
5.660250
5.655150
5.740380
5.704590
5.548390
5.651910
5.618150
5.606630
5.634030
5.656440
5.609380
5.702540
5.647510
5.635250
5.674180
5.738820
5.684110
5.702260
5.743240
5.553050
5.589710
5.574730
5.712100
5.648120
5.615910
5.595720
5.688980
5.683390
5.671050
5.638120
5.670460
5.602090
5.697750
5.726180
5.698320
5.530870
5.706240
5.683820
5.798820
5.654780
5.639990
5.810810
5.747860
5.670500
5.740240
5.638010
5.640940
5.625210
5.703500
5.695750
5.653970
5.633620
5.606090
5.604560
5.746290
5.687800
5.593920
5.623790
5.695960
5.769070
5.699460
5.640790
5.709650
5.660030
5.740030
5.623690
5.735550
5.659170
5.708730
5.550650
5.673710
5.711230
5.550380
5.602320
5.699220
5.743770
5.776700
5.623020
5.622600
5.782630
5.693790
5.659660
5.760630
5.715780
5.630710
5.789610
5.549790
5.627390
5.643760
5.622320
5.761630
5.608040
5.669190
5.665850
5.702320
5.666700
5.751560
5.625750
5.636630
5.530290
5.709000
5.611760
5.642340
5.679630
5.563400
5.607500
5.691480
5.592890
5.687460
5.655870
5.751530
5.751530
