5.657720
5.578780
5.706850
5.702300
5.590900
5.792000
5.691090
5.712540
5.622250
5.689550
5.682800
5.688320
5.588280
5.701430
5.702570
5.657610
5.620220
5.638530
5.707390
5.685500
5.585800
5.690890
5.645050
5.684140
5.656960
5.703930
5.730020
5.710580
5.716980
5.669490
5.659800
5.670870
5.653420
5.734770
5.658290
5.603780
5.576390
5.749360
5.786970
5.692180
5.634040
5.637330
5.597740
5.679990
5.667360
5.668300
5.759650
5.617010
5.603930
5.547380
5.552270
5.669850
5.743470
5.717450
5.700860
5.737200
5.516810
5.676340
5.707280
5.632600
5.747180
5.777430
5.626000
5.619240
5.790150
5.652270
5.684650
5.586150
5.691030
5.807640
5.541600
5.577670
5.735710
5.576990
5.543210
5.640130
5.671360
5.738810
5.629290
5.694130
5.653710
5.756600
5.645530
5.648750
5.709450
5.656270
5.524640
5.632090
5.720580
5.750280
5.649310
5.659540
5.712590
5.686220
5.691280
5.716420
5.579290
5.671100
5.695940
5.626460
5.651920
5.536250
5.660160
5.655610
5.655840
5.589020
5.727410
5.733160
5.647790
5.658750
5.619810
5.676560
5.706930
5.727020
5.681380
5.666600
5.703360
5.778660
5.686740
5.751740
5.613090
5.556920
5.708440
5.683170
5.828890
5.635830
5.730090
5.599730
5.686380
5.672290
5.553260
5.713890
5.518620
5.675530
5.684560
5.600320
5.808110
5.747910
5.596730
5.705470
5.661660
5.690080
5.656750
5.577930
5.609260
5.587620
5.704440
5.565270
5.728740
5.669360
5.555440
5.572410
5.607670
5.729160
5.786470
5.767700
5.597540
5.714380
5.617660
5.644690
5.756830
5.758880
5.620970
5.695400
5.699360
5.663840
5.699920
5.697780
5.603720
5.716750
5.733880
5.690620
5.582840
5.671140
5.488490
5.679220
5.733930
5.601170
5.695020
5.622560
5.636530
5.663490
5.667430
5.658600
5.574790
5.559840
5.579750
5.614540
5.673910
5.639940
5.547000
5.793210
5.604910
5.619000
5.730310
5.698030
5.692110
5.583120
5.562840
5.658520
5.663050
5.673370
5.699140
5.613050
5.778890
5.775970
5.628450
5.791330
5.749740
5.718860
5.639370
5.546290
5.640540
5.695040
5.843140
5.636920
5.658340
5.716130
5.685680
5.687200
5.550620
5.682930
5.611280
5.544790
5.656380
5.656460
5.666390
5.640100
5.714390
5.729780
5.593120
5.876310
5.697650
5.610930
5.610570
5.690920
5.659900
5.787740
5.626970
5.678850
5.702100
5.488700
5.759730
5.631670
5.704970
5.764810
5.639340
5.703900
5.701970
5.703640
5.551280
5.754290
5.632750
5.674000
5.598170
5.640380
5.706900
5.716800
5.674150
5.729970
5.576330
5.609390
5.670480
5.726310
5.583200
5.702050
5.788180
5.634590
5.578570
5.600920
5.679680
5.704510
5.598950
5.634680
5.647820
5.586380
5.628830
5.743050
5.615450
5.610180
5.682280
5.712330
5.680070
5.694470
5.662200
5.586430
5.608680
5.655760
5.644230
5.620380
5.655560
5.753650
5.711920
5.691000
5.697850
5.636570
5.736520
5.641920
5.733620
5.646330
5.674250
5.530310
5.742970
5.606970
5.607970
5.698740
5.579250
5.638220
5.628630
5.689210
5.761050
5.730540
5.618870
5.640290
5.662760
5.551900
5.696530
5.578980
5.660410
5.601720
5.718880
5.729040
5.553470
5.613680
5.718320
5.642810
5.715980
5.688910
5.793150
5.524790
5.685300
5.637640
5.728590
5.687870
5.602460
5.632340
5.768980
5.604540
5.577760
5.548700
5.628190
5.655540
5.695610
5.676250
5.615260
5.673770
5.628730
5.702480
5.738720
5.675530
5.636560
5.536770
5.713420
5.624930
5.743280
5.683170
5.722870
5.760800
5.698080
5.695250
5.623920
5.744230
5.731500
5.581250
5.598170
5.677660
5.683520
5.660330
5.637090
5.725000
5.515710
5.603360
5.542190
5.610810
5.613400
5.626190
5.576900
5.666530
5.733020
5.650710
5.698360
5.680080
5.595410
5.641920
5.691740
5.635900
5.671110
5.652860
5.727250
5.704440
5.553730
5.647310
5.629090
5.638230
5.700660
5.729060
5.782330
5.675810
5.631730
5.702980
5.593560
5.707990
5.699640
5.664390
5.593840
5.625770
5.641480
5.711040
5.629650
5.720680
5.714440
5.623780
5.608630
5.616170
5.536530
5.641940
5.609120
5.663470
5.746150
5.568650
5.764210
5.709130
5.695310
5.693390
5.610960
5.712490
5.659160
5.590720
5.728440
5.577740
5.700260
5.616110
5.695320
5.808890
5.681060
5.629920
5.719470
5.652220
5.579530
5.720990
5.698070
5.664040
5.651280
5.719620
5.731460
5.627320
5.658170
5.600220
5.663170
5.619460
5.635130
5.571550
5.696860
5.683500
5.622040
5.619620
5.683320
5.596780
5.733720
5.680370
5.567350
5.756640
5.639700
5.773020
5.579050
5.630780
5.636000
5.673040
5.609870
5.670750
5.601500
5.648760
5.603740
5.623730
5.730040
5.682490
5.734770
5.550890
5.773530
5.627940
5.683490
5.732660
5.644700
5.733060
5.706690
5.608600
5.537690
5.618320
5.626270
5.650050
5.611420
5.588840
5.620970
5.570720
5.673580
5.635610
5.607070
5.634710
5.697150
5.620500
5.730620
5.577140
5.654070
5.717730
5.662060
5.667990
5.621510
5.570050
5.663010
5.642860
5.721560
5.689080
5.724670
5.743190
5.578650
5.677120
5.601600
5.688920
5.617110
5.685660
5.601300
5.741160
5.674480
5.726060
5.687630
5.766860
5.720140
5.690020
5.749970
5.653770
5.746400
5.711570
5.645450
5.512780
5.690910
5.594700
5.664260
5.670890
5.524760
5.782450
5.641130
5.465630
5.568550
5.707060
5.649660
5.609700
5.701400
5.688730
5.671220
5.633760
5.648090
5.619610
5.665750
5.591610
5.570750
5.578370
5.631480
5.688520
5.703860
5.620700
5.634290
5.585960
5.610380
5.628090
5.594990
5.666170
5.633050
5.546990
5.597600
5.633380
5.714770
5.530190
5.605330
5.785190
5.548800
5.762940
5.780870
5.776390
5.647890
5.724380
5.628560
5.696700
5.616450
5.786060
5.758520
5.650020
5.570570
5.581290
5.734090
5.660820
5.556510
5.697780
5.726110
5.596580
5.749240
5.628450
5.700610
5.605770
5.649560
5.708720
5.616650
5.619220
5.708480
5.697090
5.726100
5.642350
5.749310
5.614720
5.579270
5.658430
5.710020
5.730840
5.742200
5.635440
5.700330
5.669540
5.706750
5.674290
5.799270
5.584970
5.557220
5.689410
5.609220
5.572870
5.689890
5.719610
5.652770
5.527080
5.754580
5.659960
5.647300
5.658790
5.602190
5.734780
5.667540
5.669040
5.613470
5.701460
5.674290
5.662840
5.720400
5.619260
5.714810
5.629520
5.672760
5.718360
5.659230
5.616060
5.560670
5.748840
5.711850
5.703350
5.652910
5.625760
5.657910
5.521560
5.653590
5.599290
5.720720
5.602850
5.730170
5.592780
5.707440
5.607700
5.635410
5.548420
5.645300
5.610330
5.702530
5.568300
5.671380
5.637980
5.663610
5.655340
5.685490
5.679340
5.572370
5.645990
5.571460
5.721850
5.568040
5.706070
5.598530
5.747040
5.634460
5.720500
5.666980
5.674050
5.562450
5.646690
5.691050
5.654300
5.598100
5.655750
5.671520
5.743530
5.622810
5.612180
5.634460
5.609030
5.744590
5.681180
5.665260
5.543810
5.714360
5.666440
5.650790
5.711400
5.734740
5.553890
5.656740
5.651860
5.574070
5.608080
5.606200
5.667390
5.608400
5.706680
5.664690
5.589260
5.656620
5.758650
5.719100
5.619670
5.529350
5.648370
5.690880
5.640770
5.641890
5.733510
5.532360
5.666340
5.623870
5.595820
5.662200
5.655100
5.677020
5.716240
5.801110
5.546660
5.746930
5.694010
5.520430
5.683790
5.731560
5.727310
5.730500
5.783140
5.593570
5.620340
5.716560
5.501830
5.621130
5.639560
5.679350
5.619500
5.671620
5.657600
5.669760
5.607040
5.608690
5.663650
5.619260
5.693240
5.687820
5.633500
5.715780
5.655500
5.763450
5.615740
5.573220
5.704800
5.591870
5.885060
5.607070
5.793490
5.685250
5.706490
5.667920
5.654850
5.765850
5.723030
5.752170
5.514760
5.740750
5.667450
5.625670
5.660740
5.608000
5.596580
5.560810
5.643050
5.629020
5.691110
5.546710
5.733680
5.691400
5.600500
5.691650
5.667230
5.688680
5.601630
5.690300
5.701790
5.698550
5.748350
5.726270
5.648230
5.667460
5.622260
5.607420
5.819210
5.680210
5.600060
5.655880
5.556360
5.745660
5.676270
5.798700
5.609520
5.644800
5.715320
5.671860
5.663000
5.720110
5.683030
5.689550
5.715860
5.697950
5.730740
5.740450
5.602650
5.578510
5.779330
5.656150
5.602120
5.775830
5.645950
5.721030
5.572170
5.782310
5.647300
5.656290
5.552440
5.663510
5.616160
5.679730
5.680130
5.596370
5.768700
5.652260
5.591700
5.522110
5.636240
5.597030
5.579790
5.728240
5.603140
5.812130
5.528940
5.696930
5.674590
5.793430
5.641640
5.670660
5.669280
5.696040
5.748960
5.631380
5.631010
5.663330
5.796680
5.706030
5.674160
5.694860
5.728690
5.650780
5.670910
5.598270
5.605580
5.682120
5.682220
5.602660
5.719710
5.630170
5.679810
5.617000
5.695940
5.671510
5.702220
5.529300
5.636310
5.610300
5.671720
5.619310
5.649520
5.683280
5.666180
5.648740
5.595360
5.641850
5.627670
5.768130
5.615500
5.529120
5.616190
5.662260
5.645130
5.497100
5.659210
5.739140
5.643060
5.718520
5.621630
5.623380
5.632310
5.614450
5.663590
5.642600
5.655600
5.631250
5.700930
5.560680
5.718020
5.633120
5.777950
5.603790
5.760230
5.672300
5.760770
5.765980
5.773900
5.837750
5.631720
5.699080
5.652600
5.628410
5.661390
5.671310
5.714780
5.655010
5.613020
5.586970
5.674350
5.560800
5.672410
5.675840
5.655120
5.758670
5.606850
5.679570
5.598710
5.659150
5.638170
5.638880
5.616830
5.710920
5.786660
5.634220
5.626540
5.538860
5.649480
5.688120
5.619110
5.712090
5.659070
5.615820
5.662280
5.601560
5.552060
5.632980
5.620560
5.655330
5.709780
5.709280
5.695190
5.610830
5.753340
5.633660
5.726860
5.720190
5.674150
5.664200
5.636460
5.681700
5.602430
5.672610
5.654000
5.650910
5.707420
5.604780
5.793610
5.667600
5.704910
5.695460
5.687410
5.766860
5.663860
5.678480
5.711280
5.641010
5.660610
5.674340
5.600370
5.623640
5.652530
5.564470
5.694420
5.529180
5.594320
5.744520
5.733860
5.702380
5.739790
5.591470
5.703590
5.597950
5.734570
5.731600
5.653180
5.499450
5.678880
5.547560
5.623830
5.640500
5.668860
5.732920
5.574310
5.702110
5.563850
5.658870
5.591590
5.657000
5.669620
5.495610
5.697530
5.579940
5.572150
5.690570
5.678140
5.641940
5.634450
5.649880
5.674920
5.777030
5.623720
5.702790
5.549600
5.448120
5.703190
5.652020
5.648290
5.748210
5.636690
5.660870
5.638950
5.670040
5.633610
5.648960
5.663840
5.641970
5.608650
5.615480
5.425710
5.674260
5.667290
5.621790
5.638280
5.555540
5.606200
5.669190
5.653050
5.679510
5.674330
5.643810
5.780080
5.735430
5.686310
5.618820
5.809110
5.767940
5.701240
5.639940
5.624570
5.778430
5.642220
5.632480
5.708410
5.599840
5.741910
5.632900
5.629030
5.690740
5.581580
5.481260
5.642850
5.707630
5.712510
5.635390
5.611420
5.729190
5.643720
5.776400
5.633950
5.654610
5.637070
5.681390
5.632940
5.582960
5.754090
5.669210
5.605400
5.596570
5.757300
5.605890
5.554410
5.597080
5.542650
5.678580
5.568620
5.597790
5.638140
5.671190
5.545680
5.755680
5.552140
5.634990
5.563290
5.582820
5.692520
5.650310
5.703990
5.676670
5.697100
5.690980
5.665200
5.710830
5.721340
5.829950
5.634690
5.614400
5.731960
5.670760
5.677170
5.663840
5.645930
5.614190
5.589530
5.717710
5.634480
5.618940
5.679550
5.617370
5.660210
5.553680
5.725750
5.613810
5.645230
5.613320
5.645410
5.695610
5.653710
5.507600
5.570360
5.620950
5.630200
5.556270
5.606460
5.726240
5.639920
5.701780
5.558870
5.586070
5.582190
5.713810
5.668250
5.701050
5.607010
5.742840
5.535590
5.667130
5.718960
5.614350
5.637280
5.736450
5.793500
5.678540
5.640450
5.593830
5.765910
5.653610
5.670670
5.670940
5.658870
5.640970
5.556290
5.634520
5.659240
5.645380
5.738240
5.682390
5.675730
5.750680
5.634670
5.729140
5.699510
5.679880
5.666880
5.623210
5.648290
5.861500
5.583410
5.655370
5.728330
5.548620
5.563180
5.637250
5.674050
5.773620
5.705130
5.650470
5.659950
5.644610
5.674910
5.642400
5.478890
5.698870
5.600740
5.790480
5.640900
5.619630
5.640010
5.540170
5.613230
5.675580
5.513100
5.684020
5.634290
5.610280
5.735200
5.670950
5.638150
5.680390
5.613010
5.808570
5.540930
5.706420
5.632380
5.616970
5.538600
5.636050
5.632730
5.629840
5.678590
5.646120
5.625310
5.559310
5.654340
5.676190
5.577300
5.703070
5.649840
5.617610
5.493400
5.701320
5.612990
5.746510
5.685120
5.566810
5.717160
5.614410
5.666360
5.758180
5.597900
5.555430
5.687040
5.634510
5.552390
5.662260
5.630790
5.701700
5.730980
5.615240
5.612740
5.657180
5.595350
5.635300
5.644790
5.670510
5.705070
5.799890
5.602980
5.724380
5.684840
5.680480
5.722080
5.616970
5.622710
5.660770
5.636670
5.714990
5.758040
5.697450
5.726700
5.627880
5.642580
5.618370
5.768660
5.702560
5.700170
5.680970
5.668980
5.705310
5.641770
5.631290
5.609140
5.692560
5.595110
5.584670
5.654590
5.568660
5.681000
5.734770
5.694180
5.633510
5.615370
5.678070
5.606130
5.673110
5.735300
5.733430
5.733650
5.645220
5.637010
5.616360
5.686710
5.704720
5.866790
5.682000
5.661580
5.711000
5.699360
5.614620
5.585370
5.633010
5.632060
5.719950
5.599650
5.664550
5.634460
5.656180
5.723050
5.673170
5.613580
5.689800
5.532070
5.732690
5.592640
5.686760
5.585870
5.694800
5.803020
5.550480
5.674020
5.696430
5.653490
5.639510
5.625250
5.705350
5.716980
5.637260
5.636680
5.613080
5.611940
5.679920
5.741150
5.706950
5.684630
5.633130
5.609560
5.618190
5.661020
5.703640
5.682150
5.748890
5.603190
5.750330
5.739710
5.692710
5.693890
5.714110
5.661970
5.646400
5.698720
5.702350
5.585240
5.580320
5.680080
5.634770
5.668750
5.717810
5.656790
5.591210
5.661410
5.600850
5.595540
5.666150
5.595660
5.628590
5.617610
5.542560
5.722620
5.711800
5.573180
5.768810
5.616070
5.701150
5.661160
5.731040
5.609710
5.618060
5.653650
5.602380
5.713470
5.671610
5.727240
5.661890
5.652330
5.720880
5.751770
5.679330
5.728160
5.683780
5.584990
5.705860
5.529020
5.481620
5.570430
5.687920
5.669320
5.534460
5.733950
5.661180
5.662740
5.670840
5.609350
5.672470
5.612330
5.649510
5.552590
5.631680
5.754580
5.644710
5.717990
5.627030
5.647690
5.629620
5.581480
5.569090
5.580440
5.578110
5.760370
5.704610
5.653150
5.681500
5.629150
5.727020
5.668680
5.622550
5.727100
5.740320
5.623430
5.710180
5.678350
5.523700
5.691710
5.730390
5.591570
5.792390
5.620790
5.609360
5.685100
5.626970
5.658530
5.665420
5.697600
5.709110
5.654120
5.643470
5.680140
5.712000
5.581270
5.599020
5.689520
5.706460
5.722250
5.696560
5.687380
5.631410
5.514730
5.634270
5.701790
5.583790
5.631810
5.603030
5.676150
5.794320
5.659620
5.708520
5.699110
5.665520
5.659260
5.653940
5.586050
5.702200
5.569050
5.679160
5.670730
5.712960
5.784550
5.654280
5.597020
5.616400
5.687540
5.613800
5.748330
5.667930
5.701380
5.501520
5.692020
5.652850
5.708440
5.626120
5.717040
5.638150
5.655220
5.689450
5.655390
5.602810
5.777700
5.659400
5.695720
5.717880
5.746890
5.691840
5.524090
5.621350
5.734790
5.600110
5.676600
5.528650
5.678040
5.644770
5.529080
5.579290
5.653240
5.649070
5.604180
5.625490
5.563330
5.706130
5.542260
5.689840
5.695660
5.647340
5.717750
5.686030
5.692940
5.777330
5.666580
5.654910
5.680860
5.686740
5.622610
5.663320
5.675930
5.691850
5.623620
5.600140
5.609030
5.659300
5.669220
5.662080
5.702490
5.701020
5.653670
5.583150
5.602590
5.715540
5.680750
5.628260
5.607240
5.700630
5.631980
5.705710
5.651040
5.584730
5.530130
5.715460
5.580790
5.582430
5.640000
5.667830
5.637610
5.701340
5.677770
5.636660
5.718670
5.616640
5.711040
5.605710
5.641080
5.662410
5.700610
5.568280
5.642430
5.894850
5.646880
5.794500
5.616490
5.658080
5.679520
5.723730
5.575420
5.700990
5.641920
5.676500
5.764920
5.758700
5.656220
5.653110
5.649320
5.760770
5.624550
5.513110
5.698400
5.764810
5.665980
5.672530
5.762560
5.629390
5.661770
5.522370
5.661120
5.682880
5.651310
5.720210
5.625920
5.736610
5.607810
5.740290
5.603130
5.665240
5.683440
5.667090
5.687530
5.743350
5.694940
5.672910
5.639170
5.728480
5.624150
5.561870
5.711290
5.719270
5.692980
5.652160
5.703850
5.663140
5.577770
5.687950
5.644060
5.653780
5.606010
5.672020
5.629600
5.585910
5.690210
5.589670
5.585860
5.733060
5.655020
5.569930
5.683340
5.753690
5.558920
5.713980
5.564840
5.771560
5.547520
5.643860
5.636600
5.693870
5.601370
5.622640
5.606960
5.572690
5.595720
5.733970
5.663350
5.763160
5.696020
5.616230
5.715920
5.770620
5.705890
5.641450
5.653470
5.649380
5.728450
5.589150
5.569900
5.711510
5.696440
5.677970
5.732390
5.586490
5.677810
5.648120
5.702490
5.690530
5.594520
5.686000
5.579010
5.570620
5.660250
5.751140
5.665200
5.669550
5.728110
5.552460
5.593680
5.739890
5.695810
5.605370
5.604520
5.721700
5.810800
5.551640
5.500940
5.748080
5.675170
5.590440
5.625530
5.653580
5.601130
5.649690
5.621350
5.721660
5.668550
5.676210
5.557450
5.596970
5.652590
5.628870
5.709090
5.728920
5.633310
5.526350
5.572450
5.690680
5.692500
5.610760
5.627190
5.613190
5.702860
5.656060
5.589350
5.535400
5.611910
5.590030
5.739910
5.720300
5.565110
5.668370
5.618730
5.606850
5.772760
5.629920
5.657850
5.633400
5.674880
5.750670
5.674450
5.739850
5.615490
5.609400
5.650900
5.704680
5.593670
5.640930
5.721600
5.661940
5.704920
5.743710
5.625490
5.597840
5.663130
5.573680
5.616320
5.675180
5.749810
5.632290
5.546880
5.692740
5.569410
5.596100
5.561280
5.747590
5.663740
5.698610
5.739970
5.670570
5.743340
5.616840
5.667190
5.737990
5.689510
5.557280
5.628880
5.685950
5.707450
5.649660
5.762480
5.608780
5.777590
5.715920
5.674880
5.640640
5.658230
5.750560
5.512390
5.590970
5.570300
5.651040
5.675850
5.463790
5.615410
5.580290
5.698010
5.723960
5.606730
5.673740
5.629620
5.606130
5.719300
5.621470
5.512000
5.659880
5.630030
5.774310
5.679290
5.596540
5.701040
5.569320
5.598730
5.559690
5.644830
5.600740
5.584220
5.694060
5.797620
5.637090
5.652140
5.596940
5.669840
5.666610
5.624830
5.600630
5.513370
5.653430
5.614460
5.762650
5.576890
5.807560
5.594780
5.644460
5.682020
5.667340
5.719980
5.669600
5.621500
5.704490
5.670090
5.737920
5.639200
5.609060
5.635350
5.674180
5.599180
5.629770
5.598770
5.793270
5.688660
5.712710
5.615120
5.647850
5.612810
5.667240
5.568840
5.672010
5.606590
5.672260
5.707460
5.662600
5.740710
5.682040
5.687470
5.594190
5.657930
5.740560
5.647590
5.690240
5.558780
5.629620
5.579010
5.701020
5.721890
5.614800
5.658520
5.691880
5.561680
5.679930
5.678720
5.662550
5.623320
5.648680
5.627110
5.653920
5.682910
5.614120
5.698030
5.484420
5.677850
5.654690
5.555910
5.717500
5.670750
5.608330
5.725940
5.631850
5.645200
5.685110
5.635510
5.644070
5.628920
5.622850
5.720320
5.790100
5.710960
5.699610
5.535070
5.608580
5.732560
5.731680
5.739290
5.724490
5.786760
5.734840
5.660600
5.652100
5.758980
5.660270
5.654980
5.583470
5.655270
5.661650
5.626440
5.601290
5.755250
5.638850
5.563340
5.631250
5.679190
5.638310
5.740760
5.653650
5.660240
5.621370
5.638530
5.697500
5.706900
5.641170
5.603840
5.733990
5.616880
5.728460
5.591600
5.576240
5.623300
5.616550
5.592330
5.704810
5.663930
5.717560
5.718830
5.692590
5.763440
5.623450
5.587920
5.674660
5.763890
5.721390
5.712550
5.767820
5.827610
5.613520
5.677270
5.719930
5.636960
5.635970
5.505670
5.684850
5.562080
5.675280
5.581600
5.634340
5.711030
5.670720
5.587620
5.679530
5.586300
5.705130
5.671140
5.700850
5.654650
5.729360
5.691990
5.659330
5.731830
5.663560
5.623270
5.734960
5.660990
5.662840
5.618580
5.711960
5.564540
5.634820
5.697430
5.634820
5.654080
5.669370
5.543710
5.616520
5.617950
5.678300
5.717200
5.704270
5.695550
5.764020
5.721960
5.638190
5.713740
5.698860
5.650920
5.681680
5.545010
5.619030
5.685700
5.692710
5.651960
5.676410
5.667720
5.495240
5.735360
5.728920
5.653090
5.745350
5.598150
5.633430
5.570550
5.634860
5.726250
5.689050
5.695090
5.677550
5.559500
5.563270
5.584900
5.659850
5.708250
5.584640
5.612660
5.720050
5.599040
5.696440
5.705130
5.638430
5.624410
5.770810
5.545330
5.704520
5.612720
5.670330
5.570950
5.663090
5.703600
5.569230
5.750160
5.663360
5.638080
5.658220
5.717510
5.689770
5.685400
5.718660
5.507270
5.622670
5.636710
5.636900
5.630380
5.687710
5.624830
5.577860
5.670590
5.656530
5.673220
5.667900
5.716910
5.729460
5.682440
5.639920
5.591870
5.628570
5.668410
5.612530
5.639670
5.678640
5.799590
5.716730
5.660420
5.659340
5.712750
5.603440
5.707870
5.680580
5.706070
5.613190
5.635390
5.685550
5.543460
5.731110
5.655240
5.590300
5.607440
5.779730
5.709520
5.643740
5.644820
5.612980
5.726090
5.617860
5.645160
5.580430
5.627950
5.708000
5.591210
5.668400
5.656120
5.641900
5.701990
5.668400
5.696820
5.593040
5.617820
5.754510
5.641810
5.673550
5.772600
5.782270
5.717620
5.709150
5.748890
5.569870
5.757000
5.575570
5.793920
5.632620
5.666730
5.575160
5.700360
5.683810
5.625560
5.611150
5.677690
5.542430
5.598160
5.628720
5.703250
5.660450
5.652810
5.633600
5.667790
5.578620
5.558520
5.686380
5.567380
5.732920
5.691380
5.750120
5.636570
5.538350
5.666650
5.714680
5.658740
5.610710
5.691340
5.802560
5.741100
5.624460
5.728240
5.572440
5.629110
5.590120
5.633040
5.567200
5.814140
5.703070
5.807310
5.725920
5.540610
5.659830
5.644910
5.715380
5.660860
5.786800
5.520510
5.638120
5.735280
5.613930
5.684020
5.659620
5.559530
5.642320
5.659400
5.774000
5.641860
5.672140
5.557400
5.674140
5.762360
5.648260
5.554040
5.616280
5.693570
5.682070
5.588610
5.655580
5.603850
5.602810
5.682940
5.622090
5.559050
5.702930
5.606790
5.654580
5.679400
5.625540
5.729470
5.694370
5.770240
5.741760
5.608720
5.569850
5.620460
5.651510
5.619360
5.724060
5.618750
5.625230
5.636830
5.617950
5.775610
5.689940
5.641780
5.673640
5.610950
5.722600
5.753970
5.679250
5.587600
5.574880
5.682080
5.646210
5.654610
5.761660
5.675870
5.742300
5.575810
5.687910
5.702350
5.756570
5.614650
5.654070
5.630370
5.661180
5.698220
5.654240
5.471650
5.834440
5.673880
5.614690
5.641540
5.592180
5.700900
5.649580
5.666210
5.573990
5.722330
5.708420
5.710110
5.724460
5.683780
5.689290
5.731080
5.695550
5.623590
5.551980
5.713390
5.670760
5.595010
5.623070
5.670700
5.607750
5.604450
5.529980
5.605200
5.683160
5.619260
5.638610
5.743520
5.773300
5.611350
5.672530
5.828910
5.739210
5.718770
5.707750
5.622750
5.594570
5.582160
5.635750
5.670980
5.740850
5.714640
5.720850
5.578650
5.549110
5.684290
5.805450
5.694630
5.678370
5.671690
5.556340
5.643040
5.666020
5.813670
5.646010
5.620340
5.605830
5.725510
5.729970
5.682090
5.683590
5.553250
5.762710
5.722140
5.569200
5.569330
5.685260
5.606680
5.629570
5.682340
5.579760
5.742090
5.721000
5.617610
5.639400
5.718630
5.631510
5.574460
5.674090
5.728080
5.587300
5.620340
5.658260
5.596780
5.682460
5.603120
5.659740
5.589810
5.620060
5.660410
5.552230
5.645640
5.725510
5.611500
5.718980
5.676110
5.572520
5.687150
5.647970
5.599790
5.633030
5.677890
5.572870
5.733030
5.733900
5.658150
5.699820
5.665530
5.669700
5.721940
5.723740
5.655620
5.626860
5.738370
5.726110
5.705370
5.677560
5.618320
5.512250
5.632790
5.630660
5.728880
5.528270
5.728070
5.618270
5.583650
5.557960
5.729240
5.556930
5.669930
5.681370
5.670410
5.737100
5.785540
5.594370
5.651800
5.656390
5.735410
5.716660
5.631910
5.681390
5.650060
5.756210
5.556280
5.757850
5.643990
5.751880
5.762840
5.650150
5.833990
5.721710
5.551790
5.733450
5.698300
5.745570
5.711170
5.638980
5.632700
5.589220
5.725150
5.700390
5.598480
5.589840
5.485780
5.686130
5.584720
5.541940
5.623020
5.599290
5.661690
5.713460
5.599200
5.686480
5.639480
5.717400
5.728450
5.635770
5.653070
5.600120
5.803490
5.554530
5.597060
5.632590
5.629900
5.688160
5.637280
5.764940
5.665860
5.675560
5.649560
5.698990
5.635140
5.675440
5.667050
5.637680
5.766720
5.732850
5.653450
5.718340
5.766330
5.763940
5.695400
5.559020
5.667480
5.583930
5.689050
5.747220
5.642050
5.641690
5.609230
5.616480
5.637360
5.617960
5.630580
5.625630
5.625790
5.654360
5.664670
5.746230
5.658160
5.656540
5.731640
5.667050
5.553420
5.684070
5.738560
5.730740
5.504060
5.688740
5.728360
5.725390
5.621340
5.742780
5.689920
5.679460
5.692000
5.653820
5.567130
5.656430
5.662060
5.660370
5.712800
5.690590
5.607240
5.625240
5.658820
5.695700
5.775100
5.675540
5.691170
5.629420
5.680290
5.757720
5.630410
5.635280
5.681350
5.583460
5.666210
5.695220
5.675260
5.622810
5.627280
5.722780
5.686020
5.644280
5.678640
5.655370
5.643130
5.684900
5.688710
5.705480
5.611180
5.617160
5.811300
5.606590
5.676990
5.670960
5.708790
5.645680
5.659850
5.651040
5.551040
5.717260
5.664240
5.601400
5.729410
5.651550
5.710800
5.736590
5.675930
5.612650
5.675890
5.704780
5.602410
5.758280
5.590230
5.611060
5.681420
5.616970
5.694260
5.546570
5.698690
5.646850
5.623050
5.646560
5.555070
5.576200
5.585250
5.603080
5.548660
5.617590
5.734650
5.753060
5.672440
5.650880
5.666160
5.739350
5.665900
5.625310
5.593930
5.703360
5.643500
5.713500
5.579240
5.669290
5.679880
5.663630
5.571170
5.664650
5.638000
5.662790
5.615560
5.730120
5.769310
5.589120
5.631230
5.553020
5.590180
5.603660
5.782740
5.670360
5.711850
5.496530
5.662800
5.576140
5.653140
5.547730
5.602890
5.641120
5.694640
5.629370
5.670410
5.593740
5.590530
5.703190
5.748460
5.609150
5.667810
5.628740
5.566230
5.644770
5.569760
5.557750
5.657560
5.602110
5.791220
5.519250
5.604860
5.661930
5.758600
5.647630
5.774820
5.676890
5.755700
5.664170
5.581320
5.707270
5.714130
5.560820
5.658960
5.746340
5.517310
5.709190
5.680150
5.653610
5.740390
5.630220
5.625990
5.702340
5.564180
5.647900
5.590970
5.558930
5.714570
5.706760
5.624480
5.625940
5.748750
5.666210
5.613560
5.691800
5.683510
5.727280
5.636260
5.667550
5.791270
5.690430
5.768740
5.618960
5.663390
5.593240
5.733310
5.558840
5.668480
5.667310
5.624230
5.695180
5.618060
5.643390
5.629650
5.818310
5.654830
5.642810
5.634940
5.625650
5.621360
5.676700
5.532070
5.648740
5.777130
5.595870
5.652760
5.575230
5.589910
5.617970
5.661160
5.576690
5.680910
5.670810
5.513940
5.583480
5.686840
5.658120
5.658770
5.657520
5.703990
5.531300
5.639950
5.681180
5.701680
5.719660
5.676490
5.661330
5.699510
5.690080
5.735290
5.733490
5.846340
5.638940
5.685390
5.515030
5.703470
5.577990
5.651580
5.542160
5.735850
5.728820
5.609080
5.686230
5.652210
5.526440
5.687080
5.644690
5.664540
5.681560
5.642610
5.604280
5.659520
5.657330
5.661060
5.699040
5.564880
5.544460
5.741520
5.658910
5.648370
5.623570
5.703600
5.703850
5.634360
5.566910
5.563220
5.583710
5.554040
5.653610
5.597190
5.573080
5.669690
5.654850
5.646580
5.756000
5.642160
5.522660
5.602550
5.651080
5.649580
5.711860
5.766990
5.622890
5.702680
5.669360
5.628510
5.567050
5.679270
5.581290
5.681880
5.756710
5.610710
5.671280
5.525820
5.599480
5.646710
5.571600
5.649140
5.710430
5.630810
5.678390
5.689890
5.856390
5.533210
5.617760
5.697340
5.717150
5.628960
5.438260
5.614770
5.713180
5.620110
5.690460
5.743040
5.547730
5.637900
5.569220
5.728090
5.757870
5.704770
5.628970
5.578020
5.661890
5.678440
5.643560
5.670610
5.543260
5.642330
5.567720
5.688980
5.656630
5.505890
5.707700
5.643520
5.671310
5.630030
5.719400
5.606180
5.640760
5.549610
5.636700
5.607190
5.680100
5.585770
5.760060
5.598460
5.620120
5.775180
5.683960
5.693820
5.600170
5.540840
5.676820
5.539310
5.483550
5.721860
5.621730
5.727840
5.672500
5.671690
5.607880
5.815260
5.656310
5.595570
5.626740
5.608120
5.558300
5.650320
5.683990
5.624540
5.683800
5.664080
5.624830
5.569530
5.732300
5.636300
5.664320
5.724460
5.678040
5.655880
5.738630
5.661330
5.645190
5.580430
5.644340
5.571490
5.599060
5.741710
5.685510
5.563020
5.711480
5.763350
5.486960
5.651360
5.639560
5.648440
5.758470
5.720480
5.708310
5.548760
5.624670
5.502750
5.629910
5.643050
5.810910
5.627290
5.738250
5.635260
5.698280
5.653580
5.724140
5.610850
5.634320
5.562990
5.650430
5.631420
5.670970
5.675750
5.687760
5.735550
5.728730
5.697100
5.502840
5.573140
5.709700
5.721890
5.603460
5.674980
5.626540
5.608270
5.651950
5.622420
5.627400
5.733600
5.664160
5.613570
5.564910
5.638920
5.703730
5.568330
5.592860
5.636350
5.651540
5.611650
5.645010
5.686280
5.699950
5.687580
5.730310
5.585390
5.681960
5.703010
5.602710
5.555250
5.587480
5.595240
5.710120
5.725880
5.649230
5.492020
5.667400
5.689230
5.721710
5.757770
5.681400
5.695380
5.698540
5.830860
5.572750
5.700530
5.530810
5.647530
5.585460
5.669470
5.622350
5.734260
5.788170
5.713400
5.627800
5.742660
5.768260
5.784510
5.613490
5.667910
5.556150
5.711170
5.633610
5.722780
5.775840
5.711760
5.639420
5.569700
5.657160
5.677530
5.605820
5.696990
5.639710
5.738860
5.535000
5.585860
5.732580
5.617200
5.659630
5.721730
5.708510
5.645800
5.723110
5.603800
5.752170
5.717980
5.672260
5.630320
5.646270
5.680750
5.630070
5.647230
5.703600
5.705390
5.674070
5.622990
5.658660
5.683700
5.606130
5.670970
5.620520
5.629170
5.594680
5.705840
5.600510
5.705680
5.590800
5.594540
5.734130
5.610050
5.723160
5.703940
5.545850
5.594560
5.594860
5.812880
5.739840
5.720890
5.696590
5.727340
5.690700
5.713670
5.568200
5.637190
5.546020
5.628250
5.658730
5.601550
5.685230
5.656310
5.653550
5.664050
5.599710
5.626660
5.695220
5.613110
5.656550
5.541480
5.554540
5.558600
5.648480
5.588560
5.635110
5.701610
5.678400
5.659230
5.808030
5.552060
5.667130
5.606660
5.754980
5.772070
5.747800
5.686620
5.605850
5.637470
5.634320
5.686890
5.710650
5.742510
5.732260
5.601230
5.597440
5.568060
5.568690
5.515160
5.699730
5.562080
5.666120
5.695010
5.603310
5.760130
5.505830
5.580950
5.737390
5.671160
5.546540
5.588370
5.635270
5.662270
5.709730
5.610660
5.739110
5.697220
5.710850
5.703200
5.648460
5.757150
5.678760
5.657000
5.699060
5.683160
5.708690
5.783100
5.603770
5.745360
5.671290
5.612090
5.723720
5.577000
5.602280
5.730240
5.659360
5.494180
5.693900
5.759040
5.798140
5.722670
5.610380
5.673240
5.714910
5.603470
5.680240
5.628250
5.632380
5.578790
5.633610
5.695270
5.602150
5.696670
5.609940
5.604010
5.793270
5.574790
5.692950
5.625640
5.644770
5.639010
5.677500
5.656820
5.701440
5.659040
5.640700
5.651000
5.604760
5.632840
5.699630
5.640620
5.713650
5.618490
5.647010
5.548780
5.588020
5.630790
5.656200
5.626400
5.641720
5.644140
5.640890
5.617150
5.791510
5.666430
5.698560
5.674380
5.644460
5.607640
5.580580
5.632930
5.715380
5.665350
5.655280
5.591620
5.688520
5.706840
5.595120
5.625420
5.674560
5.674200
5.592500
5.567350
5.692700
5.639290
5.729230
5.565050
5.548420
5.634800
5.731970
5.638620
5.689300
5.676840
5.740380
5.793080
5.659570
5.620090
5.694310
5.676950
5.744450
5.711330
5.555200
5.617650
5.655700
5.602940
5.585470
5.793980
5.643020
5.634710
5.641670
5.816580
5.655150
5.618380
5.637950
5.747110
5.593950
5.683910
5.573650
5.697300
5.743820
5.532440
5.712120
5.638950
5.583820
5.696620
5.567690
5.620140
5.735750
5.665830
5.601870
5.623430
5.632830
5.679720
5.645690
5.714660
5.683690
5.655540
5.728370
5.615410
5.628450
5.528600
5.674530
5.674390
5.644040
5.690210
5.738020
5.648710
5.646890
5.678820
5.731350
5.698790
5.545050
5.631820
5.683550
5.771170
5.576180
5.802410
5.654560
5.749110
5.589570
5.497410
5.826520
5.583310
5.560490
5.717070
5.716170
5.580290
5.706960
5.690510
5.773270
5.665600
5.651900
5.656530
5.769510
5.683700
5.789990
5.640450
5.662860
5.751200
5.709790
5.589380
5.675750
5.675500
5.663020
5.701900
5.650310
5.576910
5.716380
5.645890
5.641770
5.753540
5.612930
5.739680
5.702640
5.689990
5.624710
5.682360
5.573210
5.680250
5.688290
5.692970
5.640740
5.666150
5.705230
5.647700
5.556090
5.729380
5.542300
5.747000
5.776830
5.726180
5.646840
5.756580
5.746910
5.699610
5.600470
5.655670
5.588560
5.576840
5.658440
5.580160
5.674320
5.591130
5.665570
5.734610
5.675080
5.648170
5.626580
5.645590
5.635020
5.589510
5.717250
5.671080
5.645290
5.773600
5.642660
5.688520
5.728590
5.768160
5.624290
5.689050
5.733670
5.676570
5.706520
5.733170
5.657830
5.708590
5.556570
5.604330
5.727450
5.608140
5.625600
5.598080
5.621810
5.639910
5.650590
5.607820
5.684230
5.722320
5.646690
5.778410
5.739390
5.747670
5.614540
5.647690
5.740160
5.640980
5.701870
5.610210
5.591120
5.625930
5.642130
5.636150
5.629410
5.717130
5.642170
5.577330
5.658320
5.747260
5.704180
5.671650
5.646640
5.732490
5.675660
5.658120
5.603000
5.623570
5.602680
5.582720
5.662530
5.499690
5.671260
5.719430
5.537820
5.643300
5.694110
5.573290
5.559560
5.605800
5.661520
5.686740
5.682860
5.632070
5.573240
5.522770
5.647850
5.559290
5.636580
5.566250
5.781880
5.781090
5.575120
5.665010
5.667510
5.688550
5.595210
5.757870
5.509420
5.645010
5.626970
5.660530
5.689240
5.639600
5.636240
5.660860
5.670360
5.585740
5.663650
5.748550
5.649060
5.857390
5.613930
5.633520
5.610810
5.661320
5.710060
5.586010
5.677880
5.656240
5.635010
5.587950
5.741780
5.598150
5.671230
5.531060
5.804980
5.671180
5.648230
5.757740
5.622910
5.757110
5.640140
5.543300
5.694690
5.478270
5.717720
5.711760
5.585620
5.795740
5.602640
5.722850
5.688040
5.690080
5.738450
5.542170
5.714660
5.692010
5.552110
5.626960
5.566420
5.620830
5.560860
5.600020
5.548960
5.630470
5.640370
5.646640
5.610930
5.664670
5.587150
5.636710
5.727310
5.719620
5.686200
5.633480
5.571770
5.714970
5.722940
5.704240
5.622820
5.766660
5.621340
5.732280
5.661370
5.577390
5.660640
5.589590
5.701440
5.676650
5.547830
5.858290
5.499570
5.680010
5.636930
5.680380
5.727850
5.705870
5.675560
5.648920
5.629780
5.605580
5.671960
5.598620
5.645080
5.623850
5.693940
5.607610
5.609630
5.738540
5.694600
5.591450
5.613670
5.644870
5.583320
5.629130
5.659820
5.731630
5.613610
5.713850
5.700410
5.660420
5.609920
5.614240
5.732680
5.639740
5.579230
5.676970
5.572430
5.692950
5.621410
5.493890
5.550130
5.565650
5.745390
5.626860
5.734810
5.631240
5.636440
5.696750
5.720100
5.694910
5.615720
5.615260
5.654220
5.646560
5.666810
5.785600
5.733760
5.678840
5.664860
5.639110
5.686300
5.727450
5.795960
5.680980
5.738440
5.677810
5.710310
5.716040
5.549570
5.636340
5.744980
5.640580
5.708670
5.715690
5.586660
5.761770
5.658200
5.610320
5.645390
5.681990
5.696190
5.669110
5.580230
5.724150
5.608930
5.632250
5.744470
5.633460
5.743190
5.654850
5.697260
5.755900
5.558060
5.715910
5.572990
5.596610
5.733790
5.744590
5.701600
5.585930
5.634900
5.542260
5.642120
5.653190
5.655730
5.797630
5.654650
5.706630
5.652620
5.642090
5.605610
5.589690
5.576450
5.660350
5.621160
5.673110
5.707620
5.624200
5.714730
5.692020
5.716090
5.666800
5.630920
5.633560
5.632740
5.514240
5.752990
5.658970
5.627760
5.613200
5.698900
5.705790
5.662870
5.612740
5.553880
5.713550
5.677190
5.625380
5.791240
5.745600
5.714580
5.580490
5.695030
5.740680
5.727360
5.701110
5.678260
5.648510
5.564290
5.502190
5.580600
5.698190
5.657300
5.704710
5.617140
5.623150
5.665340
5.689230
5.639670
5.663280
5.560040
5.720540
5.768580
5.765670
5.583790
5.711620
5.677840
5.632660
5.617200
5.627560
5.596750
5.642040
5.699410
5.699650
5.801980
5.661850
5.661980
5.639970
5.736830
5.576230
5.739480
5.613510
5.737800
5.653550
5.776970
5.675290
5.719360
5.622460
5.715800
5.686270
5.553430
5.701430
5.609130
5.704070
5.794620
5.680290
5.776360
5.636370
5.712160
5.581820
5.604820
5.717900
5.686800
5.686370
5.681160
5.769770
5.651960
5.617830
5.706440
5.621580
5.735740
5.588890
5.670940
5.639630
5.546050
5.721210
5.556060
5.651120
5.696190
5.567360
5.680710
5.686470
5.640910
5.708060
5.720680
5.591540
5.632370
5.504750
5.735020
5.637510
5.565630
5.714210
5.634320
5.581410
5.679740
5.705700
5.770300
5.746050
5.570570
5.701080
5.631810
5.639280
5.665490
5.731970
5.784550
5.673560
5.640460
5.583860
5.677160
5.561360
5.578020
5.686500
5.674560
5.609520
5.683420
5.601430
5.559600
5.633870
5.661300
5.641790
5.656760
5.699210
5.685220
5.746850
5.676310
5.657770
5.711170
5.681580
5.472100
5.625350
5.634720
5.791410
5.645250
5.582320
5.646960
5.646710
5.679470
5.657700
5.635510
5.741740
5.640230
5.534340
5.725390
5.721320
5.645300
5.663510
5.667910
5.668190
5.544780
5.631870
5.625740
5.688680
5.629250
5.642840
5.682470
5.650450
5.658220
5.649890
5.647640
5.620770
5.721910
5.711360
5.656600
5.565350
5.798010
5.641180
5.776110
5.845630
5.631850
5.605640
5.617510
5.628350
5.598040
5.724040
5.677250
5.671690
5.591810
5.667070
5.564840
5.697360
5.672380
5.742720
5.670210
5.672120
5.667930
5.582820
5.658700
5.570340
5.726090
5.589720
5.740560
5.645800
5.705000
5.544530
5.572610
5.638100
5.532870
5.593740
5.574960
5.579270
5.654320
5.650060
5.620600
5.718820
5.587200
5.664610
5.646440
5.682230
5.727890
5.721170
5.693930
5.570460
5.660520
5.780700
5.623560
5.667930
5.728810
5.595870
5.676360
5.703300
5.727840
5.653440
5.733870
5.605450
5.743190
5.854580
5.637520
5.635420
5.774090
5.688020
5.752060
5.690530
5.658580
5.633110
5.664060
5.657230
5.673880
5.552350
5.661470
5.688050
5.649720
5.536410
5.756810
5.709580
5.569600
5.650460
5.614920
5.561510
5.692520
5.613540
5.796530
5.656940
5.724110
5.586160
5.575760
5.705290
5.527600
5.646820
5.604520
5.722390
5.594380
5.657480
5.636490
5.696110
5.715170
5.637380
5.634630
5.715000
5.747470
5.681370
5.676860
5.651910
5.710280
5.700240
5.644180
5.715520
5.676150
5.697030
5.688110
5.737820
5.698590
5.652970
5.670220
5.626240
5.645670
5.656360
5.672550
5.712800
5.658570
5.663550
5.710530
5.710080
5.654010
5.559870
5.738330
5.725610
5.710670
5.734830
5.595930
5.683420
5.552610
5.743840
5.631040
5.703400
5.667290
5.648230
5.670110
5.732610
5.732730
5.757290
5.546160
5.517450
5.666870
5.621390
5.643740
5.521630
5.647370
5.566710
5.706860
5.729230
5.672350
5.598910
5.622520
5.574440
5.787190
5.620690
5.567210
5.674030
5.705200
5.594400
5.638410
5.662020
5.664130
5.682300
5.666850
5.592510
5.696890
5.584060
5.656300
5.742170
5.679290
5.766030
5.716240
5.623970
5.663970
5.695680
5.696360
5.731060
5.761580
5.707610
5.668220
5.635100
5.622650
5.589350
5.680870
5.586890
5.758870
5.671260
5.731230
5.610010
5.656080
5.610820
5.535150
5.697940
5.547870
5.720470
5.616560
5.644820
5.607760
5.679280
5.678980
5.674000
5.584850
5.698980
5.678720
5.708840
5.523810
5.776760
5.621000
5.718530
5.755580
5.605590
5.739590
5.912310
5.645750
5.744420
5.673190
5.673560
5.690060
5.663020
5.663790
5.714680
5.603060
5.824890
5.766230
5.613350
5.574080
5.626530
5.640360
5.715770
5.617160
5.753190
5.678910
5.651830
5.609220
5.495140
5.667800
5.694470
5.675880
5.761120
5.642530
5.690240
5.734710
5.574230
5.696880
5.682590
5.664550
5.720730
5.594270
5.837680
5.615410
5.687180
5.571510
5.635160
5.661970
5.701600
5.729610
5.689460
5.656090
5.653850
5.723970
5.673240
5.666950
5.612300
5.521970
5.652660
5.686140
5.632930
5.574470
5.785450
5.755410
5.682830
5.839500
5.689820
5.610770
5.649880
5.707180
5.704630
5.774430
5.731050
5.706970
5.652970
5.688090
5.630650
5.491120
5.723500
5.658920
5.767230
5.602730
5.676050
5.641040
5.559370
5.559130
5.542450
5.715210
5.529910
5.707590
5.631190
5.529100
5.660530
5.598910
5.652250
5.668890
5.736200
5.594910
5.710320
5.639570
5.544660
5.659210
5.683220
5.878490
5.497580
5.721210
5.557350
5.750570
5.555330
5.661320
5.695950
5.540350
5.690280
5.703320
5.656790
5.676950
5.693360
5.707230
5.674770
5.615440
5.699270
5.725170
5.660000
5.643840
5.658050
5.614300
5.713210
5.662750
5.616870
5.534130
5.621380
5.654010
5.665660
5.694020
5.644200
5.637490
5.734110
5.741530
5.687000
5.756070
5.733540
5.641220
5.680800
5.630600
5.702480
5.600790
5.589170
5.736210
5.700570
5.741750
5.758370
5.599870
5.643950
5.722860
5.666050
5.642340
5.577580
5.650760
5.756280
5.615610
5.681960
5.707450
5.668600
5.616310
5.542670
5.720840
5.687930
5.710060
5.693850
5.754350
5.608380
5.594880
5.675980
5.693580
5.666970
5.661340
5.676450
5.658200
5.620530
5.697610
5.601770
5.745350
5.632570
5.625560
5.641050
5.605800
5.700410
5.769800
5.610900
5.744730
5.589320
5.531320
5.738840
5.705630
5.648260
5.681830
5.779430
5.642910
5.771890
5.721400
5.596520
5.611680
5.681250
5.603060
5.694640
5.718920
5.620490
5.691130
5.623000
5.629880
5.655230
5.555320
5.686910
5.713120
5.601830
5.648080
5.588360
5.706390
5.597170
5.620300
5.718360
5.637770
5.591110
5.720960
5.735700
5.797950
5.667880
5.623630
5.693700
5.707740
5.797390
5.739900
5.613190
5.565090
5.618450
5.641200
5.629260
5.658870
5.573640
5.649940
5.696270
5.730870
5.543740
5.698530
5.662930
5.601330
5.723690
5.562640
5.778870
5.633530
5.633880
5.741010
5.652960
5.665190
5.637310
5.577640
5.572570
5.587430
5.643990
5.659780
5.815920
5.696200
5.637750
5.704840
5.637080
5.562340
5.612870
5.594260
5.778250
5.534820
5.633840
5.682410
5.711750
5.734880
5.610090
5.578580
5.669650
5.746150
5.668600
5.608700
5.656150
5.708130
5.595600
5.663410
5.591730
5.671000
5.616380
5.604330
5.699190
5.643720
5.869260
5.632890
5.580990
5.659600
5.576330
5.692330
5.616000
5.634000
5.599310
5.684790
5.681590
5.624130
5.685740
5.713770
5.638470
5.649590
5.676720
5.727790
5.612360
5.678480
5.670300
5.663740
5.636260
5.490140
5.705370
5.719650
5.724910
5.638590
5.690090
5.580120
5.594770
5.803980
5.632440
5.746810
5.713610
5.545740
5.579020
5.702310
5.645230
5.666150
5.614870
5.556320
5.641900
5.663290
5.635430
5.668760
5.587950
5.612520
5.556980
5.646540
5.709060
5.645320
5.647540
5.521640
5.612830
5.654470
5.735110
5.749780
5.713350
5.658710
5.630580
5.548940
5.584110
5.527230
5.716390
5.440790
5.675990
5.731490
5.640020
5.611420
5.562310
5.675870
5.694530
5.666480
5.557010
5.680640
5.524200
5.591710
5.724290
5.685060
5.696330
5.731890
5.582660
5.697300
5.768080
5.685400
5.611260
5.741100
5.662720
5.592110
5.638680
5.660100
5.729900
5.709690
5.692660
5.691500
5.721160
5.690890
5.624590
5.578000
5.795830
5.743390
5.677550
5.578640
5.603470
5.570410
5.749560
5.562190
5.665860
5.720250
5.625020
5.655340
5.634610
5.691610
5.652750
5.644350
5.737980
5.732420
5.758380
5.598000
5.700630
5.556450
5.638110
5.557370
5.784830
5.582160
5.724100
5.690780
5.704410
5.721510
5.690890
5.603920
5.661560
5.755290
5.628760
5.692770
5.665060
5.634220
5.608710
5.734380
5.684820
5.614640
5.687500
5.526740
5.721340
5.753210
5.634310
5.726140
5.603890
5.677420
5.755240
5.763770
5.816930
5.766170
5.681360
5.673070
5.656970
5.661010
5.635220
5.574590
5.584860
5.550180
5.587930
5.718340
5.673320
5.674030
5.711200
5.577140
5.632500
5.711910
5.654560
5.659990
5.645020
5.718190
5.626450
5.571130
5.647920
5.591190
5.521550
5.664090
5.682340
5.680320
5.626290
5.761240
5.723180
5.776530
5.681700
5.695870
5.658640
5.687670
5.560390
5.639760
5.707560
5.741240
5.619180
5.676570
5.694490
5.549500
5.772090
5.754000
5.662460
5.711870
5.517330
5.762340
5.650890
5.723660
5.547350
5.618840
5.850410
5.662580
5.696830
5.682960
5.704070
5.664220
5.606760
5.600420
5.614600
5.715760
5.599600
5.591590
5.706380
5.628150
5.591400
5.638080
5.683680
5.695170
5.582330
5.663850
5.775860
5.598440
5.693130
5.648890
5.672860
5.668320
5.626320
5.614120
5.718130
5.668060
5.508970
5.710520
5.663050
5.644940
5.740690
5.673930
5.695710
5.684590
5.659550
5.556470
5.690830
5.695660
5.717770
5.525170
5.632690
5.669080
5.707000
5.785960
5.673610
5.808790
5.627710
5.692990
5.630850
5.652110
5.516920
5.763090
5.622600
5.632560
5.645990
5.736250
5.707080
5.636930
5.502490
5.611980
5.674490
5.609830
5.722020
5.667480
5.661510
5.599310
5.631720
5.652400
5.683720
5.605470
5.648620
5.703380
5.695480
5.592530
5.679660
5.741120
5.604680
5.648110
5.641630
5.778170
5.641300
5.643240
5.526130
5.491130
5.724100
5.593090
5.790090
5.646330
5.669640
5.555770
5.644450
5.641180
5.617390
5.731490
5.604330
5.698290
5.663520
5.633950
5.638520
5.627030
5.702180
5.587020
5.705490
5.642930
5.722940
5.705320
5.621850
5.793690
5.629200
5.648010
5.656720
5.671170
5.626860
5.720950
5.636840
5.703720
5.772070
5.701330
5.773720
5.659010
5.749100
5.608360
5.701840
5.647880
5.657900
5.669750
5.623450
5.708070
5.725330
5.686040
5.712750
5.658690
5.720620
5.775620
5.706030
5.693360
5.632890
5.814490
5.652890
5.621950
5.653840
5.722090
5.701620
5.716140
5.498750
5.658270
5.735160
5.715220
5.717100
5.642700
5.645470
5.700050
5.661900
5.513200
5.734910
5.615980
5.617080
5.648340
5.661260
5.638620
5.672000
5.558740
5.698490
5.740270
5.749570
5.721890
5.810870
5.522850
5.728910
5.678070
5.687470
5.638800
5.630540
5.544330
5.672220
5.681780
5.699160
5.687580
5.696380
5.691140
5.658770
5.690830
5.794570
5.627550
5.640610
5.722550
5.692060
5.743120
5.635180
5.749070
5.617410
5.681830
5.713240
5.598120
5.625130
5.790010
5.711580
5.733160
5.591560
5.666220
5.706070
5.601470
5.538820
5.703450
5.606440
5.584460
5.643340
5.680780
5.722150
5.641650
5.620260
5.675900
5.692950
5.661990
5.720010
5.629610
5.739280
5.643090
5.668740
5.659990
5.693150
5.702420
5.571530
5.671990
5.581770
5.632550
5.704870
5.592030
5.683170
5.617060
5.624560
5.581270
5.622910
5.492140
5.788870
5.653850
5.625620
5.748540
5.652960
5.682730
5.695520
5.690280
5.730720
5.651770
5.586920
5.743160
5.741280
5.661540
5.611310
5.737410
5.564280
5.631670
5.671000
5.659630
5.684650
5.673070
5.609370
5.740920
5.728040
5.580650
5.709240
5.602910
5.742310
5.783180
5.697890
5.747800
5.655070
5.692290
5.634900
5.680930
5.622830
5.689570
5.668080
5.598030
5.581170
5.719860
5.704090
5.646670
5.666930
5.727080
5.628540
5.650970
5.622080
5.636190
5.621630
5.744090
5.485240
5.705370
5.614730
5.630650
5.636100
5.618560
5.754850
5.658120
5.703940
5.633190
5.585520
5.676650
5.646700
5.732380
5.713580
5.612750
5.655200
5.737150
5.653820
5.666210
5.716480
5.635850
5.718650
5.717170
5.630440
5.709140
5.664960
5.703760
5.713540
5.667930
5.746160
5.745290
5.602420
5.712850
5.726940
5.568390
5.570970
5.671120
5.654850
5.704170
5.648850
5.626050
5.655750
5.636850
5.691210
5.738420
5.727130
5.630660
5.677720
5.709640
5.682690
5.520640
5.555270
5.626130
5.718990
5.562170
5.669970
5.613180
5.753740
5.637820
5.756820
5.644170
5.735940
5.634750
5.603470
5.638850
5.551270
5.651220
5.732520
5.675240
5.598220
5.595750
5.670790
5.716220
5.663870
5.648930
5.649080
5.610900
5.694040
5.662520
5.692310
5.760370
5.655470
5.612420
5.702630
5.785770
5.659090
5.689670
5.580250
5.691320
5.610690
5.671980
5.685980
5.608940
5.690620
5.604650
5.697480
5.681590
5.643410
5.710670
5.618910
5.792440
5.671890
5.571690
5.635400
5.702120
5.676780
5.794010
5.656640
5.682720
5.689860
5.674390
5.698280
5.688040
5.678550
5.762840
5.619450
5.777310
5.720880
5.645630
5.656060
5.676890
5.644990
5.691890
5.734170
5.579060
5.718740
5.674240
5.748210
5.679550
5.705940
5.776820
5.689540
5.758790
5.654940
5.613490
5.613980
5.661930
5.668270
5.635180
5.722820
5.709110
5.611370
5.638030
5.630410
5.604150
5.750970
5.662040
5.642010
5.670240
5.635730
5.635730
