5.699890
5.658460
5.566720
5.634410
5.569110
5.701950
5.656240
5.623750
5.725640
5.625590
5.653030
5.740850
5.683370
5.613620
5.679230
5.518270
5.747230
5.691230
5.639730
5.628460
5.675240
5.703020
5.600820
5.730740
5.626610
5.656130
5.723410
5.512840
5.737600
5.646030
5.598090
5.730040
5.757230
5.560310
5.627060
5.750380
5.616380
5.771610
5.668130
5.631840
5.649330
5.628480
5.631980
5.657600
5.675540
5.690770
5.541860
5.633810
5.694090
5.772740
5.755940
5.661650
5.599890
5.728760
5.588320
5.580620
5.694340
5.771530
5.609580
5.621790
5.794420
5.632700
5.839400
5.803080
5.642130
5.594230
5.750340
5.710170
5.593190
5.608450
5.582960
5.598890
5.605230
5.645070
5.687640
5.796370
5.573600
5.654750
5.604500
5.647740
5.651320
5.818550
5.694950
5.684520
5.688750
5.614270
5.744030
5.629490
5.695470
5.686600
5.645480
5.809030
5.746620
5.575220
5.763540
5.538950
5.782790
5.630560
5.682850
5.532510
5.727610
5.660200
5.584030
5.543210
5.461070
5.643660
5.699790
5.592330
5.660270
5.663710
5.712630
5.722740
5.587890
5.589600
5.577490
5.643390
5.716120
5.599270
5.588930
5.574650
5.602880
5.658430
5.616640
5.591240
5.540080
5.567500
5.645710
5.706630
5.716980
5.750120
5.670140
5.595150
5.613080
5.752610
5.564480
5.601200
5.622270
5.719380
5.683310
5.620170
5.609380
5.566990
5.666360
5.778900
5.725960
5.587660
5.671690
5.816650
5.595050
5.529000
5.636190
5.568370
5.640850
5.748360
5.639530
5.720810
5.746850
5.695070
5.707160
5.617950
5.750230
5.738110
5.639130
5.582320
5.620860
5.542320
5.763010
5.782020
5.597990
5.527660
5.698630
5.741970
5.732780
5.607650
5.675350
5.676270
5.653930
5.575960
5.611310
5.681420
5.624260
5.707930
5.699460
5.630650
5.676550
5.585670
5.792260
5.610470
5.588890
5.686140
5.686020
5.658770
5.624150
5.723430
5.693860
5.616580
5.689100
5.627640
5.629550
5.708520
5.760150
5.542080
5.614590
5.642020
5.647110
5.640220
5.662120
5.613460
5.681600
5.659420
5.720940
5.774110
5.586520
5.683030
5.732090
5.609190
5.709870
5.797820
5.621400
5.653180
5.672860
5.631810
5.628970
5.631410
5.698760
5.540060
5.740030
5.570150
5.699470
5.729000
5.691230
5.497860
5.582550
5.606810
5.605480
5.673310
5.693040
5.506960
5.547260
5.596840
5.556900
5.680730
5.737710
5.590800
5.653140
5.633600
5.751910
5.687490
5.794360
5.721410
5.540110
5.605610
5.755760
5.696540
5.791850
5.517210
5.629390
5.644230
5.702920
5.612490
5.536830
5.700140
5.741780
5.627570
5.675010
5.704310
5.630690
5.720830
5.641220
5.652760
5.630080
5.581870
5.674190
5.578760
5.737740
5.755650
5.619820
5.507830
5.496380
5.711950
5.593220
5.787000
5.702730
5.578980
5.792020
5.625280
5.684830
5.657490
5.617140
5.681310
5.692420
5.655860
5.614130
5.677230
5.650680
5.683280
5.743600
5.650330
5.647700
5.658630
5.692440
5.634710
5.638260
5.693860
5.564370
5.600860
5.708890
5.727210
5.678920
5.585820
5.680420
5.699220
5.721210
5.663490
5.536890
5.595760
5.666240
5.558420
5.562030
5.633550
5.740770
5.593140
5.620850
5.681020
5.686310
5.704550
5.597590
5.638060
5.629400
5.681400
5.632320
5.639940
5.660470
5.705890
5.618220
5.649190
5.665920
5.728020
5.662050
5.770310
5.756970
5.650020
5.607130
5.621230
5.768810
5.634650
5.649700
5.611490
5.614600
5.720540
5.585590
5.630570
5.642340
5.698500
5.706260
5.589210
5.676170
5.688940
5.573560
5.539150
5.625070
5.717480
5.702150
5.663710
5.616900
5.676330
5.660060
5.677520
5.622070
5.686210
5.739870
5.718150
5.632640
5.654280
5.607930
5.730300
5.648230
5.693030
5.704200
5.757250
5.590690
5.644160
5.652610
5.715770
5.623290
5.533600
5.724070
5.764470
5.657350
5.646760
5.725890
5.632330
5.653740
5.632470
5.719230
5.556760
5.715500
5.794920
5.630980
5.618180
5.652140
5.610760
5.668060
5.667290
5.628380
5.565530
5.660220
5.760870
5.656980
5.611780
5.655370
5.659660
5.693360
5.819770
5.718300
5.737250
5.565060
5.663390
5.584790
5.736000
5.586220
5.663320
5.625770
5.601300
5.664110
5.639250
5.673660
5.647970
5.722780
5.676350
5.738650
5.716930
5.721990
5.605810
5.605130
5.668880
5.595890
5.688550
5.670300
5.592470
5.677870
5.567970
5.685120
5.715970
5.601960
5.624240
5.603660
5.702390
5.648320
5.699160
5.663110
5.603580
5.574260
5.596570
5.652810
5.717020
5.629110
5.730210
5.677180
5.636520
5.688360
5.703570
5.675190
5.635460
5.589090
5.589360
5.644850
5.525850
5.587780
5.584360
5.724430
5.628310
5.652420
5.591010
5.698640
5.690430
5.670930
5.720100
5.679320
5.759610
5.616240
5.607310
5.622120
5.742930
5.629350
5.625210
5.622710
5.678640
5.725620
5.725970
5.543090
5.627620
5.640200
5.572510
5.732750
5.766950
5.695550
5.703200
5.713870
5.673560
5.594050
5.645390
5.666060
5.635760
5.676760
5.651580
5.674270
5.615390
5.621630
5.779480
5.697390
5.690830
5.711860
5.680450
5.675690
5.746160
5.682680
5.695670
5.676580
5.716670
5.627050
5.708500
5.663190
5.770340
5.618990
5.685340
5.609380
5.719140
5.657870
5.623980
5.686440
5.741970
5.609320
5.624060
5.451190
5.753580
5.595880
5.758270
5.728560
5.729820
5.586490
5.687710
5.543930
5.673860
5.709430
5.657770
5.702760
5.683900
5.610400
5.668720
5.628690
5.636810
5.660990
5.687920
5.762850
5.611020
5.730180
5.617470
5.677420
5.712910
5.605460
5.731380
5.671130
5.655510
5.693930
5.546830
5.704210
5.782940
5.661220
5.690590
5.567740
5.562440
5.615510
5.678880
5.647010
5.699430
5.545560
5.694030
5.659860
5.610280
5.552730
5.697000
5.661150
5.829540
5.515650
5.612620
5.614680
5.658730
5.550240
5.656070
5.623210
5.730720
5.727670
5.658460
5.468970
5.651840
5.769120
5.725010
5.670310
5.623530
5.586380
5.783540
5.549170
5.642110
5.566340
5.726210
5.750260
5.571320
5.736920
5.663950
5.749590
5.632310
5.752550
5.777670
5.644100
5.663940
5.566350
5.593240
5.668130
5.611920
5.659500
5.631620
5.790630
5.637560
5.583930
5.670400
5.732260
5.692430
5.610440
5.725940
5.618440
5.769360
5.671580
5.708030
5.559180
5.649210
5.633720
5.618670
5.799070
5.537470
5.767740
5.728420
5.705050
5.728980
5.660800
5.679330
5.612130
5.615110
5.725490
5.687330
5.734830
5.643360
5.741560
5.637200
5.658660
5.605930
5.663160
5.757980
5.624050
5.640690
5.693800
5.687900
5.777670
5.615730
5.622330
5.763600
5.643600
5.673650
5.577080
5.747490
5.703680
5.612630
5.711620
5.680630
5.630270
5.564110
5.586540
5.781640
5.714970
5.648120
5.751180
5.664210
5.628470
5.627690
5.604360
5.759430
5.550380
5.636320
5.699960
5.695730
5.615570
5.789810
5.547790
5.690150
5.591820
5.765750
5.750900
5.758960
5.590310
5.670910
5.747820
5.683940
5.671590
5.621470
5.667670
5.728180
5.564530
5.635360
5.792560
5.572510
5.676360
5.647380
5.676680
5.647120
5.640060
5.604100
5.755470
5.585970
5.724820
5.584190
5.736960
5.738300
5.614920
5.725350
5.764140
5.643310
5.569840
5.785960
5.684760
5.635810
5.699420
5.607000
5.715490
5.648070
5.624380
5.663640
5.645050
5.598960
5.663680
5.697570
5.631810
5.754140
5.625950
5.613970
5.693730
5.743900
5.685220
5.584000
5.616030
5.678470
5.618430
5.602930
5.673350
5.651560
5.696430
5.747160
5.645520
5.713260
5.621240
5.656550
5.665630
5.675320
5.639700
5.761530
5.564760
5.685260
5.618980
5.560810
5.532810
5.580510
5.641710
5.674070
5.678730
5.639520
5.737130
5.647680
5.584040
5.639740
5.690350
5.660940
5.597420
5.697010
5.709490
5.516370
5.670870
5.765750
5.605700
5.705780
5.668780
5.659610
5.689040
5.666910
5.723860
5.612670
5.668640
5.632020
5.572330
5.651830
5.717770
5.726800
5.583730
5.667510
5.690240
5.644090
5.680300
5.624440
5.629330
5.576670
5.574270
5.631410
5.606220
5.648770
5.670170
5.555200
5.776400
5.698530
5.756180
5.608330
5.738870
5.712770
5.533120
5.614840
5.725890
5.659760
5.747760
5.661270
5.566700
5.713390
5.701430
5.736530
5.775140
5.785040
5.780910
5.767920
5.749450
5.652470
5.688870
5.653140
5.620490
5.744020
5.686630
5.716100
5.744290
5.643270
5.751730
5.687070
5.618610
5.630320
5.682860
5.644160
5.695370
5.574130
5.571540
5.620670
5.662280
5.656520
5.715510
5.572820
5.736820
5.543510
5.658290
5.738270
5.677890
5.639580
5.621710
5.574620
5.670070
5.767760
5.663760
5.632540
5.708210
5.625490
5.612890
5.644450
5.735320
5.714200
5.696320
5.601600
5.656440
5.709370
5.657100
5.636260
5.645050
5.736650
5.671000
5.584610
5.581690
5.525550
5.659220
5.610750
5.809070
5.657550
5.648000
5.684990
5.604120
5.686150
5.637180
5.576240
5.687980
5.506510
5.675250
5.546810
5.664470
5.636880
5.611000
5.735360
5.578910
5.620450
5.652800
5.627680
5.705140
5.530650
5.594570
5.592270
5.695440
5.695610
5.602060
5.712540
5.634260
5.650420
5.690800
5.689200
5.643880
5.595530
5.699780
5.590130
5.671810
5.592120
5.693310
5.638270
5.606840
5.609080
5.688840
5.589610
5.829640
5.633720
5.753570
5.704150
5.716930
5.616230
5.609640
5.686950
5.645170
5.758250
5.709640
5.667060
5.680080
5.555150
5.791850
5.633090
5.624970
5.665360
5.672480
5.641730
5.655400
5.699430
5.570240
5.807190
5.712610
5.607580
5.693240
5.694340
5.676420
5.589840
5.655950
5.694850
5.632480
5.653590
5.686550
5.789110
5.662840
5.588620
5.573770
5.576360
5.681400
5.591130
5.625370
5.587750
5.633430
5.683410
5.573850
5.592020
5.751680
5.682860
5.723650
5.683520
5.718070
5.520870
5.628750
5.651560
5.596160
5.780740
5.679640
5.678960
5.711690
5.614910
5.613680
5.676720
5.734370
5.760420
5.588510
5.666940
5.675420
5.759710
5.549750
5.593350
5.593580
5.750830
5.620950
5.612350
5.602190
5.689210
5.745860
5.751670
5.591310
5.706780
5.689230
5.653510
5.561760
5.663150
5.752500
5.703460
5.660990
5.723170
5.555720
5.695270
5.642690
5.674720
5.665230
5.587740
5.705080
5.655190
5.630130
5.678330
5.573690
5.590590
5.593090
5.817830
5.670700
5.718450
5.594520
5.701720
5.604630
5.635580
5.698070
5.567760
5.677580
5.658210
5.807900
5.648940
5.745290
5.736750
5.627970
5.669580
5.625260
5.666280
5.610560
5.671680
5.658970
5.688170
5.773030
5.602430
5.671180
5.683090
5.590500
5.657320
5.668740
5.659860
5.824260
5.653920
5.689130
5.526840
5.735180
5.699770
5.830050
5.547290
5.710440
5.619570
5.652580
5.666170
5.701110
5.669370
5.667370
5.577750
5.686470
5.818420
5.651500
5.701470
5.733430
5.603130
5.717300
5.765430
5.639680
5.742360
5.670030
5.639100
5.562150
5.704750
5.683290
5.674090
5.613060
5.624440
5.648290
5.687280
5.628330
5.621610
5.702160
5.587360
5.682640
5.728600
5.624930
5.648410
5.603020
5.631710
5.647520
5.711370
5.770400
5.641880
5.627550
5.642200
5.603170
5.740770
5.618870
5.493300
5.603270
5.727920
5.659630
5.607110
5.658050
5.648440
5.706150
5.718620
5.578210
5.565210
5.663550
5.659610
5.660530
5.607540
5.638850
5.707700
5.591620
5.699970
5.640080
5.670900
5.529950
5.672040
5.697120
5.732220
5.657870
5.615920
5.625720
5.650180
5.591430
5.603900
5.634350
5.740850
5.582500
5.760860
5.603970
5.736560
5.727480
5.650750
5.715290
5.658440
5.710590
5.707840
5.755200
5.708200
5.681570
5.653700
5.596990
5.627840
5.596970
5.596320
5.684060
5.693260
5.540750
5.707370
5.652400
5.566510
5.588450
5.663460
5.690700
5.772900
5.676080
5.656610
5.690090
5.692840
5.843800
5.579660
5.573070
5.558800
5.618000
5.627950
5.537290
5.670930
5.622020
5.655440
5.717830
5.649290
5.641230
5.704150
5.658210
5.656340
5.786000
5.626660
5.585040
5.631280
5.652770
5.611360
5.549160
5.731800
5.642190
5.652030
5.756790
5.487910
5.696560
5.720130
5.645800
5.556330
5.540960
5.650140
5.676480
5.757230
5.594480
5.683100
5.614380
5.616520
5.694590
5.663730
5.626270
5.649320
5.589230
5.670810
5.659400
5.599630
5.651280
5.649780
5.591920
5.562680
5.667280
5.632050
5.640130
5.771120
5.773520
5.661000
5.753320
5.721200
5.804100
5.612800
5.645630
5.740050
5.550810
5.688840
5.503440
5.655260
5.587330
5.575560
5.662220
5.681970
5.541280
5.613200
5.594260
5.649860
5.553430
5.626660
5.664720
5.639060
5.532890
5.665310
5.610380
5.658290
5.719250
5.640040
5.665470
5.659960
5.590850
5.628250
5.633950
5.650800
5.742360
5.636400
5.550490
5.748390
5.710280
5.497960
5.712410
5.526680
5.472860
5.628680
5.580540
5.810100
5.635790
5.723960
5.644470
5.653850
5.695580
5.706270
5.579720
5.599830
5.619610
5.705800
5.671240
5.591240
5.689150
5.659230
5.604020
5.623190
5.694730
5.539400
5.515090
5.693680
5.751060
5.652060
5.723040
5.566700
5.676480
5.660940
5.687970
5.579570
5.649040
5.730820
5.650590
5.585320
5.559380
5.728690
5.606080
5.734570
5.677450
5.685840
5.763910
5.636960
5.656460
5.603770
5.752140
5.639520
5.657160
5.590860
5.649980
5.641140
5.693600
5.642070
5.786410
5.507930
5.801290
5.611520
5.665880
5.684100
5.672800
5.723520
5.663420
5.705660
5.647730
5.665780
5.697970
5.607740
5.633980
5.777230
5.595690
5.662110
5.688120
5.748500
5.609450
5.734620
5.632480
5.692960
5.637650
5.535190
5.600400
5.658180
5.634390
5.655490
5.733910
5.644980
5.643740
5.650930
5.556830
5.705870
5.564510
5.723820
5.564960
5.627720
5.627090
5.711830
5.738190
5.586680
5.605500
5.709200
5.757990
5.576660
5.610340
5.684600
5.735910
5.596010
5.816840
5.733120
5.652530
5.653600
5.671010
5.637830
5.780890
5.593890
5.699180
5.693780
5.677670
5.656170
5.689420
5.570570
5.736070
5.642760
5.776280
5.611680
5.729830
5.723940
5.676500
5.680100
5.642320
5.643610
5.633340
5.695740
5.579170
5.498980
5.632050
5.720240
5.636630
5.827220
5.703350
5.568970
5.611020
5.546480
5.694750
5.549940
5.622560
5.585590
5.532290
5.621850
5.664620
5.653570
5.607200
5.642300
5.519470
5.564110
5.757190
5.668620
5.566360
5.556500
5.697990
5.738920
5.688190
5.650910
5.744900
5.633200
5.562980
5.704780
5.604890
5.656470
5.628190
5.691630
5.698670
5.603270
5.647090
5.691190
5.668610
5.575810
5.617710
5.695460
5.658860
5.746100
5.597540
5.584970
5.487810
5.674140
5.639430
5.662610
5.701350
5.724190
5.594730
5.707240
5.567490
5.665290
5.688930
5.669730
5.603880
5.526610
5.632250
5.588670
5.745740
5.695650
5.620280
5.751010
5.706140
5.717250
5.511810
5.701710
5.786100
5.694990
5.637610
5.590110
5.615420
5.613680
5.685010
5.694490
5.659110
5.618750
5.713290
5.649220
5.597000
5.632250
5.546510
5.586030
5.814900
5.694630
5.671250
5.542000
5.666800
5.729040
5.654240
5.722170
5.671850
5.679110
5.694830
5.626030
5.623420
5.697060
5.664600
5.681760
5.751220
5.682570
5.648560
5.698540
5.643070
5.675890
5.654870
5.751690
5.674150
5.744710
5.586440
5.668680
5.697970
5.698890
5.755730
5.732010
5.578610
5.642320
5.587460
5.657570
5.753830
5.702390
5.769930
5.575650
5.511410
5.663740
5.740850
5.629590
5.639090
5.649510
5.681480
5.701370
5.679150
5.599850
5.643870
5.617430
5.636970
5.657870
5.618510
5.638480
5.800900
5.623150
5.668380
5.704570
5.674190
5.700790
5.626620
5.581020
5.575730
5.672780
5.704450
5.627890
5.786430
5.683010
5.756040
5.537910
5.650150
5.669450
5.695610
5.685880
5.617240
5.545500
5.746210
5.642580
5.649140
5.698560
5.723640
5.681830
5.699100
5.596110
5.702520
5.803430
5.653890
5.801320
5.607410
5.643140
5.597960
5.627400
5.580610
5.764640
5.678520
5.724180
5.653510
5.583230
5.704260
5.587300
5.591180
5.770340
5.695520
5.627750
5.661000
5.594420
5.728370
5.708120
5.752600
5.655150
5.761680
5.547650
5.788530
5.600820
5.684560
5.693700
5.732670
5.623940
5.664740
5.636600
5.653260
5.660540
5.616700
5.566440
5.609560
5.724060
5.678840
5.688480
5.720350
5.623490
5.657520
5.619650
5.542370
5.726500
5.664460
5.686060
5.632260
5.640830
5.716600
5.648410
5.722470
5.666100
5.612680
5.785320
5.637550
5.633500
5.652000
5.785020
5.762710
5.730460
5.748220
5.739210
5.745490
5.705390
5.676360
5.762170
5.705360
5.691140
5.571270
5.600630
5.750410
5.743030
5.678670
5.636900
5.612070
5.579930
5.593350
5.676940
5.615950
5.534020
5.576690
5.575220
5.661320
5.587490
5.666580
5.643880
5.697880
5.683520
5.676890
5.696770
5.705790
5.702040
5.644810
5.641210
5.635310
5.734820
5.668780
5.638600
5.764390
5.750840
5.696770
5.596650
5.723630
5.650740
5.653870
5.654040
5.635320
5.723630
5.752250
5.625260
5.681050
5.701860
5.612710
5.681150
5.658730
5.660650
5.556430
5.836150
5.714540
5.601020
5.644380
5.616460
5.582350
5.547490
5.748210
5.639430
5.614140
5.600170
5.715830
5.645920
5.610400
5.671650
5.587930
5.681970
5.556910
5.615910
5.685550
5.461570
5.702290
5.607410
5.696710
5.646290
5.707550
5.677880
5.631380
5.858730
5.577130
5.675590
5.726860
5.589780
5.684710
5.660470
5.682430
5.756540
5.707920
5.706160
5.696350
5.662690
5.642620
5.559620
5.629130
5.673930
5.631670
5.556220
5.624990
5.742560
5.561920
5.627840
5.528500
5.758030
5.695690
5.575410
5.570610
5.746690
5.798480
5.698800
5.561820
5.651400
5.668940
5.760200
5.733140
5.661770
5.545630
5.662520
5.556420
5.699380
5.626450
5.723680
5.672500
5.686810
5.633630
5.527440
5.683870
5.607120
5.644610
5.708010
5.645620
5.700950
5.605430
5.618330
5.672620
5.642060
5.694680
5.776220
5.639920
5.611010
5.810090
5.703400
5.615380
5.617900
5.634880
5.574460
5.653860
5.642630
5.647980
5.718590
5.601060
5.573600
5.731560
5.691540
5.708300
5.540110
5.717520
5.727700
5.639790
5.695760
5.672300
5.657430
5.717850
5.531300
5.656720
5.721560
5.686430
5.523170
5.623540
5.602980
5.805320
5.741110
5.559170
5.698190
5.609170
5.743660
5.577960
5.672130
5.591470
5.684300
5.730250
5.633510
5.704300
5.655050
5.624270
5.654930
5.618120
5.551490
5.667850
5.728280
5.599910
5.591670
5.720590
5.578960
5.591190
5.692540
5.587440
5.657180
5.682910
5.669320
5.653390
5.677110
5.822900
5.631420
5.680170
5.647730
5.622800
5.586060
5.577630
5.593020
5.588150
5.462980
5.682690
5.672520
5.665380
5.728020
5.638000
5.634750
5.599960
5.720020
5.588870
5.724790
5.652790
5.637430
5.650650
5.666020
5.606250
5.617620
5.484480
5.679920
5.649120
5.638340
5.592350
5.596910
5.708300
5.667270
5.520730
5.631010
5.652070
5.596800
5.701950
5.690080
5.734340
5.715770
5.762580
5.659950
5.708230
5.694750
5.612340
5.639290
5.807780
5.690500
5.678940
5.679530
5.607760
5.664750
5.608880
5.734330
5.661880
5.613910
5.636260
5.522450
5.704080
5.667680
5.714400
5.772060
5.758930
5.745510
5.759550
5.754440
5.572280
5.584840
5.568470
5.649700
5.604170
5.660380
5.629880
5.803970
5.656380
5.599870
5.683560
5.681120
5.704550
5.688390
5.780820
5.722820
5.627820
5.601680
5.706520
5.625150
5.610280
5.612110
5.591570
5.617470
5.728220
5.752430
5.641310
5.699740
5.633640
5.741180
5.633880
5.599970
5.678430
5.590370
5.715610
5.821500
5.722940
5.723150
5.704150
5.731050
5.719110
5.629690
5.668170
5.709420
5.793880
5.612230
5.758240
5.637150
5.624740
5.633780
5.678170
5.579110
5.806960
5.600400
5.640530
5.633520
5.662290
5.677290
5.663300
5.646950
5.718650
5.724550
5.660070
5.788460
5.636570
5.652520
5.710400
5.702190
5.655060
5.713890
5.629220
5.633420
5.732790
5.739820
5.612090
5.657250
5.622960
5.602460
5.648680
5.760440
5.618520
5.818100
5.713980
5.626850
5.735700
5.625990
5.586480
5.580950
5.663650
5.679910
5.642050
5.582710
5.773590
5.768340
5.576590
5.665790
5.657110
5.666720
5.644560
5.796380
5.689470
5.646540
5.718810
5.718070
5.717490
5.589560
5.740880
5.524220
5.519170
5.552040
5.633790
5.629250
5.778010
5.607720
5.622180
5.667910
5.751070
5.647810
5.551430
5.684010
5.662860
5.660330
5.709450
5.638630
5.610640
5.637050
5.573540
5.693490
5.552550
5.610880
5.707350
5.584140
5.497790
5.630450
5.687170
5.657790
5.640600
5.735480
5.590070
5.716440
5.705250
5.616120
5.533450
5.664340
5.733240
5.643860
5.575060
5.585730
5.657680
5.638560
5.641010
5.697740
5.820900
5.642100
5.660530
5.592110
5.600490
5.569350
5.719320
5.649860
5.648680
5.632590
5.594380
5.594620
5.590400
5.681770
5.724660
5.610900
5.764460
5.661090
5.625700
5.516290
5.797290
5.593440
5.745440
5.703640
5.698200
5.663710
5.731180
5.746760
5.566790
5.559990
5.689730
5.644650
5.715730
5.645020
5.660200
5.652800
5.628040
5.563580
5.648590
5.649910
5.633030
5.683060
5.770760
5.637890
5.574470
5.623280
5.713070
5.683470
5.587480
5.732670
5.665960
5.703180
5.672110
5.811430
5.609500
5.680060
5.684640
5.629420
5.750620
5.780170
5.747300
5.737030
5.743140
5.715150
5.676170
5.631180
5.756930
5.678450
5.741060
5.772930
5.806440
5.719990
5.730390
5.643040
5.558530
5.797040
5.764280
5.795320
5.670750
5.601830
5.687910
5.641680
5.655170
5.716070
5.621930
5.636670
5.667580
5.675550
5.569220
5.629520
5.692320
5.712110
5.677920
5.665400
5.627440
5.615060
5.692300
5.619610
5.629570
5.635890
5.645350
5.711770
5.748520
5.705570
5.662950
5.668430
5.720550
5.722010
5.646510
5.652730
5.791020
5.704320
5.687300
5.771000
5.738960
5.585890
5.670600
5.800110
5.667930
5.607640
5.730560
5.661140
5.798060
5.685900
5.640750
5.687590
5.725540
5.703110
5.574500
5.624320
5.769350
5.638270
5.679430
5.645940
5.759750
5.771510
5.678140
5.548950
5.657390
5.623280
5.622460
5.637940
5.639240
5.716020
5.631280
5.697560
5.715770
5.699090
5.622500
5.688800
5.661840
5.666060
5.644500
5.578300
5.673820
5.571880
5.610510
5.613770
5.684390
5.633740
5.819630
5.610390
5.678750
5.691170
5.622440
5.704590
5.642400
5.597910
5.619820
5.572170
5.618380
5.630190
5.761250
5.716140
5.743200
5.658540
5.739020
5.647380
5.675220
5.741880
5.604190
5.654410
5.581470
5.579740
5.705690
5.697620
5.646230
5.666050
5.558620
5.614370
5.727650
5.716420
5.683220
5.627830
5.626660
5.621770
5.762850
5.639240
5.582510
5.593270
5.692390
5.617070
5.775850
5.741220
5.702780
5.672520
5.731470
5.664830
5.654500
5.616840
5.621700
5.670600
5.773040
5.675520
5.719340
5.591340
5.746200
5.731340
5.681610
5.631090
5.624170
5.672030
5.666470
5.686240
5.656390
5.677120
5.566660
5.687770
5.636500
5.665690
5.708250
5.675600
5.619310
5.575050
5.761060
5.685200
5.643830
5.717060
5.618420
5.729660
5.596870
5.644980
5.606480
5.724310
5.762320
5.683980
5.824290
5.690420
5.598570
5.695570
5.681960
5.724910
5.613920
5.703070
5.632420
5.657590
5.693250
5.593220
5.654660
5.730400
5.686340
5.722820
5.758090
5.582460
5.768430
5.664030
5.704940
5.669970
5.702510
5.801600
5.743290
5.565390
5.779160
5.593180
5.612750
5.608620
5.726730
5.623320
5.615720
5.562020
5.674190
5.715110
5.516480
5.559690
5.696070
5.515300
5.517500
5.620490
5.676790
5.615550
5.747550
5.617600
5.696650
5.585050
5.694720
5.732730
5.750190
5.690690
5.606380
5.641120
5.655900
5.689780
5.696520
5.632730
5.580670
5.644020
5.639390
5.416790
5.725790
5.654250
5.670570
5.609280
5.714460
5.585330
5.719820
5.678960
5.537760
5.519080
5.755640
5.520570
5.542470
5.736300
5.651630
5.518420
5.616440
5.559500
5.775680
5.677440
5.658350
5.524960
5.726260
5.662470
5.818550
5.701190
5.658780
5.643060
5.668770
5.600270
5.663440
5.624120
5.631850
5.595560
5.657180
5.669190
5.681930
5.658040
5.715070
5.633750
5.573550
5.619270
5.618450
5.637960
5.575010
5.731350
5.624330
5.620550
5.578940
5.633020
5.589390
5.713840
5.560890
5.675560
5.646890
5.688840
5.732530
5.565520
5.661920
5.648110
5.597380
5.624170
5.607210
5.602320
5.790920
5.699750
5.581040
5.605340
5.568950
5.677710
5.720110
5.635760
5.678810
5.581350
5.789260
5.695670
5.568160
5.617470
5.616110
5.659570
5.572260
5.699430
5.663950
5.679220
5.715210
5.670290
5.740180
5.667960
5.633530
5.577270
5.633520
5.635990
5.477510
5.608890
5.695460
5.630140
5.583540
5.682790
5.690990
5.630090
5.593190
5.636140
5.601370
5.694920
5.677550
5.601220
5.610510
5.687530
5.787660
5.650400
5.720750
5.672550
5.585670
5.695220
5.671730
5.621710
5.696720
5.617300
5.623490
5.633280
5.570960
5.602200
5.622620
5.663600
5.658590
5.640760
5.593770
5.627270
5.613990
5.688100
5.702220
5.571210
5.729760
5.678280
5.760280
5.778910
5.619300
5.692070
5.709230
5.668870
5.775820
5.688300
5.615220
5.770620
5.698900
5.600390
5.716090
5.671000
5.727440
5.775670
5.764190
5.702610
5.683520
5.634850
5.721600
5.640870
5.655280
5.638650
5.559030
5.623790
5.610630
5.645890
5.634090
5.781270
5.648820
5.666780
5.587150
5.756820
5.637520
5.656300
5.557660
5.600870
5.554890
5.540720
5.594010
5.680460
5.682810
5.664850
5.650470
5.664920
5.733640
5.857100
5.602270
5.589870
5.644140
5.648030
5.600270
5.679640
5.791070
5.627510
5.655670
5.774190
5.679030
5.693210
5.575900
5.596330
5.673290
5.648590
5.669490
5.613170
5.712980
5.697420
5.675280
5.682160
5.633870
5.624920
5.738280
5.640960
5.685240
5.625180
5.525200
5.656920
5.729770
5.662250
5.636310
5.745740
5.745940
5.654530
5.559790
5.539530
5.614510
5.612730
5.700790
5.676830
5.752970
5.558690
5.590460
5.551000
5.584270
5.731020
5.662120
5.619940
5.740250
5.671370
5.752020
5.637300
5.671240
5.604260
5.697190
5.613480
5.583900
5.555710
5.644400
5.667150
5.633900
5.785860
5.631330
5.677520
5.770040
5.587970
5.673480
5.765320
5.693530
5.790740
5.617030
5.593380
5.642240
5.619990
5.615820
5.529170
5.690750
5.710620
5.603370
5.674400
5.693020
5.577490
5.710230
5.635640
5.684900
5.621510
5.722310
5.584160
5.600320
5.715830
5.684320
5.597110
5.606440
5.666490
5.660430
5.669990
5.752190
5.733440
5.561630
5.682100
5.595260
5.662380
5.589350
5.634980
5.681820
5.685010
5.673040
5.682470
5.665790
5.576770
5.695780
5.611950
5.687220
5.657010
5.554110
5.702320
5.668740
5.628250
5.646860
5.656180
5.660480
5.632120
5.694290
5.522270
5.630950
5.570410
5.662890
5.714640
5.652350
5.591520
5.729630
5.629810
5.523040
5.820920
5.732920
5.460330
5.632020
5.643110
5.586070
5.547090
5.684210
5.641080
5.628580
5.647200
5.723630
5.615690
5.649400
5.663820
5.546400
5.579810
5.748550
5.702050
5.647990
5.696610
5.647950
5.677330
5.762970
5.717000
5.541720
5.670400
5.682240
5.762580
5.627820
5.617020
5.618360
5.622940
5.680150
5.677050
5.695260
5.704070
5.670500
5.755110
5.704490
5.641970
5.717080
5.622080
5.469860
5.655250
5.801250
5.610900
5.608180
5.604110
5.728270
5.740690
5.682480
5.659280
5.629580
5.697380
5.616040
5.631870
5.620250
5.600940
5.624360
5.702350
5.633090
5.630030
5.570100
5.581800
5.640950
5.658180
5.594420
5.651840
5.674760
5.578150
5.633340
5.656580
5.707330
5.614780
5.632140
5.683910
5.669060
5.700490
5.666240
5.752950
5.673980
5.800220
5.685900
5.631110
5.609380
5.629480
5.747580
5.673640
5.602110
5.683080
5.719060
5.626510
5.693810
5.642440
5.668560
5.708740
5.700070
5.616890
5.724530
5.702780
5.639800
5.609100
5.728470
5.650340
5.505470
5.704250
5.549900
5.636230
5.781360
5.572220
5.732480
5.662330
5.656400
5.745040
5.728390
5.700410
5.702850
5.754700
5.526800
5.580520
5.598080
5.737080
5.725350
5.813960
5.678720
5.545510
5.687300
5.652570
5.671140
5.644960
5.727010
5.626840
5.603510
5.630070
5.615350
5.671670
5.692400
5.692980
5.663260
5.691650
5.646250
5.561800
5.719430
5.692210
5.727830
5.648360
5.652820
5.705580
5.688620
5.636230
5.626650
5.674420
5.599410
5.614690
5.572210
5.703790
5.589270
5.678670
5.544060
5.651690
5.703600
5.643070
5.697930
5.624740
5.527560
5.697620
5.745290
5.727090
5.699880
5.707230
5.609750
5.796790
5.630790
5.565700
5.646730
5.703310
5.577050
5.646020
5.690910
5.705780
5.657850
5.649140
5.610710
5.614940
5.682670
5.642820
5.630490
5.708180
5.753250
5.507500
5.706610
5.691210
5.672060
5.642360
5.727150
5.726410
5.704680
5.723740
5.644320
5.632700
5.573580
5.501360
5.697270
5.645730
5.706890
5.560620
5.480800
5.613880
5.663210
5.599110
5.459660
5.633630
5.697990
5.615320
5.664050
5.628550
5.600080
5.707800
5.716140
5.586950
5.584440
5.728760
5.593550
5.633080
5.702350
5.576120
5.659610
5.592840
5.648280
5.719810
5.702330
5.681710
5.712600
5.635110
5.779120
5.564920
5.717780
5.639200
5.551740
5.693960
5.584120
5.735020
5.579090
5.718260
5.621860
5.619710
5.700380
5.644880
5.675320
5.717450
5.650350
5.743870
5.610210
5.667560
5.756910
5.748090
5.737640
5.675470
5.521270
5.744200
5.732110
5.610780
5.628610
5.709230
5.599880
5.637450
5.612830
5.789360
5.647580
5.551890
5.691340
5.715970
5.597600
5.637000
5.686230
5.635620
5.641680
5.703070
5.705400
5.624820
5.511760
5.676870
5.634410
5.600350
5.590730
5.632190
5.693990
5.610570
5.649900
5.543340
5.664740
5.699320
5.637090
5.855590
5.767390
5.679760
5.740740
5.623430
5.660950
5.682710
5.713110
5.589600
5.647900
5.739980
5.674750
5.590630
5.720580
5.582610
5.599280
5.757160
5.607670
5.675200
5.444930
5.705500
5.719110
5.812160
5.586600
5.656740
5.727950
5.642770
5.804540
5.732920
5.699940
5.737790
5.618890
5.565690
5.741030
5.698590
5.583030
5.704100
5.667400
5.620970
5.729310
5.640840
5.646420
5.654980
5.666830
5.656600
5.608990
5.717030
5.783790
5.818470
5.600700
5.611280
5.682770
5.622650
5.812530
5.658380
5.597970
5.685240
5.699490
5.647300
5.634750
5.618090
5.685010
5.676700
5.576340
5.769190
5.667810
5.682950
5.720060
5.702640
5.605570
5.780040
5.610930
5.527320
5.622710
5.604110
5.595970
5.745500
5.686890
5.614690
5.665690
5.710830
5.677420
5.538390
5.567900
5.764170
5.551750
5.715230
5.646920
5.668660
5.625670
5.552040
5.597610
5.562540
5.559560
5.655780
5.579930
5.744420
5.732190
5.673600
5.738400
5.638110
5.640890
5.634210
5.596160
5.655050
5.808640
5.647600
5.660280
5.656860
5.613470
5.586820
5.599110
5.593010
5.579840
5.607620
5.656840
5.625270
5.700870
5.726080
5.722050
5.679950
5.638050
5.765880
5.554660
5.685950
5.619770
5.663230
5.605560
5.761160
5.690670
5.652350
5.801170
5.607970
5.721850
5.579760
5.598480
5.644170
5.764400
5.559850
5.545600
5.573940
5.671120
5.702350
5.650880
5.694830
5.552940
5.773990
5.650170
5.635780
5.708940
5.681740
5.544730
5.553210
5.661640
5.629470
5.561350
5.702470
5.693180
5.582890
5.746440
5.581550
5.721000
5.703690
5.660640
5.741310
5.615760
5.742330
5.611970
5.747720
5.708650
5.717030
5.752950
5.643580
5.594380
5.615210
5.723550
5.723940
5.645090
5.659270
5.716420
5.575200
5.597260
5.633750
5.659680
5.630400
5.581720
5.637920
5.755390
5.643210
5.676380
5.615290
5.677270
5.605100
5.710820
5.630440
5.749760
5.565040
5.551190
5.710510
5.612060
5.695380
5.538160
5.548900
5.643070
5.648950
5.581820
5.672030
5.636580
5.696250
5.686110
5.670430
5.649640
5.620460
5.630400
5.687720
5.634830
5.582210
5.505280
5.643130
5.765280
5.609990
5.602620
5.709210
5.521560
5.738270
5.697750
5.678740
5.664360
5.717590
5.527060
5.666050
5.613550
5.687530
5.533250
5.652390
5.736150
5.664970
5.688070
5.702650
5.673400
5.745920
5.730020
5.697370
5.603560
5.662640
5.629140
5.639780
5.642510
5.671280
5.636690
5.714670
5.529290
5.618840
5.588770
5.621510
5.689760
5.847030
5.696210
5.757550
5.594300
5.728660
5.586690
5.632940
5.728140
5.638800
5.670520
5.552790
5.602340
5.694990
5.641470
5.578480
5.614710
5.677040
5.612870
5.647590
5.663960
5.669000
5.594880
5.822070
5.634680
5.597430
5.714070
5.589650
5.745720
5.590750
5.644060
5.636520
5.647450
5.603910
5.523150
5.677300
5.803210
5.582790
5.523430
5.631210
5.589600
5.658290
5.616380
5.619980
5.554380
5.652580
5.684780
5.547380
5.790740
5.556280
5.657260
5.673070
5.658010
5.703700
5.724020
5.677450
5.607410
5.626220
5.630570
5.648710
5.691030
5.616410
5.634810
5.756590
5.757240
5.581950
5.568780
5.736270
5.642020
5.478400
5.714040
5.648270
5.776120
5.740430
5.679030
5.798290
5.750040
5.599990
5.675900
5.644830
5.665670
5.698550
5.749330
5.650230
5.748140
5.561900
5.536590
5.626870
5.542470
5.703420
5.747510
5.661800
5.749350
5.638180
5.656540
5.535110
5.554780
5.727520
5.739820
5.638030
5.664580
5.783280
5.651840
5.572420
5.693570
5.616250
5.654450
5.617410
5.681430
5.666850
5.613540
5.754120
5.691940
5.619590
5.700500
5.749010
5.699230
5.648100
5.626640
5.680640
5.715520
5.729010
5.627180
5.597970
5.621480
5.609000
5.715700
5.609860
5.602350
5.682400
5.706000
5.607510
5.573270
5.690200
5.741420
5.625790
5.655290
5.594770
5.621190
5.677410
5.584390
5.595190
5.674150
5.605950
5.623330
5.616030
5.617800
5.741750
5.751310
5.578150
5.712670
5.686130
5.745490
5.673130
5.546990
5.639690
5.683920
5.698920
5.626190
5.685920
5.859230
5.771620
5.610020
5.600250
5.759010
5.657270
5.597690
5.591020
5.677760
5.762620
5.649480
5.642290
5.734720
5.714220
5.614570
5.696550
5.686400
5.665780
5.764260
5.704110
5.663300
5.714640
5.716840
5.741560
5.643520
5.621380
5.704440
5.652310
5.515380
5.692630
5.639930
5.599210
5.564990
5.727200
5.766240
5.564980
5.717230
5.727560
5.614840
5.663450
5.662950
5.681520
5.655010
5.621060
5.738680
5.634760
5.693640
5.687820
5.683520
5.681880
5.645440
5.751930
5.653450
5.703160
5.592690
5.661400
5.688420
5.685410
5.728440
5.586990
5.674930
5.691200
5.637850
5.700640
5.731920
5.660760
5.532620
5.770160
5.580130
5.652050
5.734960
5.607680
5.628420
5.683480
5.637010
5.708040
5.557730
5.569630
5.772340
5.664250
5.630910
5.647650
5.724320
5.746290
5.694090
5.682890
5.721420
5.692880
5.500260
5.527250
5.706420
5.658290
5.715920
5.551830
5.695070
5.715910
5.732880
5.760480
5.657540
5.736990
5.662530
5.643860
5.619220
5.709050
5.659180
5.556690
5.662050
5.665260
5.661460
5.671870
5.678700
5.692980
5.615690
5.708270
5.701450
5.551250
5.701290
5.682940
5.635840
5.643780
5.675530
5.732130
5.625710
5.600060
5.698330
5.661410
5.675350
5.597190
5.592280
5.484690
5.645970
5.625700
5.804850
5.553860
5.721660
5.688620
5.637880
5.630650
5.611510
5.627440
5.700300
5.733890
5.636760
5.705470
5.685660
5.606330
5.657810
5.519630
5.705400
5.664670
5.737270
5.641240
5.749160
5.709730
5.660750
5.713960
5.682770
5.650360
5.757860
5.659930
5.628340
5.697380
5.595070
5.664860
5.662060
5.588350
5.723060
5.597330
5.663100
5.606590
5.681450
5.611040
5.634980
5.722810
5.645390
5.611010
5.662570
5.604670
5.684040
5.542010
5.668620
5.556750
5.526290
5.612490
5.869550
5.779930
5.755050
5.595200
5.579350
5.603330
5.711470
5.639080
5.619760
5.590280
5.618850
5.525460
5.590620
5.612730
5.634670
5.766480
5.595780
5.652270
5.703630
5.645070
5.650690
5.707790
5.722030
5.664960
5.695740
5.752310
5.603990
5.705960
5.769960
5.696740
5.598070
5.543150
5.571730
5.577190
5.624050
5.569640
5.579720
5.712870
5.528200
5.584910
5.606700
5.637370
5.730110
5.668370
5.689730
5.739840
5.703740
5.781010
5.564770
5.559210
5.687410
5.694460
5.668700
5.659790
5.670750
5.677120
5.702660
5.503490
5.608040
5.817890
5.712660
5.573100
5.711530
5.816880
5.647340
5.714930
5.523800
5.831600
5.730920
5.771820
5.725190
5.732100
5.780830
5.680910
5.606460
5.505950
5.717230
5.657340
5.708630
5.671770
5.622610
5.636640
5.698340
5.622400
5.698700
5.673920
5.621010
5.743240
5.661750
5.717470
5.642800
5.699580
5.558760
5.698100
5.616310
5.630340
5.634490
5.596760
5.640270
5.531380
5.763920
5.573530
5.681860
5.668770
5.680090
5.573510
5.705500
5.679720
5.637310
5.655540
5.670900
5.650130
5.669060
5.720200
5.669250
5.651460
5.655500
5.629890
5.652650
5.725780
5.629530
5.589070
5.647170
5.689080
5.641590
5.684070
5.735330
5.697860
5.685240
5.588650
5.696660
5.710380
5.749370
5.665850
5.681240
5.712110
5.729460
5.707000
5.656460
5.771930
5.508280
5.723320
5.631870
5.635580
5.646700
5.751050
5.706200
5.580300
5.637570
5.772400
5.675120
5.669730
5.761970
5.663140
5.630570
5.789050
5.749050
5.656040
5.662650
5.721610
5.730640
5.607090
5.626900
5.667590
5.712780
5.721280
5.600450
5.584530
5.526290
5.645250
5.645130
5.699710
5.668070
5.631250
5.673060
5.657970
5.660490
5.650260
5.657310
5.844910
5.673960
5.608600
5.810920
5.724410
5.581980
5.723000
5.776660
5.771080
5.625160
5.603150
5.626070
5.653830
5.701550
5.689340
5.670640
5.682840
5.727810
5.659170
5.700290
5.651680
5.635040
5.716950
5.532760
5.669880
5.659020
5.653410
5.694760
5.590040
5.771480
5.589110
5.604760
5.636190
5.644390
5.615610
5.608610
5.616080
5.704450
5.564440
5.624820
5.679100
5.621190
5.695270
5.675970
5.609930
5.725900
5.760820
5.600200
5.717220
5.718960
5.629200
5.606420
5.635980
5.647520
5.688190
5.692830
5.606800
5.683740
5.715780
5.574460
5.629960
5.620970
5.746500
5.642000
5.683000
5.702680
5.681920
5.651310
5.575540
5.639320
5.642590
5.742490
5.749450
5.624060
5.726320
5.724680
5.675430
5.714480
5.590090
5.642650
5.651960
5.652040
5.696540
5.607770
5.745320
5.818720
5.744730
5.715920
5.581720
5.658990
5.640920
5.557930
5.586730
5.570460
5.705190
5.754740
5.684770
5.681540
5.764660
5.559500
5.680480
5.647590
5.667980
5.697560
5.623710
5.656240
5.703870
5.617190
5.634400
5.712070
5.682830
5.533470
5.705580
5.614690
5.692230
5.662380
5.603040
5.783210
5.685290
5.661010
5.721220
5.645620
5.722620
5.621280
5.800490
5.709370
5.527790
5.662500
5.698360
5.587270
5.602250
5.634810
5.539230
5.565830
5.645610
5.643240
5.579160
5.710700
5.694890
5.722740
5.634330
5.743040
5.695650
5.708470
5.653000
5.626380
5.594540
5.637360
5.572420
5.682330
5.679810
5.723050
5.754040
5.639480
5.676950
5.637430
5.623850
5.721830
5.538690
5.565450
5.676820
5.605850
5.558470
5.710470
5.693150
5.622470
5.717990
5.682620
5.585400
5.639040
5.743450
5.498020
5.713350
5.683850
5.637520
5.642880
5.746450
5.672280
5.557470
5.656720
5.660280
5.622570
5.732760
5.674360
5.675370
5.776630
5.676830
5.612910
5.648550
5.594090
5.645710
5.644720
5.590860
5.666680
5.683420
5.645460
5.676800
5.778220
5.518200
5.629200
5.730140
5.613360
5.593290
5.688410
5.604040
5.715030
5.658230
5.698890
5.696230
5.603550
5.637890
5.590990
5.589750
5.679230
5.604830
5.644260
5.663440
5.564900
5.711070
5.693800
5.584160
5.634530
5.527370
5.789060
5.572990
5.707070
5.640870
5.746730
5.652310
5.659590
5.639910
5.534020
5.702540
5.701260
5.670230
5.661340
5.716840
5.595260
5.733350
5.835430
5.794350
5.604950
5.701190
5.605750
5.665780
5.711190
5.756530
5.649520
5.674030
5.491090
5.742170
5.736390
5.769130
5.760250
5.690760
5.650510
5.642750
5.536360
5.636050
5.575240
5.689300
5.595080
5.670400
5.611800
5.574700
5.620050
5.658640
5.584150
5.629820
5.672330
5.639360
5.645220
5.673800
5.686870
5.647340
5.587910
5.675270
5.626460
5.782450
5.496880
5.628240
5.669120
5.574870
5.585720
5.708960
5.598340
5.651840
5.689830
5.676580
5.562330
5.656230
5.689810
5.597360
5.728810
5.511270
5.662550
5.684960
5.741870
5.649530
5.652120
5.609730
5.615120
5.706330
5.784440
5.745790
5.662000
5.621430
5.726950
5.657410
5.706240
5.521060
5.623290
5.705120
5.688970
5.622380
5.664400
5.687790
5.700760
5.591870
5.776870
5.609650
5.682340
5.576250
5.624460
5.785190
5.732750
5.806360
5.623400
5.705310
5.717520
5.625080
5.653350
5.757940
5.650560
5.679820
5.689990
5.597080
5.705170
5.738470
5.679770
5.650240
5.845300
5.641310
5.736630
5.614180
5.649610
5.643920
5.600280
5.684270
5.681750
5.632950
5.788510
5.639370
5.675310
5.755660
5.601670
5.596430
5.632170
5.602580
5.552180
5.574790
5.629800
5.664980
5.601020
5.771750
5.650310
5.686420
5.630020
5.635210
5.641470
5.694940
5.762890
5.740720
5.607740
5.660870
5.616860
5.721390
5.754790
5.636440
5.624930
5.743520
5.679020
5.667190
5.711590
5.659810
5.638050
5.681680
5.639350
5.667970
5.765520
5.618560
5.527800
5.689370
5.532340
5.622770
5.786320
5.584970
5.594640
5.625000
5.592210
5.563860
5.659110
5.681300
5.643210
5.617820
5.686720
5.676650
5.826260
5.637910
5.626960
5.659140
5.677270
5.762090
5.569610
5.617080
5.720980
5.639950
5.608970
5.732690
5.576840
5.743340
5.651900
5.609530
5.750300
5.533520
5.681030
5.619500
5.613760
5.620430
5.647480
5.815850
5.602910
5.698110
5.658090
5.660660
5.614030
5.630390
5.631990
5.691870
5.642820
5.572720
5.607150
5.681520
5.600540
5.642880
5.554620
5.650360
5.690090
5.791850
5.693520
5.678260
5.651690
5.594150
5.726990
5.632630
5.725040
5.778250
5.646150
5.701390
5.726950
5.690180
5.718620
5.624890
5.668340
5.687900
5.657700
5.599180
5.573680
5.550010
5.718090
5.697110
5.643210
5.591260
5.733730
5.676830
5.588530
5.591480
5.626550
5.633140
5.594760
5.725970
5.570580
5.640460
5.694770
5.675640
5.737200
5.540940
5.637580
5.622910
5.660800
5.635370
5.614080
5.637030
5.733630
5.723230
5.628560
5.723940
5.570140
5.682010
5.586930
5.672400
5.661950
5.711580
5.580830
5.620460
5.633850
5.581190
5.753700
5.658400
5.747960
5.724780
5.588650
5.635370
5.675660
5.723380
5.547150
5.637500
5.608250
5.627120
5.627640
5.757270
5.773070
5.633490
5.688760
5.732610
5.686240
5.651140
5.674690
5.635790
5.640620
5.588830
5.670710
5.750960
5.673560
5.628470
5.724290
5.667440
5.715780
5.633500
5.623170
5.736130
5.694940
5.544240
5.619640
5.710360
5.727860
5.620560
5.664310
5.580360
5.744520
5.643680
5.673060
5.699660
5.586970
5.695680
5.541900
5.625380
5.652620
5.663170
5.652980
5.726250
5.667290
5.704810
5.838610
5.680360
5.699670
5.654250
5.654570
5.666480
5.744460
5.587350
5.638720
5.706210
5.595080
5.642120
5.715140
5.583420
5.744770
5.657960
5.739640
5.687890
5.720160
5.717780
5.670760
5.611930
5.654800
5.626060
5.759840
5.637570
5.761390
5.584510
5.616380
5.632510
5.662280
5.701430
5.610060
5.777790
5.611870
5.613920
5.582750
5.683930
5.737950
5.633150
5.609650
5.706460
5.763840
5.603440
5.780370
5.646510
5.698440
5.563080
5.753760
5.568310
5.665840
5.622020
5.635140
5.648920
5.678230
5.800680
5.588870
5.680790
5.565750
5.561300
5.662240
5.773160
5.632770
5.696860
5.540500
5.768850
5.687610
5.657710
5.695900
5.624070
5.613890
5.705500
5.736910
5.682980
5.725520
5.688410
5.790530
5.689000
5.617830
5.653850
5.589140
5.642990
5.713720
5.733810
5.615730
5.614910
5.589080
5.682590
5.607090
5.628230
5.542810
5.712720
5.655150
5.677470
5.705320
5.647480
5.788510
5.613270
5.543020
5.774850
5.780640
5.615800
5.633750
5.681800
5.670690
5.606650
5.781000
5.762710
5.615910
5.774790
5.628450
5.637750
5.731320
5.658560
5.629300
5.678840
5.759250
5.640280
5.689110
5.701610
5.578290
5.733430
5.633020
5.569960
5.688090
5.683690
5.705700
5.637090
5.604570
5.783420
5.593420
5.677210
5.671660
5.587610
5.638740
5.642470
5.658100
5.779060
5.685220
5.662110
5.713140
5.611600
5.650060
5.707670
5.777720
5.652270
5.750900
5.588610
5.725620
5.616060
5.538810
5.621850
5.595830
5.689830
5.715770
5.769590
5.599280
5.699760
5.690280
5.588120
5.662330
5.705410
5.692570
5.684250
5.661220
5.613390
5.649810
5.759270
5.599230
5.694180
5.636070
5.559330
5.739130
5.644080
5.695220
5.734610
5.629990
5.680050
5.737100
5.626760
5.762800
5.613270
5.712490
5.722910
5.677160
5.734850
5.554870
5.570550
5.613260
5.626660
5.662080
5.669520
5.559410
5.619040
5.551000
5.716760
5.661280
5.684850
5.764860
5.678960
5.553040
5.676710
5.566900
5.631140
5.591750
5.614610
5.708270
5.690190
5.620630
5.709440
5.633600
5.582160
5.651180
5.638510
5.665400
5.666680
5.712080
5.648300
5.680930
5.641750
5.673900
5.756800
5.658730
5.673250
5.592190
5.613720
5.525290
5.621410
5.709320
5.815560
5.668380
5.540340
5.652890
5.619310
5.589430
5.611810
5.633570
5.676410
5.667240
5.792450
5.582410
5.722230
5.690960
5.661280
5.640530
5.673770
5.693800
5.630710
5.659100
5.652690
5.751080
5.684220
5.741510
5.569270
5.487290
5.666230
5.635470
5.600860
5.678530
5.676800
5.614920
5.570610
5.627880
5.664460
5.671020
5.538230
5.610030
5.678190
5.658640
5.648010
5.508200
5.614680
5.558280
5.692910
5.714040
5.676890
5.610050
5.700010
5.593470
5.704950
5.697290
5.486120
5.691960
5.690000
5.738670
5.493320
5.777550
5.673070
5.648020
5.638020
5.570230
5.642900
5.732240
5.624950
5.689340
5.705550
5.713990
5.660730
5.635660
5.696860
5.671420
5.547280
5.666300
5.692740
5.654490
5.610440
5.631340
5.669700
5.685700
5.671770
5.562050
5.671430
5.702380
5.625370
5.689740
5.748120
5.761090
5.648020
5.691810
5.619170
5.640280
5.568900
5.762750
5.669250
5.551200
5.803280
5.639030
5.826790
5.574070
5.729050
5.660930
5.575830
5.589800
5.678840
5.582320
5.661420
5.707410
5.634960
5.613950
5.664030
5.674060
5.649750
5.718140
5.793860
5.749430
5.717640
5.653780
5.617770
5.632460
5.668130
5.620360
5.712900
5.749630
5.740430
5.647340
5.660730
5.732430
5.696720
5.673730
5.633400
5.669650
5.600890
5.664190
5.620650
5.691550
5.616900
5.651990
5.701660
5.673340
5.651150
5.643970
5.648250
5.672540
5.667960
5.634350
5.511880
5.686730
5.658880
5.634880
5.646100
5.621100
5.640840
5.520000
5.616470
5.622840
5.605450
5.744200
5.693660
5.658930
5.650270
5.625970
5.646670
5.649550
5.674800
5.573910
5.589700
5.590950
5.651950
5.583720
5.623360
5.683330
5.609130
5.638790
5.570180
5.623340
5.693900
5.609480
5.726560
5.627770
5.879180
5.646790
5.645800
5.628490
5.606750
5.736090
5.685000
5.586750
5.707010
5.626770
5.561610
5.694770
5.629200
5.617250
5.588880
5.619120
5.592380
5.659430
5.637610
5.712960
5.622590
5.598030
5.660780
5.642900
5.630670
5.627880
5.650740
5.560940
5.628690
5.569780
5.737260
5.682110
5.619730
5.584080
5.715770
5.642800
5.749640
5.620410
5.668250
5.661270
5.652780
5.718320
5.641870
5.648750
5.749140
5.640040
5.631440
5.609770
5.535120
5.584700
5.738130
5.578410
5.702600
5.680560
5.592360
5.786960
5.739990
5.688810
5.775020
5.720630
5.707600
5.727040
5.642980
5.670190
5.702850
5.692950
5.603530
5.705960
5.606750
5.635850
5.585850
5.602600
5.768950
5.686160
5.779390
5.610380
5.634250
5.596110
5.706290
5.623830
5.681200
5.701240
5.634990
5.653940
5.660710
5.619280
5.710160
5.681380
5.703160
5.735530
5.784150
5.706430
5.647700
5.620450
5.668620
5.718990
5.739340
5.659100
5.691200
5.554860
5.690330
5.614510
5.642630
5.602440
5.607130
5.683770
5.639890
5.739310
5.636350
5.658520
5.688190
5.595490
5.730810
5.699140
5.692850
5.690450
5.638300
5.620500
5.877340
5.678450
5.667440
5.626680
5.717200
5.610400
5.692010
5.749570
5.582590
5.679890
5.644500
5.568180
5.536990
5.621740
5.617060
5.507850
5.748080
5.691670
5.731280
5.624660
5.712630
5.677210
5.655130
5.691350
5.657580
5.728640
5.731580
5.679910
5.711380
5.633090
5.776570
5.688980
5.579250
5.723300
5.628340
5.580900
5.573990
5.697000
5.646310
5.621490
5.663750
5.543730
5.643780
5.609490
5.671230
5.636860
5.700000
5.614390
5.731580
5.748520
5.648910
5.783400
5.599650
5.566880
5.500440
5.655810
5.611980
5.585060
5.729180
5.520020
5.736760
5.743520
5.707490
5.577370
5.669110
5.604000
5.643630
5.679700
5.747550
5.607220
5.732220
5.621690
5.649130
5.662950
5.668610
5.838100
5.691730
5.637030
5.637020
5.633600
5.526730
5.598520
5.631630
5.772650
5.599450
5.685910
5.720410
5.709420
5.745240
5.605800
5.717510
5.574100
5.622460
5.583920
5.666860
5.638760
5.715040
5.657200
5.706210
5.697490
5.629640
5.558900
5.568320
5.652760
5.655740
5.708790
5.615390
5.599340
5.641180
5.708910
5.623390
5.640410
5.591830
5.648170
5.755020
5.785050
5.569980
5.720960
5.680430
5.703530
5.597480
5.597480
