5.619110
5.622950
5.710080
5.599400
5.719310
5.612810
5.683080
5.813610
5.557880
5.592850
5.733100
5.679790
5.690210
5.704850
5.611520
5.704570
5.609700
5.719490
5.583900
5.550420
5.689550
5.609480
5.711630
5.580520
5.823940
5.625540
5.647460
5.638420
5.598380
5.750980
5.692170
5.493510
5.538760
5.679950
5.591800
5.708460
5.632840
5.637730
5.660370
5.653850
5.650550
5.719090
5.598270
5.645200
5.539850
5.719480
5.660030
5.650060
5.630940
5.604780
5.683660
5.690540
5.693960
5.620320
5.742120
5.692040
5.631800
5.771080
5.659920
5.742790
5.739840
5.578420
5.778550
5.688280
5.668320
5.629140
5.550650
5.589680
5.655780
5.632170
5.804420
5.555000
5.632020
5.627160
5.772780
5.729900
5.663920
5.705720
5.788920
5.601960
5.582460
5.647380
5.605830
5.667070
5.795880
5.611310
5.618640
5.730730
5.722180
5.684760
5.731070
5.598830
5.712820
5.636120
5.633910
5.668500
5.619820
5.629100
5.813700
5.686770
5.651430
5.559760
5.635050
5.645830
5.656380
5.599980
5.777050
5.674090
5.615690
5.551800
5.631170
5.632030
5.751710
5.604000
5.592070
5.680520
5.770940
5.625450
5.652890
5.778470
5.641240
5.686400
5.649960
5.656050
5.671380
5.705000
5.641750
5.593370
5.686190
5.546930
5.705670
5.631630
5.658300
5.690470
5.653600
5.640350
5.666460
5.613730
5.610630
5.645020
5.638740
5.698400
5.625060
5.609880
5.707820
5.612250
5.557820
5.743750
5.618110
5.684200
5.711870
5.739650
5.617210
5.588650
5.681190
5.537710
5.839520
5.624320
5.750000
5.631520
5.741330
5.547900
5.799680
5.674950
5.681650
5.655910
5.665890
5.668240
5.653670
5.656470
5.696120
5.683050
5.696040
5.637970
5.578590
5.653000
5.661610
5.674430
5.652780
5.682090
5.616710
5.675520
5.607450
5.662860
5.624640
5.710540
5.700400
5.698110
5.727360
5.664970
5.676540
5.559510
5.700350
5.740450
5.714000
5.692240
5.684140
5.657390
5.557890
5.672400
5.615620
5.786830
5.607870
5.553150
5.594700
5.552950
5.602400
5.683870
5.623380
5.659720
5.721650
5.624400
5.645920
5.677500
5.706960
5.683730
5.603910
5.595020
5.649420
5.672590
5.722930
5.615710
5.534860
5.628480
5.638710
5.669400
5.735920
5.625990
5.663240
5.678420
5.686700
5.699980
5.710480
5.650640
5.546390
5.647340
5.653660
5.661050
5.585270
5.628410
5.722340
5.623480
5.769400
5.754520
5.538920
5.677040
5.523850
5.603580
5.499170
5.661490
5.661740
5.669740
5.613720
5.679270
5.652480
5.540800
5.659320
5.627860
5.652940
5.691480
5.690690
5.580200
5.731840
5.641170
5.655900
5.590790
5.650680
5.673770
5.702000
5.675140
5.675010
5.707200
5.613810
5.585370
5.662240
5.595080
5.568390
5.644630
5.689630
5.762600
5.651130
5.597580
5.629920
5.675610
5.750700
5.662820
5.563290
5.591300
5.758730
5.702800
5.670700
5.677940
5.552950
5.607320
5.704630
5.691050
5.697520
5.640050
5.695070
5.693760
5.607970
5.762910
5.637700
5.712400
5.794180
5.743290
5.660650
5.694710
5.698130
5.712990
5.646630
5.606720
5.721900
5.769060
5.691550
5.678300
5.693340
5.613560
5.655690
5.655450
5.634050
5.602430
5.654080
5.711030
5.672490
5.709160
5.613950
5.588470
5.571050
5.673410
5.648220
5.609430
5.665460
5.544230
5.650330
5.560230
5.704460
5.571270
5.712720
5.638320
5.704190
5.631210
5.672010
5.666490
5.666520
5.695230
5.669480
5.613110
5.713570
5.710230
5.852710
5.704630
5.729950
5.717620
5.573010
5.726240
5.596670
5.658540
5.608290
5.704800
5.701160
5.693880
5.617190
5.636390
5.684630
5.782620
5.739180
5.671600
5.742100
5.644000
5.615120
5.631860
5.713040
5.624840
5.716420
5.514780
5.557820
5.626240
5.578480
5.734450
5.567870
5.633560
5.697590
5.617280
5.749560
5.710120
5.694800
5.664770
5.587100
5.527580
5.702370
5.691460
5.554430
5.636170
5.835320
5.670020
5.641370
5.632950
5.746060
5.662620
5.520580
5.667680
5.691260
5.691530
5.576110
5.692080
5.608470
5.691240
5.748420
5.655090
5.671020
5.639680
5.688430
5.524160
5.650520
5.736500
5.641060
5.673760
5.693690
5.487010
5.586960
5.653820
5.828200
5.684900
5.711870
5.696580
5.676630
5.679700
5.698500
5.569580
5.741640
5.579620
5.787270
5.658050
5.710720
5.575060
5.704220
5.807450
5.706990
5.689420
5.634930
5.710950
5.716130
5.631430
5.629290
5.611580
5.679390
5.661840
5.723840
5.645240
5.694470
5.578140
5.605740
5.697810
5.674380
5.693920
5.612990
5.683580
5.670550
5.689320
5.599900
5.597630
5.552540
5.606470
5.579190
5.663960
5.635320
5.611010
5.693760
5.688170
5.713870
5.621250
5.637770
5.608430
5.747690
5.687760
5.582240
5.660630
5.794910
5.612510
5.742750
5.594910
5.666880
5.732670
5.755640
5.596020
5.632300
5.616350
5.663770
5.537520
5.637550
5.645070
5.642780
5.733120
5.630320
5.665710
5.689280
5.699280
5.625940
5.780490
5.652410
5.627550
5.577880
5.651690
5.744730
5.667190
5.754980
5.720150
5.733090
5.725980
5.594730
5.693010
5.714560
5.723520
5.646570
5.662330
5.688070
5.596270
5.726840
5.601510
5.683500
5.701800
5.644180
5.713490
5.660220
5.721880
5.614820
5.576760
5.602840
5.528740
5.631150
5.746480
5.687790
5.671260
5.615230
5.666200
5.741020
5.730180
5.730820
5.585890
5.598770
5.600130
5.659570
5.604360
5.722910
5.652030
5.706720
5.722690
5.657670
5.659110
5.665660
5.574200
5.595930
5.620190
5.631980
5.719000
5.703480
5.641210
5.689200
5.536510
5.693060
5.727810
5.590520
5.584760
5.648600
5.722190
5.681130
5.625970
5.603740
5.544590
5.675960
5.724580
5.688620
5.599180
5.558930
5.709970
5.678180
5.758970
5.788170
5.702370
5.580880
5.707880
5.658710
5.615440
5.638390
5.567300
5.672790
5.753180
5.601990
5.631780
5.663970
5.666690
5.688010
5.704790
5.683970
5.714730
5.611420
5.558880
5.648590
5.664460
5.647540
5.760540
5.707360
5.561680
5.668540
5.571390
5.549030
5.608560
5.546470
5.669870
5.726840
5.682090
5.563820
5.666520
5.733350
5.631610
5.557830
5.790540
5.644010
5.660160
5.593440
5.721220
5.641530
5.628290
5.699230
5.542900
5.664580
5.693620
5.646800
5.728350
5.573440
5.585040
5.594250
5.638270
5.596610
5.745860
5.645430
5.722270
5.712380
5.633510
5.692420
5.779460
5.608680
5.657290
5.696920
5.710310
5.672360
5.573350
5.688140
5.721350
5.734890
5.751280
5.575260
5.710330
5.663360
5.649190
5.624980
5.724120
5.725010
5.557730
5.735810
5.603790
5.684830
5.693800
5.740390
5.671480
5.738500
5.722170
5.806210
5.599180
5.627630
5.707570
5.656140
5.575330
5.586990
5.711700
5.587490
5.615430
5.721670
5.732370
5.724810
5.674640
5.527390
5.711710
5.524600
5.805960
5.596160
5.625940
5.686050
5.751470
5.656620
5.585640
5.633970
5.625050
5.708530
5.701550
5.640020
5.731040
5.569980
5.663050
5.582150
5.569120
5.549480
5.643610
5.630780
5.789410
5.607260
5.655170
5.713520
5.661110
5.770160
5.666520
5.571390
5.676960
5.706160
5.633590
5.547600
5.740740
5.720770
5.617020
5.688570
5.686700
5.660220
5.674650
5.605550
5.730410
5.794840
5.601370
5.757510
5.646480
5.681020
5.712400
5.660650
5.563620
5.634070
5.684710
5.808900
5.641560
5.550010
5.604280
5.649000
5.607980
5.684840
5.732610
5.609640
5.682250
5.672880
5.665770
5.692930
5.719450
5.663000
5.589770
5.605050
5.660250
5.549410
5.706940
5.653620
5.673030
5.758550
5.638520
5.607410
5.709180
5.608720
5.701950
5.751740
5.628410
5.690340
5.722570
5.742340
5.705410
5.560080
5.665600
5.766780
5.645530
5.816510
5.654770
5.615320
5.671090
5.623080
5.682510
5.646610
5.617180
5.584790
5.725210
5.679010
5.727820
5.642000
5.607030
5.681640
5.651360
5.654970
5.705900
5.683530
5.658960
5.658340
5.682480
5.621940
5.589050
5.691320
5.749030
5.694210
5.657700
5.589840
5.668440
5.661130
5.660420
5.650670
5.706380
5.670740
5.712010
5.728580
5.771620
5.580650
5.652200
5.596890
5.608960
5.659660
5.728340
5.627730
5.714430
5.566300
5.714990
5.628090
5.718700
5.714650
5.631090
5.697370
5.643000
5.743400
5.720820
5.670410
5.662980
5.721420
5.649860
5.685510
5.688260
5.680900
5.752440
5.700340
5.794620
5.782760
5.792530
5.715110
5.791630
5.763970
5.622460
5.638920
5.579750
5.608590
5.595160
5.677060
5.648470
5.608520
5.704870
5.689260
5.651940
5.590380
5.744820
5.591180
5.704300
5.682800
5.669850
5.718770
5.681920
5.619550
5.712460
5.674520
5.707250
5.652470
5.606840
5.679470
5.764720
5.668140
5.675880
5.677240
5.638940
5.567170
5.718870
5.710450
5.652400
5.611670
5.604650
5.723010
5.644470
5.652300
5.628250
5.705500
5.661450
5.667750
5.633340
5.556090
5.661920
5.772810
5.702310
5.578130
5.739010
5.662880
5.585070
5.726430
5.554080
5.586110
5.575920
5.669290
5.641010
5.561850
5.587560
5.602690
5.578770
5.574670
5.743630
5.621050
5.657060
5.697800
5.660470
5.647020
5.788670
5.644190
5.681500
5.550430
5.645510
5.675950
5.669260
5.739990
5.578430
5.763400
5.690050
5.666470
5.750070
5.664420
5.677010
5.532810
5.738990
5.637390
5.623660
5.734590
5.541030
5.719930
5.596400
5.567020
5.603510
5.690310
5.657900
5.795970
5.728220
5.555790
5.642940
5.770000
5.633070
5.689830
5.614220
5.501060
5.623880
5.673840
5.697160
5.749350
5.559090
5.667550
5.631050
5.726850
5.636360
5.733560
5.519250
5.615430
5.648780
5.655180
5.640880
5.701660
5.615800
5.734040
5.713800
5.628980
5.695360
5.691090
5.572380
5.723640
5.749210
5.745540
5.628420
5.615040
5.654970
5.645860
5.677740
5.773730
5.677340
5.529800
5.586260
5.585860
5.693790
5.652800
5.624020
5.663310
5.655510
5.642850
5.508380
5.630810
5.689430
5.618660
5.710450
5.654170
5.701310
5.720360
5.647700
5.631030
5.654610
5.634940
5.622280
5.556380
5.673560
5.674580
5.617190
5.652300
5.588590
5.586030
5.616400
5.759340
5.663390
5.481130
5.750810
5.656480
5.687520
5.610690
5.678150
5.662510
5.600840
5.738490
5.654760
5.749470
5.656570
5.618710
5.729210
5.691320
5.576760
5.678140
5.638000
5.607430
5.642290
5.694720
5.651740
5.654190
5.773740
5.632600
5.578630
5.661240
5.563440
5.649690
5.682450
5.648390
5.593480
5.640650
5.717590
5.745780
5.556700
5.675600
5.567050
5.717810
5.722290
5.672350
5.675060
5.715960
5.699800
5.613060
5.651150
5.625100
5.638320
5.685440
5.639060
5.599940
5.624230
5.705630
5.683400
5.778240
5.673730
5.705490
5.570270
5.687480
5.716390
5.792710
5.553610
5.699220
5.586290
5.663110
5.546970
5.608640
5.796920
5.536740
5.667210
5.714260
5.620880
5.722340
5.644190
5.631320
5.698210
5.687430
5.600430
5.620120
5.684320
5.701680
5.702490
5.734820
5.657730
5.597830
5.660660
5.719000
5.722750
5.625850
5.671770
5.718450
5.649060
5.660240
5.541990
5.657930
5.667980
5.724420
5.713410
5.664760
5.666720
5.773560
5.678530
5.616550
5.752820
5.592180
5.680790
5.668250
5.762940
5.851690
5.649590
5.758790
5.662640
5.752930
5.602630
5.736910
5.740660
5.611660
5.684280
5.672540
5.675900
5.778470
5.756200
5.651200
5.698210
5.639580
5.671360
5.615180
5.699680
5.616830
5.663240
5.645720
5.713920
5.626830
5.665730
5.675210
5.657870
5.677140
5.674050
5.690190
5.694260
5.619290
5.685770
5.637740
5.644050
5.647350
5.683820
5.743770
5.690560
5.623640
5.585790
5.647730
5.668020
5.580100
5.622820
5.636190
5.698390
5.717840
5.611610
5.695920
5.693630
5.628290
5.672640
5.672810
5.566720
5.679790
5.669920
5.675140
5.691500
5.625810
5.696110
5.575210
5.721970
5.771940
5.618110
5.679870
5.561840
5.659940
5.689330
5.621840
5.629710
5.727280
5.674630
5.663780
5.731070
5.699390
5.538880
5.717300
5.675650
5.691730
5.532950
5.584170
5.648320
5.599510
5.600050
5.692750
5.589840
5.685260
5.734000
5.718530
5.615050
5.655760
5.632910
5.636970
5.731990
5.572360
5.688730
5.645550
5.620800
5.761670
5.761100
5.656330
5.644250
5.683360
5.742690
5.672620
5.604720
5.713400
5.679830
5.753760
5.574760
5.729510
5.601210
5.528130
5.758580
5.618870
5.626170
5.655380
5.742710
5.632640
5.692110
5.625980
5.720810
5.749500
5.671020
5.673150
5.702020
5.627480
5.624980
5.652160
5.627450
5.803600
5.702400
5.571600
5.625600
5.577300
5.590430
5.676630
5.672820
5.595070
5.495700
5.704950
5.626790
5.689570
5.699060
5.718440
5.710580
5.711830
5.612110
5.645930
5.588270
5.692850
5.742000
5.549820
5.665530
5.717090
5.652960
5.712940
5.718980
5.625900
5.620470
5.674590
5.659450
5.610560
5.709550
5.711130
5.656260
5.665380
5.653820
5.585210
5.610120
5.595390
5.643210
5.709120
5.630320
5.729240
5.671300
5.647260
5.754000
5.751330
5.644700
5.630970
5.676350
5.675350
5.745490
5.648690
5.737790
5.783380
5.795960
5.653220
5.618140
5.679240
5.650120
5.569680
5.787370
5.720930
5.694370
5.626480
5.600730
5.625160
5.617760
5.669080
5.640330
5.549150
5.753870
5.555680
5.758480
5.687570
5.773310
5.630220
5.644240
5.592030
5.645210
5.694480
5.591690
5.673620
5.736070
5.679650
5.589270
5.674740
5.708830
5.699950
5.753720
5.657460
5.705790
5.664050
5.739990
5.668460
5.616290
5.624120
5.620530
5.784730
5.559040
5.626370
5.633260
5.678480
5.612070
5.653290
5.684670
5.756330
5.462270
5.775380
5.714240
5.505600
5.609300
5.521710
5.654330
5.611720
5.634150
5.683210
5.671050
5.591210
5.667640
5.547920
5.731400
5.661180
5.577940
5.652210
5.698570
5.714670
5.616650
5.668070
5.645950
5.636830
5.594130
5.672050
5.599410
5.640220
5.675130
5.641980
5.673890
5.711050
5.866950
5.639700
5.618310
5.615310
5.637780
5.709990
5.564310
5.606210
5.574790
5.556640
5.678600
5.644840
5.671740
5.615550
5.600120
5.710400
5.600610
5.737070
5.619980
5.751920
5.626680
5.524020
5.664920
5.621890
5.640860
5.598020
5.656800
5.663980
5.770300
5.660440
5.755590
5.752880
5.824960
5.681840
5.615240
5.662430
5.718850
5.676320
5.630870
5.713010
5.529070
5.663060
5.651500
5.642000
5.618180
5.683770
5.720290
5.673560
5.708430
5.671800
5.755390
5.712860
5.778150
5.670600
5.622070
5.584010
5.707210
5.645430
5.762500
5.648430
5.702140
5.783210
5.637300
5.821880
5.703780
5.572250
5.655440
5.703570
5.702820
5.678110
5.562060
5.610820
5.701290
5.641200
5.676000
5.722820
5.746620
5.621100
5.567740
5.617650
5.642610
5.553700
5.758090
5.572030
5.582620
5.696900
5.559480
5.635770
5.666820
5.768470
5.680970
5.666380
5.678450
5.512230
5.671370
5.582020
5.710140
5.653770
5.667040
5.714300
5.729280
5.621330
5.745030
5.723560
5.567460
5.670390
5.742520
5.629780
5.656310
5.608980
5.646900
5.555030
5.431360
5.669850
5.618280
5.733210
5.646500
5.712490
5.663550
5.699760
5.666510
5.532240
5.699940
5.567500
5.722350
5.644740
5.611630
5.725220
5.672850
5.539710
5.674790
5.585290
5.578540
5.697450
5.597540
5.734650
5.645240
5.680440
5.551060
5.637400
5.560300
5.732760
5.689720
5.687610
5.606440
5.694760
5.655180
5.697260
5.607570
5.627880
5.719410
5.686220
5.577150
5.608930
5.699360
5.566510
5.577170
5.680070
5.640520
5.680960
5.601010
5.698460
5.636770
5.803540
5.673700
5.732350
5.718720
5.663780
5.640650
5.643750
5.680080
5.651250
5.631250
5.676720
5.670940
5.666760
5.660930
5.631200
5.606720
5.656060
5.743630
5.746420
5.595040
5.743370
5.567140
5.735230
5.573330
5.597740
5.622650
5.668140
5.584860
5.583330
5.590360
5.765100
5.700320
5.750790
5.718550
5.602090
5.657500
5.644840
5.661370
5.599060
5.643040
5.593390
5.621140
5.680640
5.614030
5.662130
5.669520
5.680050
5.684050
5.718380
5.600490
5.742720
5.667680
5.603980
5.707940
5.650210
5.663910
5.663950
5.626090
5.702190
5.474760
5.634150
5.597170
5.612730
5.578080
5.615390
5.751650
5.593150
5.737010
5.669480
5.641640
5.604050
5.664190
5.561420
5.516720
5.682430
5.696070
5.635640
5.813370
5.609850
5.728330
5.639990
5.743390
5.699950
5.680210
5.596830
5.603360
5.673760
5.593680
5.582960
5.708980
5.569580
5.700380
5.662660
5.692590
5.824050
5.682020
5.599010
5.701460
5.633720
5.580660
5.546770
5.586620
5.713640
5.703210
5.543090
5.712940
5.717550
5.750020
5.614300
5.662160
5.639900
5.653640
5.600180
5.627600
5.647990
5.692080
5.663910
5.573880
5.700560
5.748810
5.727990
5.710130
5.612920
5.646020
5.642270
5.734900
5.665760
5.682340
5.627730
5.572260
5.710100
5.759850
5.630200
5.736650
5.667950
5.601300
5.711980
5.738960
5.605230
5.664120
5.678740
5.710090
5.394990
5.569510
5.659050
5.562960
5.653460
5.648270
5.798280
5.537300
5.621810
5.668430
5.703400
5.555640
5.647190
5.734770
5.740000
5.718170
5.582810
5.711500
5.630150
5.734390
5.669350
5.657430
5.672300
5.607310
5.750840
5.600210
5.641960
5.650830
5.796640
5.555740
5.625610
5.706770
5.690050
5.766510
5.522730
5.532040
5.596530
5.710300
5.624940
5.659760
5.620230
5.695790
5.594870
5.693340
5.679130
5.643900
5.775080
5.738490
5.603010
5.676800
5.682200
5.649560
5.702730
5.672740
5.759020
5.671600
5.648480
5.785100
5.592300
5.609710
5.631210
5.731070
5.743360
5.742310
5.667410
5.680360
5.682100
5.806280
5.706320
5.653050
5.680820
5.650780
5.657610
5.658500
5.641090
5.524740
5.688020
5.579660
5.786760
5.760650
5.658680
5.619070
5.675960
5.636910
5.637500
5.735500
5.591290
5.582480
5.707280
5.704970
5.627700
5.670930
5.672970
5.599270
5.696670
5.705520
5.741370
5.594100
5.729950
5.613370
5.585190
5.621640
5.665580
5.607610
5.640600
5.620090
5.639410
5.641650
5.569940
5.757430
5.638800
5.588320
5.665520
5.726040
5.679370
5.696900
5.638120
5.571140
5.608490
5.703820
5.674130
5.655900
5.638200
5.668180
5.503710
5.618080
5.613620
5.562000
5.512740
5.649820
5.690060
5.660460
5.595050
5.788320
5.722010
5.559810
5.692920
5.663890
5.694630
5.543920
5.582110
5.550350
5.670450
5.628260
5.727790
5.667900
5.660270
5.672680
5.744290
5.565220
5.652580
5.639960
5.595390
5.638650
5.701140
5.559430
5.683250
5.586190
5.605800
5.682680
5.704620
5.571490
5.646590
5.612640
5.532340
5.624640
5.734270
5.624510
5.641160
5.624160
5.562700
5.596700
5.616520
5.614250
5.769010
5.656520
5.647850
5.576900
5.630130
5.606760
5.654030
5.685520
5.666760
5.555930
5.617730
5.655980
5.606610
5.725250
5.653570
5.682520
5.644240
5.717430
5.757780
5.696780
5.607330
5.653760
5.633490
5.638420
5.741230
5.715500
5.754410
5.737520
5.588930
5.567860
5.661110
5.572670
5.670120
5.668900
5.706010
5.666650
5.636140
5.843740
5.567600
5.569350
5.692570
5.638480
5.555920
5.590530
5.803020
5.520080
5.601380
5.618700
5.737660
5.676690
5.678830
5.598230
5.643720
5.608700
5.607770
5.524520
5.657260
5.538290
5.591090
5.662470
5.674800
5.761970
5.619970
5.719610
5.610400
5.650880
5.724410
5.735120
5.672200
5.757780
5.643750
5.627220
5.604380
5.721930
5.684690
5.698600
5.611810
5.638380
5.690020
5.686600
5.704380
5.656620
5.736260
5.579320
5.585330
5.604100
5.653380
5.587210
5.669500
5.665630
5.704540
5.596060
5.642630
5.604060
5.695520
5.668220
5.629960
5.777850
5.638880
5.547020
5.673030
5.542780
5.534710
5.622890
5.620470
5.661500
5.694620
5.685930
5.720710
5.666240
5.558680
5.690670
5.738720
5.569850
5.666460
5.712770
5.730140
5.589750
5.512960
5.615100
5.653480
5.642260
5.585040
5.641440
5.500880
5.652860
5.671540
5.646750
5.687390
5.711520
5.672740
5.660950
5.650320
5.580370
5.658230
5.732710
5.689370
5.621030
5.651380
5.629170
5.600700
5.628870
5.728150
5.607320
5.733800
5.679070
5.683240
5.721110
5.668820
5.680950
5.725360
5.587020
5.649030
5.637600
5.649980
5.515200
5.670700
5.714840
5.609470
5.709410
5.562340
5.639000
5.788970
5.675160
5.627140
5.604790
5.708140
5.755910
5.660960
5.688050
5.637010
5.694680
5.667520
5.674770
5.615210
5.667240
5.753040
5.604630
5.576230
5.649250
5.679010
5.613140
5.733710
5.576460
5.669770
5.576600
5.687180
5.630650
5.643160
5.541070
5.770640
5.745450
5.602920
5.703680
5.601450
5.556150
5.710970
5.548940
5.657220
5.625330
5.640840
5.532330
5.694400
5.678150
5.786660
5.676430
5.656000
5.672970
5.660540
5.600110
5.639370
5.773920
5.672120
5.788300
5.535840
5.616000
5.680040
5.636550
5.666720
5.612360
5.788340
5.657550
5.703580
5.622580
5.630520
5.487510
5.643680
5.711620
5.765630
5.647700
5.664700
5.716970
5.738650
5.647910
5.673780
5.528260
5.588900
5.697410
5.699670
5.680180
5.725950
5.591220
5.763370
5.680900
5.658650
5.736950
5.597710
5.672950
5.590040
5.552470
5.663460
5.611430
5.593340
5.719410
5.556750
5.631030
5.698760
5.623880
5.651960
5.599810
5.639330
5.583990
5.669060
5.618090
5.674810
5.777210
5.565300
5.569570
5.568480
5.702540
5.480740
5.655740
5.679380
5.725490
5.646670
5.748770
5.637270
5.594230
5.733530
5.631290
5.713050
5.640730
5.701840
5.710830
5.727320
5.666480
5.588110
5.567460
5.567570
5.575920
5.669450
5.644430
5.729710
5.650140
5.539970
5.642870
5.681270
5.580760
5.640030
5.700300
5.671300
5.758480
5.680770
5.574750
5.745680
5.671200
5.737380
5.623820
5.642380
5.649220
5.591620
5.710630
5.749060
5.795470
5.567870
5.745190
5.630990
5.631460
5.626030
5.632970
5.723540
5.609440
5.657590
5.613690
5.728570
5.614580
5.647830
5.741290
5.638340
5.702280
5.607870
5.680530
5.705020
5.732930
5.678120
5.654260
5.691510
5.641900
5.653120
5.645680
5.496580
5.635230
5.547270
5.644770
5.715460
5.677260
5.660250
5.645330
5.670990
5.616360
5.682560
5.544980
5.674550
5.634910
5.587030
5.770450
5.677570
5.715880
5.642190
5.644730
5.679650
5.655920
5.745620
5.609290
5.625940
5.638940
5.611830
5.639480
5.573160
5.536490
5.656830
5.636650
5.659810
5.657920
5.684140
5.489650
5.680630
5.750840
5.541160
5.613350
5.598770
5.705720
5.646540
5.663330
5.729770
5.646120
5.654500
5.801530
5.556270
5.604470
5.637320
5.585100
5.631600
5.655410
5.650560
5.662430
5.663950
5.661750
5.687040
5.650550
5.551170
5.669210
5.741110
5.661170
5.652020
5.612700
5.682150
5.675140
5.591130
5.621520
5.560380
5.851230
5.597430
5.699760
5.759550
5.733610
5.632740
5.624440
5.669350
5.675690
5.629140
5.667680
5.614420
5.613910
5.614290
5.668540
5.662680
5.648980
5.648100
5.620790
5.669670
5.679540
5.672420
5.749970
5.570730
5.710740
5.702120
5.703020
5.702630
5.636510
5.669360
5.566100
5.592630
5.584160
5.606300
5.705790
5.753550
5.644530
5.701330
5.511050
5.744520
5.791410
5.748840
5.644350
5.624510
5.720710
5.688190
5.682220
5.603570
5.592250
5.681770
5.751260
5.745770
5.685700
5.627690
5.683050
5.593500
5.672750
5.596190
5.631430
5.656630
5.627920
5.634460
5.602020
5.640930
5.816920
5.752700
5.702310
5.636740
5.652990
5.717070
5.657080
5.646670
5.531760
5.749450
5.693970
5.646640
5.626680
5.645200
5.693090
5.708980
5.711920
5.613640
5.655570
5.557410
5.671310
5.702940
5.697740
5.722490
5.612420
5.623630
5.679260
5.618520
5.641130
5.633970
5.652070
5.645550
5.587220
5.666730
5.482700
5.685010
5.535400
5.665240
5.668250
5.694680
5.648090
5.655790
5.672620
5.605700
5.765420
5.692990
5.690790
5.752990
5.641320
5.612860
5.575610
5.620240
5.608640
5.581070
5.674700
5.634350
5.751480
5.545030
5.671970
5.684150
5.730660
5.585280
5.729970
5.626060
5.713910
5.708260
5.655190
5.745050
5.628390
5.576030
5.633550
5.618130
5.762000
5.612120
5.723950
5.582810
5.661110
5.637480
5.656290
5.643300
5.724090
5.648260
5.751720
5.665780
5.716550
5.658980
5.720380
5.542880
5.566420
5.686860
5.656420
5.665820
5.596810
5.713520
5.716030
5.698750
5.652610
5.694540
5.627280
5.800010
5.661130
5.788620
5.686960
5.733560
5.607890
5.605040
5.613330
5.771820
5.666030
5.687330
5.627330
5.491110
5.600650
5.791390
5.608890
5.575220
5.540000
5.656420
5.697850
5.633980
5.634130
5.639860
5.624690
5.671730
5.562000
5.736640
5.747600
5.735810
5.617500
5.696080
5.565020
5.549840
5.737750
5.677100
5.520360
5.575760
5.564930
5.683020
5.588490
5.682870
5.635270
5.662520
5.656990
5.662960
5.662680
5.682680
5.726470
5.606190
5.616520
5.510730
5.676280
5.515820
5.764210
5.584520
5.781120
5.621830
5.623310
5.602600
5.639630
5.646040
5.703130
5.695700
5.665430
5.677520
5.616390
5.661550
5.738920
5.662610
5.702420
5.558890
5.694500
5.621320
5.801150
5.711650
5.537960
5.559950
5.750150
5.707290
5.575890
5.708280
5.672700
5.704060
5.723830
5.625350
5.576260
5.576940
5.522890
5.640760
5.648090
5.763300
5.622290
5.697950
5.719100
5.724760
5.571000
5.565360
5.689000
5.682420
5.617650
5.614010
5.645790
5.759200
5.640660
5.587660
5.727850
5.665780
5.576080
5.608930
5.581170
5.640290
5.656950
5.677070
5.641330
5.658220
5.695110
5.534860
5.647120
5.635340
5.595340
5.617180
5.590060
5.806570
5.739370
5.516740
5.617730
5.564080
5.633960
5.649690
5.667820
5.751490
5.606400
5.665590
5.759520
5.690490
5.644260
5.535240
5.708380
5.623780
5.764030
5.570730
5.662290
5.758280
5.679240
5.712010
5.615740
5.640430
5.618440
5.681840
5.608250
5.692190
5.702660
5.626560
5.647610
5.651510
5.678160
5.700750
5.761380
5.612900
5.671380
5.694660
5.684610
5.645300
5.655840
5.583090
5.776950
5.624160
5.598720
5.540350
5.682080
5.648680
5.731280
5.584470
5.559600
5.575930
5.767140
5.740010
5.551060
5.676050
5.696820
5.776160
5.725640
5.728560
5.596080
5.642890
5.643550
5.701750
5.644370
5.623910
5.573530
5.640240
5.621960
5.643990
5.677410
5.682610
5.624880
5.684350
5.626090
5.547250
5.675250
5.811400
5.631230
5.704340
5.629950
5.509080
5.687430
5.623580
5.647830
5.538060
5.686140
5.622400
5.654850
5.598420
5.700180
5.661430
5.780680
5.644120
5.701660
5.649780
5.723000
5.625790
5.755340
5.729810
5.655620
5.675100
5.683340
5.641540
5.600670
5.733910
5.592060
5.625820
5.758830
5.699500
5.823900
5.658350
5.614890
5.725340
5.618730
5.703430
5.684620
5.640990
5.671160
5.665470
5.600980
5.726710
5.839580
5.783500
5.758160
5.617850
5.693910
5.648990
5.691430
5.696790
5.606310
5.633710
5.736910
5.686770
5.709340
5.606130
5.679400
5.684860
5.607190
5.650980
5.710640
5.685120
5.722580
5.700970
5.664740
5.668590
5.486750
5.593190
5.664440
5.567190
5.673250
5.631640
5.626550
5.686510
5.655940
5.748920
5.588860
5.523320
5.634860
5.599010
5.637800
5.614960
5.608140
5.634860
5.656310
5.745120
5.719450
5.619280
5.736040
5.814780
5.692470
5.628180
5.597630
5.660480
5.648950
5.664230
5.709260
5.672180
5.698600
5.682640
5.660250
5.513990
5.630970
5.629230
5.627630
5.627250
5.632430
5.656610
5.683030
5.699110
5.590520
5.677360
5.639910
5.696950
5.614820
5.749920
5.548470
5.616310
5.700620
5.757250
5.635210
5.714250
5.556120
5.577880
5.700910
5.600250
5.673780
5.617760
5.622410
5.693110
5.673640
5.648570
5.665310
5.623220
5.639180
5.691380
5.714200
5.681640
5.557340
5.651110
5.690520
5.589310
5.718180
5.699010
5.664840
5.747670
5.703590
5.571980
5.695390
5.711610
5.596430
5.697250
5.689570
5.565720
5.661160
5.776810
5.671840
5.665100
5.635690
5.628980
5.628200
5.595520
5.606710
5.584110
5.630510
5.669880
5.643740
5.611570
5.706000
5.665550
5.600730
5.706720
5.786780
5.730160
5.805770
5.686030
5.663460
5.628310
5.643220
5.724270
5.699850
5.707430
5.689020
5.696130
5.724750
5.638930
5.722460
5.604200
5.624130
5.546120
5.769550
5.733580
5.546990
5.737380
5.613870
5.696140
5.672050
5.636700
5.677140
5.661710
5.680900
5.668110
5.698830
5.644560
5.578390
5.678150
5.649500
5.681510
5.717620
5.577050
5.669260
5.636960
5.733430
5.660040
5.711910
5.728680
5.683670
5.693550
5.664140
5.747970
5.646610
5.710660
5.765980
5.732180
5.671600
5.691380
5.663020
5.484920
5.638300
5.623080
5.693880
5.617820
5.771570
5.655460
5.560620
5.718220
5.764420
5.661950
5.644460
5.593420
5.574450
5.706130
5.498890
5.600200
5.660210
5.648060
5.656270
5.717000
5.698570
5.605880
5.676530
5.674820
5.732580
5.737510
5.632720
5.670120
5.693070
5.573270
5.727060
5.636860
5.606000
5.576460
5.788500
5.622140
5.696180
5.647240
5.543610
5.641920
5.595860
5.566900
5.663840
5.706300
5.714150
5.643440
5.649720
5.680100
5.636200
5.645890
5.704540
5.668570
5.678700
5.699110
5.658630
5.650500
5.683550
5.700540
5.645140
5.619490
5.720440
5.672970
5.615910
5.532550
5.726590
5.543960
5.609770
5.717700
5.598990
5.688260
5.734320
5.714360
5.698620
5.632780
5.713320
5.651960
5.722570
5.554080
5.590160
5.689300
5.715400
5.672860
5.728690
5.752680
5.741390
5.639350
5.634140
5.600780
5.705270
5.750180
5.714960
5.561460
5.628930
5.623740
5.633750
5.663160
5.613040
5.547600
5.592790
5.622190
5.642270
5.646610
5.678870
5.610350
5.650740
5.684110
5.635850
5.600910
5.636220
5.569110
5.699320
5.675210
5.745040
5.625070
5.723560
5.633910
5.713560
5.705540
5.654090
5.701230
5.599810
5.572800
5.653620
5.693240
5.660840
5.723100
5.709000
5.646550
5.723400
5.662580
5.647980
5.582530
5.740900
5.567430
5.759940
5.733740
5.727190
5.636080
5.590080
5.661410
5.559600
5.650930
5.576150
5.678260
5.807560
5.707200
5.639570
5.696560
5.730930
5.440650
5.620740
5.670480
5.540810
5.554590
5.683550
5.708790
5.570290
5.528040
5.678860
5.708310
5.685860
5.760800
5.637220
5.665270
5.692700
5.697160
5.691590
5.618390
5.614010
5.617220
5.626100
5.683650
5.718580
5.617320
5.524620
5.645820
5.660870
5.771580
5.553790
5.694990
5.706170
5.763260
5.685240
5.628570
5.621310
5.673140
5.697400
5.650020
5.743290
5.733160
5.562300
5.696960
5.709940
5.641520
5.605750
5.609590
5.713250
5.662650
5.612830
5.552280
5.668610
5.568310
5.670990
5.655390
5.671700
5.683070
5.643020
5.601060
5.691970
5.657510
5.680100
5.551920
5.628520
5.657260
5.533970
5.673200
5.618220
5.695850
5.636600
5.677060
5.631100
5.731800
5.629480
5.675840
5.626910
5.696270
5.605340
5.631390
5.620140
5.661800
5.698240
5.765610
5.754410
5.623950
5.652760
5.710560
5.749760
5.626020
5.614350
5.738030
5.712800
5.591880
5.685280
5.678540
5.632420
5.719720
5.616380
5.692270
5.616740
5.629350
5.742900
5.726460
5.540430
5.616910
5.607780
5.697970
5.621860
5.765010
5.702160
5.627510
5.728930
5.710980
5.561460
5.734290
5.641440
5.657610
5.631060
5.680220
5.597910
5.677460
5.629260
5.700890
5.700500
5.602170
5.684860
5.709010
5.757090
5.688640
5.587690
5.727230
5.599430
5.571190
5.657580
5.746420
5.703350
5.617580
5.643380
5.654620
5.575280
5.671140
5.672850
5.671920
5.713480
5.620600
5.640360
5.675580
5.769370
5.565460
5.634180
5.701140
5.655810
5.549290
5.681810
5.678320
5.676140
5.623990
5.596810
5.631420
5.704380
5.642900
5.619440
5.765650
5.766470
5.620740
5.698860
5.695240
5.712430
5.591680
5.606520
5.564950
5.661230
5.667550
5.699260
5.669860
5.629940
5.697310
5.678990
5.763460
5.752240
5.712830
5.577910
5.612920
5.544220
5.669720
5.632470
5.691160
5.625340
5.662140
5.682690
5.635900
5.590560
5.621720
5.651160
5.584840
5.684600
5.695920
5.679250
5.620150
5.617680
5.644470
5.625180
5.637980
5.630050
5.698570
5.750480
5.638950
5.650920
5.644830
5.734150
5.690110
5.550390
5.756190
5.577000
5.649520
5.689990
5.649040
5.703350
5.701030
5.743780
5.679200
5.756090
5.560300
5.624720
5.605010
5.746510
5.652630
5.804670
5.799750
5.649620
5.833710
5.591860
5.581240
5.586840
5.607440
5.557810
5.778010
5.591580
5.763210
5.641100
5.689800
5.702520
5.684520
5.599620
5.637140
5.649410
5.616340
5.548960
5.569490
5.706600
5.720560
5.682500
5.671390
5.649870
5.648580
5.703870
5.525300
5.601950
5.667920
5.813950
5.689010
5.586920
5.662510
5.585050
5.645100
5.747000
5.640700
5.715030
5.668500
5.679970
5.605530
5.708890
5.663950
5.748060
5.635580
5.659390
5.728080
5.610490
5.748290
5.708870
5.744910
5.523740
5.635380
5.689440
5.576660
5.536910
5.674300
5.672260
5.598530
5.661780
5.687990
5.621420
5.699250
5.650250
5.671710
5.656980
5.701530
5.666690
5.692090
5.608740
5.678360
5.722760
5.658310
5.672690
5.544410
5.739920
5.658250
5.589480
5.748250
5.720490
5.574900
5.689110
5.708100
5.618760
5.725750
5.522090
5.556540
5.660940
5.695800
5.603640
5.587910
5.608430
5.658450
5.669060
5.616910
5.698300
5.684710
5.691730
5.589130
5.685280
5.602290
5.579980
5.726960
5.698930
5.730850
5.597530
5.645470
5.642010
5.663190
5.679340
5.711880
5.691340
5.620350
5.657730
5.786700
5.651940
5.696060
5.600460
5.574880
5.701100
5.629460
5.702910
5.655770
5.592080
5.631910
5.561180
5.743550
5.655250
5.605100
5.659950
5.659490
5.585940
5.701450
5.647890
5.580890
5.770730
5.660310
5.656050
5.585420
5.461330
5.700400
5.609850
5.618810
5.718150
5.595830
5.637340
5.679340
5.637390
5.688660
5.722450
5.676950
5.590240
5.635710
5.681010
5.703630
5.583790
5.747350
5.678860
5.700840
5.682920
5.598860
5.606080
5.681520
5.637880
5.638900
5.777880
5.655590
5.684240
5.565250
5.591390
5.737820
5.676080
5.642630
5.589300
5.668030
5.632250
5.612560
5.612100
5.720490
5.669440
5.844920
5.638370
5.729050
5.684420
5.710480
5.663210
5.694140
5.737940
5.679760
5.455640
5.686750
5.762070
5.708440
5.579740
5.574870
5.625610
5.661180
5.604470
5.754310
5.634610
5.618730
5.711480
5.639420
5.625570
5.734770
5.712340
5.657440
5.635010
5.751440
5.569160
5.650920
5.657040
5.679760
5.630250
5.707610
5.714030
5.657810
5.690240
5.564970
5.655360
5.669400
5.634060
5.689310
5.711640
5.539180
5.719070
5.688520
5.807600
5.756200
5.686540
5.735580
5.741840
5.750180
5.583900
5.612750
5.615360
5.656840
5.584250
5.721740
5.643690
5.658760
5.670260
5.758780
5.689630
5.595480
5.691390
5.691430
5.657220
5.501090
5.580450
5.637590
5.626820
5.564610
5.636810
5.637630
5.677680
5.671200
5.660310
5.569660
5.663990
5.744090
5.615130
5.602740
5.688800
5.805410
5.682450
5.575850
5.626020
5.722610
5.669780
5.600110
5.597710
5.648760
5.614500
5.693370
5.628400
5.631030
5.699340
5.670590
5.657530
5.570480
5.714790
5.583750
5.665590
5.650020
5.609500
5.677140
5.646000
5.451860
5.643160
5.706340
5.559080
5.742860
5.664030
5.654970
5.688210
5.600820
5.774080
5.671150
5.621430
5.727870
5.563710
5.622000
5.725590
5.597470
5.684040
5.580900
5.631150
5.679110
5.807450
5.703940
5.645020
5.725640
5.689320
5.706890
5.748460
5.626680
5.674080
5.664800
5.688630
5.611300
5.585630
5.723410
5.713300
5.603750
5.618430
5.719690
5.815680
5.684490
5.497610
5.624900
5.610280
5.657780
5.726420
5.717700
5.674790
5.678240
5.726240
5.886590
5.674950
5.592740
5.769510
5.775450
5.752860
5.671490
5.651820
5.701380
5.648970
5.714050
5.582940
5.634640
5.673000
5.666560
5.564750
5.659350
5.647010
5.691390
5.673980
5.724650
5.659700
5.597700
5.577860
5.504730
5.745610
5.712760
5.671170
5.560380
5.707940
5.573070
5.621470
5.656670
5.682360
5.832560
5.560380
5.642570
5.661440
5.703400
5.680120
5.627910
5.688530
5.788070
5.599150
5.661040
5.569740
5.747800
5.780640
5.751960
5.629850
5.700100
5.522050
5.677640
5.649790
5.628460
5.713000
5.700760
5.517300
5.619010
5.532590
5.526900
5.675130
5.627620
5.583920
5.672750
5.642120
5.539270
5.578310
5.651360
5.573110
5.624800
5.640430
5.716350
5.684360
5.649240
5.638960
5.694390
5.678880
5.578320
5.704890
5.686920
5.723920
5.738240
5.675070
5.697950
5.764990
5.601400
5.715170
5.756180
5.701150
5.711070
5.658480
5.567450
5.638620
5.573130
5.643840
5.570610
5.713810
5.625450
5.584450
5.704160
5.571150
5.697940
5.692770
5.691700
5.683200
5.809620
5.715170
5.612100
5.677690
5.608430
5.752680
5.617200
5.793160
5.702240
5.746870
5.621850
5.725560
5.682910
5.730090
5.632880
5.788010
5.800280
5.831970
5.601000
5.692050
5.777770
5.749900
5.627160
5.765580
5.603880
5.661270
5.600610
5.664500
5.543390
5.729920
5.611480
5.719160
5.739910
5.734620
5.702540
5.754970
5.660830
5.615010
5.663060
5.760690
5.739710
5.657510
5.653830
5.682610
5.658790
5.733500
5.711330
5.650570
5.708000
5.734070
5.623810
5.600500
5.620160
5.619330
5.578190
5.558350
5.564780
5.564820
5.703010
5.598990
5.631240
5.629140
5.518500
5.595440
5.628090
5.658760
5.635630
5.661380
5.677030
5.669560
5.664140
5.759010
5.741590
5.627630
5.753490
5.640980
5.658790
5.627940
5.678280
5.705320
5.551220
5.684260
5.684030
5.715630
5.615260
5.666950
5.629940
5.591940
5.642670
5.671250
5.645470
5.595180
5.665250
5.679300
5.759280
5.668260
5.755230
5.627880
5.729880
5.734090
5.675130
5.725380
5.674200
5.542630
5.654330
5.617900
5.649900
5.726200
5.727430
5.642460
5.677710
5.574970
5.605770
5.753490
5.681240
5.621600
5.587500
5.745080
5.661820
5.662200
5.699420
5.611490
5.664820
5.683300
5.621890
5.627330
5.617520
5.736130
5.606800
5.636670
5.647930
5.633970
5.583620
5.615740
5.709620
5.753610
5.705900
5.636440
5.750120
5.734030
5.642710
5.512480
5.639770
5.588450
5.718080
5.674850
5.699190
5.643610
5.612270
5.638980
5.630490
5.671250
5.570190
5.616600
5.685190
5.619610
5.660190
5.737850
5.669950
5.638110
5.700200
5.698010
5.616810
5.592070
5.623980
5.716000
5.697170
5.687720
5.621670
5.699590
5.603950
5.505570
5.603000
5.666130
5.630920
5.527560
5.630540
5.660890
5.515700
5.668090
5.590600
5.618570
5.637220
5.640250
5.729480
5.685180
5.719300
5.584390
5.628340
5.601440
5.695090
5.640610
5.554860
5.664600
5.677410
5.683020
5.731330
5.594500
5.546170
5.737570
5.717280
5.723050
5.680440
5.547620
5.631750
5.680850
5.681310
5.667370
5.619210
5.722010
5.687470
5.586090
5.591960
5.753430
5.707430
5.645710
5.629960
5.503570
5.688350
5.662270
5.756070
5.695080
5.627540
5.646660
5.686990
5.730140
5.637650
5.686960
5.513250
5.711940
5.761470
5.692620
5.653540
5.723110
5.681630
5.654090
5.697860
5.704160
5.621410
5.743180
5.621450
5.610880
5.566040
5.683510
5.665990
5.731060
5.670570
5.717390
5.547620
5.674910
5.735420
5.631140
5.746540
5.627260
5.665910
5.530910
5.608860
5.604880
5.726410
5.658970
5.596180
5.622780
5.714470
5.661720
5.635360
5.736910
5.651830
5.672170
5.629350
5.667700
5.690720
5.590380
5.707360
5.828860
5.664160
5.552850
5.666240
5.702000
5.732640
5.594950
5.592390
5.546660
5.802610
5.632430
5.635040
5.610470
5.719510
5.660500
5.734170
5.691670
5.659920
5.541900
5.672350
5.614810
5.624780
5.628250
5.649260
5.633000
5.726690
5.720370
5.705550
5.647720
5.752880
5.752930
5.772350
5.679110
5.598520
5.669110
5.592970
5.640000
5.697740
5.666480
5.595870
5.719320
5.744660
5.610230
5.756740
5.710710
5.727410
5.738480
5.741650
5.751720
5.706100
5.648140
5.687060
5.731620
5.687960
5.533040
5.641770
5.759030
5.657840
5.678830
5.900610
5.602970
5.669320
5.634940
5.574830
5.639330
5.618930
5.625980
5.658180
5.647200
5.668760
5.760420
5.650740
5.683100
5.729100
5.597280
5.650810
5.702670
5.708860
5.717010
5.695290
5.696860
5.680600
5.718500
5.628010
5.606690
5.593060
5.643800
5.625410
5.618980
5.551910
5.687360
5.597570
5.687060
5.668120
5.582530
5.788220
5.684770
5.636080
5.620030
5.777160
5.681430
5.774170
5.730530
5.631930
5.794030
5.818520
5.654630
5.588050
5.614080
5.563850
5.662700
5.745190
5.592190
5.697990
5.695000
5.724830
5.671110
5.660050
5.682600
5.714960
5.671700
5.641090
5.711240
5.665090
5.692950
5.619050
5.685020
5.694550
5.727200
5.660070
5.711970
5.691480
5.767060
5.762850
5.621970
5.578610
5.714820
5.665940
5.683010
5.608050
5.561750
5.630210
5.658370
5.618530
5.703000
5.616710
5.687070
5.624240
5.742280
5.598320
5.792480
5.686370
5.651270
5.709150
5.691000
5.655100
5.553920
5.673340
5.716420
5.687600
5.675950
5.725060
5.740440
5.670050
5.651830
5.689910
5.608920
5.687570
5.694900
5.685020
5.717550
5.661000
5.610750
5.648350
5.656760
5.669890
5.796210
5.690340
5.642700
5.626380
5.660250
5.720270
5.636120
5.642180
5.562550
5.495530
5.707800
5.716050
5.672360
5.816110
5.674480
5.734130
5.730740
5.583240
5.634130
5.608170
5.673490
5.714320
5.641370
5.600840
5.681900
5.678200
5.742420
5.734990
5.671300
5.588100
5.659980
5.555770
5.613570
5.766440
5.706890
5.630160
5.686370
5.640020
5.638810
5.629400
5.607750
5.706890
5.640520
5.708110
5.724100
5.726750
5.772380
5.595010
5.670120
5.673780
5.698230
5.611660
5.727520
5.623730
5.624630
5.661720
5.647280
5.659910
5.701150
5.662010
5.625030
5.586500
5.582530
5.723740
5.722080
5.650680
5.664420
5.651310
5.629640
5.696520
5.628780
5.710010
5.648900
5.819520
5.723360
5.736600
5.670450
5.662500
5.755890
5.657200
5.667970
5.624880
5.619800
5.540800
5.737960
5.595980
5.636960
5.708000
5.696040
5.611470
5.768870
5.698580
5.706790
5.717380
5.577130
5.570160
5.527460
5.764070
5.640270
5.579400
5.492360
5.700940
5.718830
5.603560
5.710510
5.546540
5.681180
5.698560
5.701560
5.547880
5.653650
5.591430
5.670520
5.805800
5.845180
5.620110
5.628070
5.742680
5.692830
5.742090
5.656340
5.660210
5.691520
5.617980
5.781860
5.656240
5.645150
5.647170
5.766080
5.691180
5.684190
5.749710
5.719970
5.752810
5.671040
5.690200
5.679830
5.696160
5.659810
5.664860
5.720370
5.629460
5.580630
5.757850
5.750650
5.685200
5.661950
5.651130
5.672970
5.640790
5.703450
5.753030
5.740360
5.646950
5.730390
5.789870
5.646860
5.728550
5.663820
5.579600
5.702010
5.650060
5.615740
5.577350
5.705190
5.658960
5.720060
5.669020
5.604670
5.707070
5.586500
5.594320
5.614560
5.758270
5.658930
5.691280
5.694570
5.651420
5.661260
5.646330
5.605220
5.674170
5.731140
5.716830
5.593990
5.708210
5.615280
5.630800
5.651500
5.738570
5.659050
5.621280
5.708780
5.627980
5.627750
5.754010
5.660860
5.628070
5.593220
5.806430
5.605970
5.627980
5.591950
5.660110
5.732910
5.660010
5.659760
5.699460
5.716250
5.613490
5.580300
5.569390
5.628520
5.630040
5.602270
5.695640
5.636300
5.692030
5.737980
5.762820
5.638210
5.657060
5.721240
5.691280
5.684320
5.708740
5.733970
5.725820
5.764510
5.593600
5.581810
5.686450
5.620140
5.678110
5.710580
5.613550
5.636300
5.760980
5.668140
5.680120
5.713910
5.604780
5.580740
5.687940
5.831270
5.663010
5.762770
5.634710
5.734990
5.616380
5.704500
5.619310
5.681700
5.612870
5.708430
5.730400
5.568600
5.682950
5.726520
5.630520
5.672540
5.676880
5.751090
5.628160
5.657620
5.671850
5.647170
5.659970
5.666950
5.709870
5.728810
5.673680
5.642120
5.574960
5.731980
5.617020
5.650630
5.789750
5.716360
5.782130
5.633590
5.639530
5.606440
5.735500
5.718880
5.665800
5.664880
5.646120
5.709010
5.519340
5.679750
5.596930
5.565180
5.635640
5.598320
5.711640
5.670720
5.675490
5.640400
5.576920
5.712110
5.654500
5.613060
5.603750
5.601900
5.653420
5.683640
5.624810
5.578150
5.566540
5.623760
5.740940
5.745150
5.665350
5.747270
5.588100
5.709030
5.753820
5.737650
5.626490
5.732190
5.760170
5.712200
5.667260
5.746220
5.773680
5.672310
5.631400
5.528070
5.699180
5.724660
5.684290
5.711340
5.639200
5.650990
5.760380
5.596410
5.689930
5.639950
5.668910
5.792730
5.715840
5.596120
5.649430
5.569740
5.720800
5.610730
5.668780
5.732540
5.678920
5.659420
5.663850
5.647300
5.636020
5.640240
5.643820
5.618390
5.597780
5.574270
5.642660
5.674850
5.669300
5.621310
5.701600
5.635820
5.663010
5.609100
5.736750
5.708840
5.632420
5.760250
5.632590
5.714390
5.695570
5.616760
5.583410
5.608450
5.616730
5.638950
5.606770
5.726600
5.851440
5.745080
5.710450
5.627450
5.586870
5.729260
5.624520
5.670760
5.679630
5.715640
5.711500
5.725920
5.620080
5.684460
5.646040
5.531800
5.678030
5.592300
5.599930
5.739640
5.722730
5.652970
5.612300
5.664720
5.687770
5.493390
5.659710
5.566370
5.719380
5.732430
5.785840
5.748790
5.660470
5.689110
5.699370
5.706280
5.669650
5.700060
5.692920
5.584740
5.684100
5.646690
5.675480
5.691730
5.665260
5.766290
5.704860
5.714320
5.621350
5.654710
5.768580
5.728750
5.657560
5.612160
5.655530
5.571950
5.696330
5.685560
5.743790
5.682280
5.627730
5.669730
5.709450
5.729490
5.630070
5.625010
5.675120
5.591330
5.512250
5.774650
5.625710
5.797640
5.699490
5.664000
5.607750
5.712070
5.663800
5.588920
5.725550
5.776150
5.592540
5.590690
5.696020
5.760760
5.675060
5.595680
5.587960
5.480460
5.650560
5.756250
5.654310
5.780670
5.736220
5.689700
5.599780
5.561380
5.564780
5.766900
5.625430
5.606960
5.659990
5.724820
5.634050
5.620220
5.708850
5.622900
5.610520
5.668600
5.711970
5.662010
5.794660
5.647740
5.612250
5.683760
5.675550
5.647780
5.713190
5.661390
5.655530
5.786000
5.688250
5.520060
5.608190
5.579220
5.670500
5.705570
5.664070
5.615220
5.647780
5.642610
5.662640
5.773680
5.755370
5.736100
5.494590
5.742400
5.654340
5.661350
5.627000
5.591560
5.588700
5.619250
5.621120
5.633060
5.482700
5.614790
5.648730
5.626450
5.735810
5.783610
5.735420
5.665670
5.649030
5.642210
5.701330
5.497030
5.717460
5.744830
5.688470
5.596300
5.595070
5.714920
5.683810
5.559630
5.689180
5.625100
5.680470
5.727090
5.840330
5.684310
5.675950
5.585360
5.669400
5.700750
5.652670
5.647070
5.604150
5.628150
5.664400
5.711100
5.676110
5.698560
5.562130
5.745630
5.581600
5.539480
5.684030
5.608510
5.631950
5.763750
5.689150
5.710090
5.660110
5.721200
5.622720
5.728810
5.738240
5.633590
5.709630
5.660650
5.625260
5.613540
5.753570
5.759220
5.665860
5.743810
5.637480
5.584930
5.660070
5.753530
5.648060
5.779610
5.668000
5.614040
5.506090
5.556470
5.554250
5.684080
5.618460
5.713370
5.683750
5.713140
5.734790
5.721550
5.619280
5.716000
5.676860
5.550850
5.769660
5.650730
5.585250
5.661030
5.525950
5.581770
5.591150
5.661120
5.609280
5.711620
5.751960
5.683350
5.680670
5.654320
5.636720
5.643260
5.835940
5.674680
5.711610
5.670210
5.763470
5.676280
5.780380
5.669820
5.685660
5.567820
5.819270
5.602910
5.639320
5.722610
5.778800
5.738700
5.677970
5.671860
5.662690
5.773890
5.703730
5.688460
5.658430
5.784360
5.743480
5.679990
5.735570
5.753890
5.586190
5.594120
5.579750
5.680710
5.593440
5.809540
5.734310
5.709780
5.566780
5.686740
5.587770
5.774020
5.671830
5.700760
5.690750
5.569040
5.745700
5.623630
5.637990
5.644490
5.587050
5.722470
5.567290
5.666270
5.494640
5.612520
5.712350
5.657280
5.565310
5.627720
5.623340
5.682470
5.678050
5.652210
5.647300
5.632750
5.550030
5.692650
5.581470
5.695120
5.691000
5.682970
5.636190
5.747120
5.733370
5.565970
5.702410
5.597570
5.708320
5.615630
5.597300
5.699500
5.594370
5.668080
5.484630
5.633600
5.702260
5.675500
5.708510
5.702640
5.673110
5.732890
5.682340
5.744950
5.703480
5.729190
5.756960
5.674810
5.661960
5.759650
5.518080
5.623090
5.700100
5.642960
5.648420
5.541900
5.696320
5.649960
5.590530
5.598000
5.689900
5.713090
5.626500
5.700670
5.581900
5.668240
5.641090
5.753750
5.632510
5.607280
5.600020
5.723670
5.640250
5.654860
5.679160
5.597290
5.677520
5.652840
5.604620
5.576680
5.543170
5.576580
5.588340
5.711540
5.666990
5.629710
5.668060
5.751600
5.649910
5.727880
5.623360
5.667980
5.687210
5.677690
5.726770
5.687920
5.723250
5.682850
5.523450
5.691010
5.732560
5.614880
5.713330
5.695950
5.618820
5.690620
5.695910
5.593600
5.661430
5.671950
5.698950
5.734840
5.669040
5.622730
5.598250
5.560660
5.589930
5.578080
5.655510
5.673790
5.668360
5.715100
5.661430
5.710860
5.716290
5.567440
5.553640
5.669780
5.691580
5.691660
5.656130
5.611580
5.674430
5.746430
5.659950
5.668860
5.638320
5.664430
5.665960
5.695350
5.621300
5.549710
5.586070
5.595150
5.705240
5.630920
5.667870
5.633670
5.623610
5.624470
5.587740
5.645190
5.646390
5.708750
5.639580
5.625750
5.616560
5.727710
5.741520
5.610710
5.574410
5.573840
5.647820
5.698110
5.747020
5.766190
5.618200
5.752310
5.682550
5.727040
5.655530
5.588950
5.588950
