5.664510
5.762350
5.673890
5.694020
5.621260
5.598710
5.629050
5.767520
5.714450
5.542780
5.551370
5.562260
5.753080
5.533500
5.570620
5.605780
5.677950
5.704720
5.660700
5.643500
5.647690
5.648970
5.734450
5.668670
5.644310
5.651430
5.659070
5.705520
5.645240
5.652530
5.675950
5.583030
5.695250
5.699830
5.634860
5.618040
5.682360
5.582040
5.644600
5.667940
5.660370
5.664090
5.618310
5.717980
5.699360
5.646320
5.744240
5.640870
5.668340
5.595480
5.717480
5.705470
5.699100
5.547120
5.687510
5.560540
5.776940
5.679200
5.591860
5.731330
5.678660
5.585320
5.622370
5.732960
5.626360
5.620310
5.694710
5.637010
5.574740
5.615180
5.670860
5.628610
5.615360
5.608380
5.711970
5.613280
5.674160
5.641770
5.631150
5.682470
5.683180
5.605880
5.555010
5.516830
5.611590
5.713040
5.626350
5.663540
5.653580
5.684360
5.684960
5.619470
5.721120
5.745510
5.660910
5.726590
5.745390
5.655310
5.637650
5.686720
5.681370
5.704750
5.618390
5.781030
5.574470
5.722520
5.612090
5.640560
5.569610
5.590910
5.607940
5.626160
5.722030
5.735340
5.626820
5.776430
5.557750
5.692140
5.748860
5.685170
5.609830
5.726180
5.602960
5.690200
5.676500
5.747460
5.663450
5.639160
5.528430
5.788870
5.602500
5.678540
5.607870
5.647270
5.626270
5.569840
5.573510
5.680460
5.578200
5.710370
5.538100
5.725180
5.647360
5.632930
5.649460
5.759920
5.660650
5.672320
5.604260
5.645510
5.697990
5.574170
5.750250
5.674670
5.675910
5.647550
5.562810
5.577430
5.590780
5.666010
5.518550
5.750680
5.644310
5.750950
5.670800
5.570000
5.649950
5.682820
5.659290
5.637030
5.634000
5.695490
5.647380
5.721350
5.679170
5.701120
5.719830
5.610310
5.665580
5.755310
5.609660
5.644110
5.617570
5.659020
5.678360
5.665690
5.789940
5.801900
5.664550
5.691940
5.617290
5.664820
5.664280
5.564330
5.627130
5.696440
5.687350
5.627740
5.568740
5.626900
5.644410
5.775770
5.672130
5.598900
5.657540
5.628920
5.656030
5.663480
5.687550
5.617850
5.621070
5.613270
5.646660
5.700140
5.617490
5.601100
5.659930
5.686960
5.536830
5.668280
5.595700
5.699940
5.497360
5.674190
5.608440
5.574900
5.719890
5.632210
5.670510
5.630620
5.628870
5.669010
5.626850
5.742460
5.633440
5.637540
5.658500
5.634660
5.715790
5.641600
5.620020
5.665300
5.590500
5.702530
5.644140
5.698550
5.714280
5.698300
5.666890
5.652130
5.620880
5.584130
5.588690
5.716420
5.666310
5.769090
5.689890
5.677600
5.570510
5.657240
5.573990
5.686300
5.679380
5.642860
5.654810
5.704660
5.660360
5.730410
5.720290
5.749720
5.665430
5.677590
5.589080
5.682720
5.635280
5.644760
5.727860
5.642480
5.599520
5.633190
5.689820
5.660460
5.630850
5.716430
5.633640
5.709790
5.679900
5.634360
5.706430
5.736830
5.716740
5.627700
5.718380
5.639520
5.654410
5.578510
5.619410
5.805880
5.745290
5.671760
5.673580
5.693250
5.675390
5.769600
5.731390
5.666240
5.669430
5.567540
5.716260
5.635430
5.660840
5.688650
5.694580
5.558870
5.637120
5.571810
5.643210
5.607690
5.641140
5.610960
5.687280
5.733830
5.749080
5.656750
5.763110
5.614870
5.610970
5.665230
5.743210
5.648800
5.641430
5.738790
5.621040
5.676030
5.632460
5.735150
5.613490
5.682410
5.757740
5.727770
5.681650
5.615020
5.575030
5.650240
5.719910
5.683330
5.632910
5.578340
5.656220
5.645920
5.732490
5.623890
5.653770
5.820100
5.756850
5.644040
5.735490
5.620680
5.654130
5.646710
5.673780
5.595000
5.775220
5.589590
5.744910
5.510820
5.637260
5.654230
5.630450
5.627380
5.750560
5.705720
5.722700
5.643400
5.633790
5.645010
5.700090
5.680540
5.654700
5.747520
5.653510
5.624690
5.592730
5.619800
5.752040
5.715560
5.575690
5.630510
5.707070
5.569540
5.703100
5.704420
5.619990
5.644140
5.563910
5.647080
5.637310
5.761580
5.629790
5.718100
5.819350
5.651950
5.649900
5.597610
5.652970
5.668920
5.456350
5.593380
5.716720
5.739680
5.627680
5.622950
5.691680
5.655120
5.748790
5.600120
5.655440
5.662720
5.577160
5.625620
5.683710
5.670620
5.560910
5.556610
5.661820
5.644460
5.735940
5.708750
5.616130
5.652090
5.595660
5.618780
5.700080
5.764250
5.702400
5.696420
5.636920
5.579140
5.543880
5.786650
5.655720
5.593900
5.610150
5.704040
5.680830
5.628910
5.805870
5.656840
5.651390
5.756800
5.729950
5.686600
5.645440
5.583590
5.566720
5.577600
5.650510
5.613770
5.643480
5.746140
5.640620
5.699580
5.744940
5.747990
5.752940
5.745040
5.665140
5.616160
5.614750
5.642430
5.624530
5.645580
5.697720
5.717900
5.607700
5.644320
5.702470
5.767860
5.579830
5.672320
5.660030
5.660920
5.662250
5.526500
5.714640
5.604470
5.624440
5.662110
5.700380
5.626290
5.518300
5.652800
5.613020
5.598520
5.733200
5.582760
5.688480
5.725450
5.748370
5.579040
5.701020
5.560300
5.744680
5.720940
5.739580
5.643440
5.739960
5.718230
5.759120
5.626260
5.697400
5.666890
5.625250
5.569990
5.674820
5.755730
5.635590
5.617240
5.736840
5.678060
5.688270
5.741890
5.667240
5.618670
5.697640
5.637020
5.584740
5.722410
5.713500
5.811340
5.581980
5.630450
5.739470
5.623990
5.662160
5.623910
5.642750
5.698560
5.652710
5.689800
5.673810
5.591100
5.652150
5.635010
5.562060
5.561690
5.624890
5.722190
5.658700
5.671780
5.706280
5.622110
5.821010
5.788020
5.764710
5.654810
5.677380
5.695320
5.584540
5.712130
5.759580
5.671710
5.750720
5.607590
5.680500
5.625070
5.648480
5.582080
5.548430
5.627310
5.759580
5.664280
5.636570
5.656330
5.636340
5.658630
5.581080
5.584800
5.579780
5.708170
5.674030
5.786550
5.630950
5.680090
5.589500
5.676580
5.803450
5.672150
5.727150
5.622350
5.666900
5.536470
5.709530
5.758070
5.733860
5.582550
5.677060
5.711410
5.682810
5.697800
5.685630
5.596120
5.739910
5.823430
5.621210
5.686690
5.639360
5.650870
5.689250
5.724640
5.663450
5.542530
5.708530
5.758930
5.654910
5.653360
5.646730
5.575160
5.571800
5.737030
5.627710
5.668510
5.650850
5.653920
5.536140
5.725250
5.666300
5.600900
5.646170
5.651100
5.582110
5.764640
5.621560
5.608200
5.739850
5.647860
5.547820
5.744630
5.740860
5.632380
5.631980
5.525230
5.664820
5.669190
5.626960
5.637270
5.755870
5.752640
5.629960
5.625360
5.637620
5.525060
5.719520
5.696220
5.640820
5.644140
5.711610
5.611280
5.648000
5.784160
5.714090
5.658120
5.692400
5.677940
5.674650
5.604510
5.636970
5.656830
5.696070
5.677740
5.711920
5.710860
5.692700
5.605130
5.662820
5.679460
5.681190
5.473980
5.608590
5.668350
5.703530
5.743130
5.657900
5.659670
5.718860
5.606160
5.567790
5.588990
5.683820
5.714790
5.618020
5.619770
5.613960
5.628340
5.735820
5.665560
5.678800
5.784110
5.632390
5.747880
5.830160
5.643810
5.664880
5.723850
5.640490
5.652320
5.494810
5.728310
5.651560
5.736330
5.574480
5.719380
5.783710
5.646560
5.655550
5.633940
5.676110
5.585050
5.659150
5.624850
5.663310
5.703710
5.651760
5.737130
5.705960
5.669870
5.604130
5.855450
5.629690
5.738760
5.704550
5.698260
5.586780
5.629390
5.660750
5.676610
5.765530
5.661620
5.797160
5.607450
5.651720
5.807580
5.688380
5.613790
5.659990
5.551790
5.745570
5.489830
5.670450
5.686100
5.621620
5.743650
5.607050
5.699130
5.606930
5.620200
5.765130
5.589310
5.623260
5.681240
5.653190
5.641090
5.702860
5.622410
5.666770
5.726660
5.709310
5.629300
5.697590
5.632130
5.644580
5.712650
5.651040
5.687040
5.598100
5.660440
5.632490
5.782150
5.594180
5.618050
5.676990
5.707950
5.765290
5.553550
5.576660
5.674000
5.695100
5.627120
5.553630
5.684860
5.721110
5.621960
5.648370
5.723980
5.715760
5.690300
5.511890
5.766670
5.587920
5.686230
5.729830
5.606640
5.563310
5.605960
5.764020
5.669120
5.643940
5.649220
5.739060
5.727700
5.667050
5.678360
5.653140
5.746880
5.633550
5.640910
5.605040
5.656980
5.688580
5.661590
5.671600
5.602200
5.717100
5.673750
5.713600
5.704770
5.590450
5.605330
5.663230
5.610060
5.604970
5.499350
5.747560
5.657910
5.498000
5.654020
5.711920
5.687460
5.570590
5.656390
5.560360
5.641160
5.739450
5.746100
5.660830
5.662650
5.719270
5.697670
5.603950
5.654640
5.436150
5.734220
5.563120
5.587340
5.638260
5.675700
5.754400
5.602030
5.726220
5.519170
5.616150
5.621190
5.638830
5.562580
5.675800
5.772200
5.586880
5.775900
5.572210
5.750410
5.703640
5.694620
5.700480
5.761170
5.621100
5.686160
5.889630
5.681270
5.636430
5.646140
5.846060
5.748870
5.602670
5.702040
5.529930
5.774720
5.679760
5.650160
5.665920
5.678050
5.638660
5.652560
5.572780
5.697450
5.719400
5.649740
5.645060
5.704590
5.655160
5.645580
5.613910
5.656450
5.566380
5.681240
5.719150
5.799560
5.605990
5.617380
5.649330
5.727890
5.692180
5.617640
5.688620
5.776470
5.651800
5.613230
5.588300
5.720970
5.673510
5.730810
5.629180
5.590270
5.704340
5.694820
5.693200
5.740770
5.574780
5.640290
5.594580
5.633790
5.665580
5.611640
5.609550
5.655970
5.630040
5.612070
5.593180
5.598080
5.764100
5.621140
5.610850
5.707890
5.626210
5.566900
5.696240
5.702290
5.751070
5.630130
5.635410
5.680780
5.683420
5.689000
5.618160
5.660340
5.692440
5.617370
5.633400
5.514330
5.597780
5.698080
5.611470
5.734650
5.646750
5.664710
5.621020
5.691750
5.645170
5.678700
5.652920
5.654330
5.683490
5.624070
5.630540
5.784870
5.597170
5.694660
5.558420
5.597850
5.710270
5.668850
5.662520
5.714860
5.580100
5.733490
5.614830
5.627970
5.590780
5.697190
5.738210
5.608660
5.686500
5.575910
5.680570
5.665050
5.679250
5.604730
5.637970
5.678900
5.605360
5.714060
5.680050
5.622490
5.545750
5.638280
5.754810
5.468570
5.649720
5.671480
5.759870
5.756400
5.687870
5.632550
5.682600
5.684620
5.552730
5.681650
5.459800
5.712620
5.667870
5.633780
5.722040
5.673860
5.692330
5.745400
5.703530
5.666010
5.684080
5.692410
5.635150
5.651200
5.697220
5.693910
5.598510
5.652710
5.650140
5.690360
5.668750
5.580860
5.548780
5.758830
5.676750
5.619060
5.703790
5.658450
5.787860
5.675130
5.645270
5.668660
5.633390
5.684170
5.646000
5.528010
5.689410
5.684440
5.652550
5.562340
5.716040
5.753540
5.645550
5.570750
5.611700
5.596740
5.691360
5.609280
5.697420
5.812830
5.631190
5.676030
5.624320
5.689110
5.670040
5.680100
5.632170
5.573350
5.691500
5.757810
5.670680
5.599210
5.666760
5.673340
5.650510
5.664610
5.720470
5.627830
5.687350
5.627820
5.662390
5.590700
5.713560
5.657710
5.651050
5.653050
5.767800
5.714380
5.614490
5.641430
5.729240
5.729510
5.700000
5.607180
5.673970
5.711690
5.684310
5.599380
5.634200
5.604510
5.699690
5.690940
5.721390
5.618510
5.615080
5.638770
5.694400
5.607480
5.639800
5.599100
5.737100
5.782390
5.686920
5.667200
5.625000
5.601180
5.649070
5.654240
5.797170
5.733350
5.698050
5.669690
5.647270
5.659390
5.736140
5.740710
5.608620
5.624320
5.702190
5.666380
5.697730
5.615840
5.634250
5.614890
5.719160
5.702540
5.628580
5.748900
5.617130
5.725250
5.627490
5.670240
5.659040
5.626960
5.747920
5.702640
5.641710
5.664850
5.665530
5.730200
5.670980
5.666430
5.681760
5.670150
5.653440
5.610530
5.612570
5.668940
5.638670
5.641770
5.690730
5.601010
5.678380
5.582410
5.572310
5.823700
5.667380
5.630020
5.591640
5.646170
5.683660
5.654700
5.772940
5.575310
5.660040
5.730930
5.737970
5.591940
5.601200
5.699100
5.717250
5.618160
5.686090
5.644620
5.628320
5.657580
5.705870
5.597130
5.630450
5.674390
5.698820
5.587010
5.553390
5.692950
5.567410
5.635050
5.590130
5.738590
5.663360
5.677930
5.592750
5.687750
5.614290
5.643680
5.711130
5.662710
5.533540
5.663730
5.704000
5.728180
5.648640
5.622780
5.596560
5.747430
5.587970
5.712130
5.578370
5.679780
5.583280
5.624000
5.710000
5.647550
5.614640
5.640210
5.747960
5.777030
5.666210
5.604680
5.590150
5.815580
5.767170
5.652390
5.673660
5.715290
5.656020
5.483150
5.622570
5.522620
5.671880
5.586710
5.711060
5.678520
5.574160
5.810250
5.651490
5.698440
5.736010
5.521810
5.632610
5.615270
5.687100
5.595050
5.749950
5.627770
5.764040
5.701860
5.524500
5.704950
5.678690
5.653600
5.655200
5.678560
5.529870
5.632980
5.582920
5.769940
5.758420
5.735720
5.678560
5.652760
5.740780
5.756480
5.686140
5.589990
5.702280
5.650670
5.705270
5.690540
5.605860
5.828770
5.691200
5.644540
5.559770
5.635350
5.572450
5.740180
5.750690
5.569580
5.665560
5.813780
5.630750
5.614980
5.773820
5.604100
5.563040
5.613700
5.682420
5.687540
5.631410
5.742140
5.625030
5.650920
5.632310
5.611850
5.612690
5.578550
5.763810
5.739220
5.604190
5.521900
5.678820
5.745880
5.657350
5.632820
5.628270
5.713600
5.571710
5.620200
5.784730
5.784010
5.700040
5.649330
5.609540
5.710360
5.600520
5.682680
5.643560
5.664340
5.617650
5.577920
5.687180
5.764190
5.608540
5.774130
5.717080
5.605240
5.692680
5.761070
5.654200
5.597670
5.637670
5.724080
5.557750
5.713980
5.662940
5.703180
5.679300
5.767420
5.658190
5.664630
5.725090
5.605480
5.587430
5.650310
5.727990
5.621670
5.593490
5.653950
5.689120
5.648260
5.758760
5.608660
5.766800
5.641590
5.632470
5.603720
5.702400
5.603640
5.646320
5.741530
5.673560
5.545340
5.651770
5.719620
5.742060
5.707950
5.732740
5.734330
5.740090
5.789160
5.627460
5.669220
5.558180
5.731540
5.609900
5.723290
5.689150
5.599360
5.718200
5.612970
5.737290
5.623430
5.665970
5.647670
5.675710
5.728960
5.643390
5.641460
5.687290
5.707750
5.754660
5.755340
5.724020
5.578780
5.674590
5.588940
5.621590
5.662360
5.665510
5.616260
5.560130
5.606680
5.656220
5.645860
5.755570
5.652610
5.643150
5.650380
5.668580
5.662870
5.654110
5.756740
5.636730
5.663140
5.604430
5.740020
5.663290
5.630580
5.655200
5.536790
5.741360
5.666150
5.775130
5.585200
5.765770
5.767030
5.668950
5.643340
5.575700
5.721340
5.712350
5.538000
5.655660
5.654360
5.653850
5.637820
5.649040
5.629660
5.599550
5.676220
5.634820
5.789180
5.558930
5.625560
5.648030
5.779810
5.634390
5.672320
5.665130
5.618980
5.699490
5.568220
5.669330
5.647220
5.732820
5.654620
5.682790
5.664130
5.677920
5.628540
5.570130
5.668280
5.689700
5.750200
5.706400
5.647660
5.617090
5.567940
5.717790
5.573290
5.796610
5.522290
5.688920
5.707560
5.626300
5.744570
5.688860
5.544470
5.622850
5.660420
5.657960
5.599220
5.536960
5.701250
5.621430
5.641110
5.561200
5.707450
5.623250
5.604110
5.558730
5.715240
5.554420
5.743810
5.566970
5.683670
5.735450
5.700980
5.731750
5.739610
5.692290
5.664430
5.646550
5.799930
5.609810
5.585050
5.676500
5.701290
5.551520
5.730240
5.582820
5.664680
5.650350
5.692340
5.645900
5.772790
5.661530
5.721610
5.739170
5.732180
5.659050
5.562350
5.640100
5.519990
5.640710
5.791390
5.734610
5.705920
5.670900
5.602540
5.642180
5.667640
5.643040
5.576760
5.804240
5.673590
5.656560
5.569710
5.713710
5.626540
5.745940
5.647320
5.827600
5.680620
5.668440
5.588050
5.662900
5.639790
5.749000
5.705740
5.766430
5.707520
5.627560
5.597360
5.744490
5.689690
5.666300
5.720720
5.656630
5.713250
5.673280
5.633910
5.642190
5.628100
5.686800
5.674680
5.697580
5.757970
5.675440
5.545520
5.695730
5.592900
5.647080
5.657260
5.727750
5.755140
5.721260
5.610920
5.646410
5.704460
5.692440
5.662620
5.659380
5.611070
5.788190
5.652670
5.564440
5.636250
5.650130
5.686920
5.694870
5.634280
5.720160
5.736560
5.571220
5.649520
5.654880
5.671870
5.773990
5.661170
5.644120
5.717690
5.719070
5.699170
5.624230
5.745790
5.699450
5.615910
5.642370
5.841260
5.599310
5.710430
5.695650
5.609930
5.633040
5.784840
5.607560
5.658080
5.602190
5.600530
5.736820
5.521980
5.670720
5.563870
5.653980
5.572550
5.745880
5.701880
5.602570
5.573210
5.587970
5.751240
5.701680
5.653440
5.673400
5.679750
5.712160
5.757020
5.620250
5.590930
5.645460
5.644850
5.719620
5.757030
5.769980
5.640860
5.620420
5.712630
5.714020
5.633830
5.747920
5.685610
5.683860
5.638230
5.620550
5.714120
5.737310
5.548290
5.679450
5.672280
5.619530
5.652190
5.658980
5.731150
5.720450
5.592880
5.714000
5.749850
5.639560
5.648210
5.551510
5.736130
5.605680
5.708970
5.606040
5.547100
5.661720
5.763260
5.689620
5.681340
5.667220
5.576090
5.665210
5.646160
5.646860
5.657200
5.668440
5.725540
5.748340
5.772890
5.711040
5.690300
5.672920
5.726330
5.710320
5.620580
5.523080
5.616340
5.667790
5.580040
5.568300
5.577050
5.702480
5.664200
5.763300
5.691150
5.695370
5.732020
5.528870
5.630190
5.620380
5.607150
5.662830
5.630350
5.855090
5.600640
5.676870
5.634760
5.699160
5.627190
5.591510
5.661800
5.681230
5.684590
5.716140
5.726330
5.580500
5.700690
5.714350
5.621840
5.607760
5.538070
5.611540
5.650820
5.605150
5.640260
5.695030
5.745170
5.659530
5.613720
5.670260
5.629620
5.677150
5.818290
5.616080
5.557060
5.802740
5.591790
5.691930
5.588140
5.540120
5.685140
5.686720
5.593300
5.625220
5.625050
5.643650
5.597060
5.579280
5.684450
5.614830
5.719600
5.601330
5.808370
5.693580
5.665730
5.634500
5.779130
5.664110
5.616190
5.600960
5.685940
5.604040
5.663580
5.634500
5.729770
5.608050
5.708400
5.623900
5.616270
5.678760
5.634680
5.650790
5.710310
5.694330
5.672860
5.649830
5.727590
5.745170
5.639820
5.775650
5.668770
5.579020
5.665890
5.571840
5.681050
5.655830
5.598940
5.623080
5.667250
5.675420
5.718720
5.756970
5.676770
5.678100
5.652940
5.731340
5.670640
5.699170
5.591900
5.655080
5.655430
5.649340
5.745850
5.720980
5.735390
5.585420
5.652920
5.722060
5.532200
5.649780
5.625260
5.550160
5.671370
5.666830
5.646110
5.613960
5.699620
5.651190
5.718330
5.667550
5.588710
5.558540
5.561620
5.608420
5.672410
5.652000
5.667160
5.629190
5.563440
5.589220
5.716070
5.650530
5.654250
5.622360
5.639990
5.582780
5.611990
5.574240
5.617660
5.589240
5.602550
5.620970
5.633730
5.620680
5.691180
5.644390
5.704130
5.672070
5.684140
5.683690
5.743230
5.628490
5.590630
5.602220
5.588570
5.666680
5.744910
5.765790
5.698710
5.625870
5.656630
5.618260
5.660450
5.695820
5.689190
5.641380
5.666030
5.628280
5.626630
5.639830
5.539190
5.483750
5.704560
5.630260
5.701760
5.593800
5.652980
5.684800
5.688480
5.612980
5.757170
5.627260
5.705710
5.608900
5.620140
5.717160
5.746960
5.673350
5.606300
5.611330
5.558040
5.708230
5.665820
5.651640
5.598550
5.520730
5.634990
5.627440
5.649930
5.704510
5.678900
5.647760
5.613030
5.668190
5.690240
5.649770
5.733790
5.537510
5.640840
5.712220
5.613510
5.743200
5.572430
5.613980
5.705930
5.628060
5.693860
5.748850
5.697860
5.687880
5.640440
5.712110
5.750110
5.669260
5.693990
5.716570
5.676290
5.677860
5.679170
5.715970
5.662530
5.590900
5.707530
5.661060
5.695360
5.661190
5.731940
5.732580
5.592040
5.752490
5.712710
5.604360
5.631410
5.676980
5.597230
5.555660
5.711750
5.640310
5.667540
5.714470
5.659100
5.662570
5.657690
5.812910
5.703360
5.671260
5.617030
5.642700
5.651900
5.653310
5.889780
5.571040
5.715040
5.587490
5.521090
5.619660
5.695560
5.750570
5.621290
5.745920
5.595160
5.933010
5.648730
5.728040
5.642940
5.499270
5.509000
5.700780
5.693370
5.692050
5.743880
5.727260
5.592540
5.560720
5.731540
5.628660
5.766420
5.668420
5.579990
5.604840
5.802510
5.749260
5.627410
5.597880
5.671760
5.674070
5.625910
5.568680
5.680740
5.601010
5.715860
5.840890
5.701900
5.700790
5.553550
5.622530
5.574730
5.587590
5.694710
5.652850
5.698650
5.635680
5.717740
5.641700
5.723000
5.787970
5.575470
5.668940
5.711460
5.759630
5.719260
5.700040
5.748970
5.765190
5.779570
5.622940
5.706290
5.722950
5.839110
5.580920
5.620700
5.683200
5.607480
5.644530
5.694430
5.651530
5.622650
5.684080
5.536260
5.606030
5.729870
5.517170
5.754310
5.701230
5.581130
5.609620
5.683190
5.649350
5.506540
5.766890
5.676740
5.528340
5.661760
5.680570
5.640020
5.664460
5.722410
5.665030
5.649020
5.665420
5.683140
5.630020
5.674350
5.629790
5.649420
5.733040
5.693610
5.678240
5.792360
5.686200
5.535850
5.496300
5.647410
5.679600
5.493940
5.628730
5.592040
5.683200
5.566660
5.725120
5.626880
5.760830
5.639700
5.687890
5.714220
5.533420
5.698420
5.555150
5.633440
5.699270
5.662520
5.703870
5.637780
5.778220
5.601420
5.692780
5.679380
5.626290
5.688660
5.570250
5.649110
5.722790
5.653350
5.625370
5.663460
5.634390
5.664380
5.578790
5.628230
5.664710
5.595660
5.647790
5.632640
5.676130
5.716900
5.834630
5.668990
5.536790
5.711520
5.649550
5.626030
5.757440
5.670960
5.598290
5.638820
5.633930
5.657320
5.660250
5.659620
5.603130
5.581170
5.647930
5.834200
5.677070
5.677310
5.602250
5.663110
5.671910
5.692220
5.734720
5.628880
5.610980
5.667780
5.599390
5.599670
5.714030
5.667350
5.626670
5.686500
5.767290
5.639120
5.694680
5.572370
5.581790
5.563980
5.668070
5.664800
5.672180
5.580140
5.776840
5.653970
5.700770
5.689100
5.571530
5.647700
5.589450
5.678640
5.504440
5.657970
5.657580
5.725940
5.549610
5.778460
5.691320
5.649710
5.635630
5.699510
5.595730
5.696690
5.737070
5.571310
5.655110
5.660580
5.568560
5.678520
5.699260
5.669710
5.573740
5.686180
5.680500
5.729480
5.594050
5.608550
5.552970
5.638450
5.578940
5.523400
5.693260
5.604760
5.629980
5.718220
5.656740
5.684900
5.572720
5.642470
5.727940
5.594160
5.608690
5.599260
5.618210
5.639760
5.720840
5.658570
5.682630
5.687060
5.704180
5.704010
5.615500
5.638250
5.667760
5.494370
5.573430
5.740250
5.733440
5.711980
5.653820
5.685370
5.553300
5.753150
5.606770
5.762860
5.577660
5.732460
5.653080
5.656970
5.571340
5.687360
5.669170
5.648710
5.619700
5.572050
5.630490
5.699910
5.727460
5.611550
5.601000
5.646810
5.660670
5.680720
5.684740
5.564470
5.703760
5.705200
5.533610
5.464620
5.660810
5.599210
5.691510
5.667630
5.631210
5.589620
5.609330
5.626880
5.693660
5.700320
5.652580
5.665260
5.638570
5.614870
5.619300
5.695960
5.616360
5.639690
5.694300
5.709780
5.685450
5.614830
5.644310
5.687690
5.662940
5.613270
5.718840
5.510120
5.620820
5.662450
5.744740
5.589920
5.613500
5.652970
5.648640
5.642680
5.683120
5.627910
5.716630
5.696340
5.727860
5.707710
5.689050
5.692390
5.753850
5.525670
5.719380
5.667830
5.699130
5.644890
5.720850
5.510160
5.770240
5.691020
5.647780
5.681860
5.689030
5.669600
5.733930
5.610100
5.675130
5.769080
5.619460
5.640840
5.632420
5.635570
5.671920
5.629930
5.702480
5.700030
5.751090
5.591970
5.712040
5.593480
5.609110
5.600140
5.569780
5.635970
5.694150
5.693310
5.673760
5.669420
5.670360
5.532350
5.668340
5.694380
5.637530
5.665990
5.521840
5.622940
5.622550
5.751180
5.764950
5.682340
5.782420
5.612580
5.757990
5.717060
5.631830
5.677000
5.693260
5.674190
5.602690
5.550830
5.596600
5.773490
5.798860
5.642580
5.686840
5.605470
5.640430
5.621350
5.596220
5.694740
5.646230
5.616160
5.675930
5.697430
5.689710
5.668960
5.604320
5.768310
5.586040
5.709350
5.566580
5.610640
5.562740
5.644070
5.791870
5.756660
5.758600
5.730110
5.678250
5.634240
5.756050
5.679330
5.575050
5.593510
5.669160
5.612860
5.702310
5.675260
5.722330
5.725480
5.655480
5.678510
5.643480
5.496350
5.636500
5.621680
5.698300
5.635540
5.626740
5.582090
5.694750
5.704320
5.648780
5.840260
5.613100
5.630100
5.706410
5.548980
5.593800
5.571510
5.688330
5.639760
5.629660
5.605940
5.619910
5.671120
5.556290
5.714070
5.581870
5.644140
5.630920
5.624350
5.632120
5.673400
5.679900
5.676370
5.687470
5.701230
5.702680
5.692630
5.672840
5.688350
5.589800
5.589930
5.687280
5.676450
5.726230
5.599620
5.667580
5.715470
5.553660
5.609130
5.676820
5.665250
5.607430
5.669010
5.762750
5.680420
5.631680
5.688800
5.535850
5.656010
5.639030
5.589150
5.691230
5.630490
5.698940
5.605640
5.623960
5.781920
5.664850
5.634070
5.644920
5.652720
5.696350
5.647240
5.573710
5.694190
5.645330
5.642330
5.647400
5.603170
5.663760
5.543680
5.721260
5.698640
5.592430
5.620650
5.588800
5.653710
5.763990
5.630690
5.652140
5.562100
5.678990
5.534880
5.644780
5.792100
5.558770
5.594390
5.753480
5.669670
5.616770
5.633340
5.612960
5.709850
5.643480
5.546220
5.668190
5.598910
5.669210
5.737520
5.672860
5.661050
5.668310
5.645690
5.715980
5.526890
5.785780
5.565560
5.569010
5.682940
5.644520
5.557170
5.689530
5.761460
5.734090
5.628710
5.673390
5.695380
5.661000
5.587150
5.599170
5.631520
5.645710
5.625550
5.627740
5.781580
5.728610
5.626220
5.627410
5.590040
5.538240
5.515370
5.562910
5.572690
5.739900
5.699580
5.636150
5.646610
5.711080
5.541290
5.610870
5.650920
5.683260
5.627690
5.770310
5.558840
5.678630
5.666940
5.731450
5.690690
5.687610
5.668730
5.571780
5.726210
5.653470
5.846580
5.649440
5.638560
5.649080
5.604410
5.636770
5.604950
5.687060
5.710480
5.558620
5.688250
5.749280
5.690250
5.658800
5.720150
5.631110
5.770890
5.571860
5.559120
5.696380
5.581500
5.687540
5.651570
5.641820
5.707230
5.675880
5.587670
5.551530
5.567800
5.586980
5.695640
5.779340
5.681260
5.697050
5.738460
5.665950
5.554220
5.670160
5.626550
5.579960
5.587650
5.554270
5.597790
5.661520
5.705360
5.581380
5.708560
5.679650
5.716140
5.662270
5.646060
5.682290
5.488140
5.661160
5.678930
5.679560
5.718380
5.674040
5.678500
5.652670
5.711430
5.688400
5.630120
5.608680
5.702460
5.758150
5.680110
5.643120
5.673060
5.661830
5.591590
5.638590
5.699000
5.627660
5.515420
5.767790
5.591020
5.560850
5.648060
5.601430
5.624360
5.593180
5.745810
5.556880
5.556050
5.765520
5.730170
5.667620
5.635240
5.700020
5.733240
5.627550
5.637090
5.639280
5.665870
5.639270
5.687820
5.525840
5.658310
5.753800
5.708760
5.602980
5.641690
5.639040
5.710060
5.618330
5.688080
5.706370
5.688510
5.698000
5.617440
5.659500
5.675910
5.691810
5.625920
5.576900
5.656710
5.550330
5.580280
5.631880
5.591070
5.641230
5.630430
5.634910
5.507750
5.681150
5.686620
5.618070
5.735100
5.611190
5.650230
5.716290
5.635930
5.607490
5.636560
5.735850
5.680320
5.681610
5.701990
5.636080
5.654760
5.602700
5.648350
5.673980
5.795470
5.728660
5.667280
5.726320
5.602970
5.764290
5.705210
5.598200
5.630780
5.765530
5.579270
5.568480
5.685150
5.706650
5.659550
5.666900
5.616890
5.621780
5.607210
5.701890
5.569560
5.733220
5.584920
5.581960
5.654960
5.527590
5.677850
5.639140
5.560700
5.658750
5.631820
5.694840
5.586670
5.701230
5.713820
5.668380
5.680530
5.538150
5.659020
5.680250
5.612600
5.767290
5.638420
5.719820
5.724650
5.636980
5.612480
5.798770
5.663250
5.642850
5.691910
5.690230
5.675840
5.661740
5.617410
5.710570
5.714760
5.760420
5.629040
5.645890
5.623780
5.626700
5.712040
5.679370
5.601290
5.656590
5.683260
5.765990
5.657200
5.616340
5.721170
5.537670
5.671720
5.757230
5.655750
5.651040
5.638430
5.622050
5.546540
5.636110
5.533680
5.672240
5.592160
5.731180
5.636080
5.641110
5.607520
5.582750
5.736590
5.611790
5.645430
5.632830
5.578630
5.754560
5.655240
5.688990
5.659430
5.796920
5.597250
5.669740
5.540430
5.720880
5.581000
5.584870
5.763290
5.636710
5.602150
5.756940
5.683210
5.728190
5.613500
5.665170
5.745190
5.728290
5.681650
5.717160
5.673350
5.653820
5.686790
5.658040
5.655530
5.631130
5.716710
5.596360
5.629220
5.688200
5.683340
5.580670
5.779830
5.744540
5.689030
5.645450
5.632170
5.697830
5.671940
5.715830
5.691700
5.599330
5.615460
5.721880
5.611220
5.615020
5.633180
5.581730
5.598980
5.532890
5.766060
5.588610
5.495810
5.597410
5.547790
5.617060
5.686380
5.617350
5.615940
5.546150
5.658790
5.614680
5.710980
5.613110
5.738580
5.606130
5.618670
5.592450
5.549190
5.562320
5.739540
5.597080
5.666440
5.677200
5.622250
5.608990
5.612470
5.620190
5.699020
5.617550
5.640810
5.749420
5.795860
5.634770
5.657130
5.628530
5.572390
5.725780
5.661530
5.611030
5.607000
5.602290
5.641470
5.619980
5.805170
5.609910
5.672590
5.662570
5.614640
5.685230
5.723950
5.595350
5.650370
5.640440
5.671150
5.751070
5.614790
5.610870
5.596170
5.549510
5.615110
5.569400
5.712890
5.570100
5.608100
5.785710
5.713350
5.706210
5.657960
5.652100
5.688570
5.669460
5.593920
5.685600
5.623040
5.691390
5.574140
5.614520
5.585580
5.751540
5.671080
5.647740
5.714010
5.733090
5.578260
5.710880
5.605660
5.716210
5.645080
5.608130
5.583320
5.551370
5.717360
5.672770
5.582470
5.748870
5.564290
5.743810
5.657960
5.585170
5.721100
5.827740
5.715820
5.658540
5.678420
5.717240
5.671830
5.601390
5.583910
5.650540
5.591030
5.653010
5.724880
5.740150
5.707580
5.617260
5.574370
5.663840
5.646020
5.699640
5.751860
5.649830
5.567180
5.697370
5.727670
5.690880
5.681270
5.692300
5.626140
5.651880
5.569100
5.547570
5.777500
5.734610
5.826630
5.702530
5.660540
5.707070
5.715930
5.734780
5.605460
5.611250
5.571710
5.614000
5.582360
5.709610
5.612090
5.693220
5.648580
5.738630
5.648240
5.728220
5.686640
5.615590
5.652710
5.636050
5.735940
5.652300
5.738090
5.706150
5.609290
5.654610
5.676850
5.630980
5.511760
5.600790
5.618640
5.723660
5.644720
5.504810
5.693060
5.723210
5.592180
5.514620
5.701530
5.850380
5.614260
5.708300
5.704940
5.820300
5.614350
5.735880
5.682540
5.692860
5.617180
5.617690
5.573850
5.666240
5.629560
5.585060
5.693150
5.661770
5.682560
5.691340
5.787490
5.604280
5.691170
5.626340
5.676520
5.610540
5.706690
5.715570
5.614090
5.648800
5.584700
5.525580
5.617090
5.719580
5.615330
5.689300
5.677830
5.572040
5.721980
5.697680
5.727530
5.728370
5.705300
5.701250
5.757150
5.742180
5.703980
5.650920
5.715240
5.669820
5.714140
5.635880
5.573230
5.643250
5.666380
5.642090
5.664060
5.617100
5.619120
5.728680
5.700280
5.714600
5.697370
5.653260
5.724540
5.696170
5.683670
5.671640
5.635610
5.697390
5.683850
5.774620
5.636000
5.678230
5.606890
5.565340
5.517230
5.742310
5.728200
5.663190
5.616470
5.616030
5.606210
5.573790
5.679760
5.490770
5.624210
5.576860
5.610900
5.652460
5.550830
5.523660
5.697530
5.632510
5.680200
5.499790
5.685200
5.612350
5.723110
5.643560
5.676330
5.574360
5.590720
5.621060
5.591380
5.788690
5.638110
5.762240
5.531730
5.653090
5.653190
5.713820
5.704590
5.602940
5.647190
5.545890
5.648070
5.713570
5.635120
5.703550
5.719060
5.636270
5.685000
5.589720
5.594190
5.579990
5.646730
5.647190
5.674700
5.626660
5.630260
5.634070
5.505730
5.545580
5.682730
5.725150
5.821720
5.662560
5.624510
5.627760
5.779720
5.601020
5.628670
5.675100
5.830090
5.752750
5.475090
5.779150
5.684200
5.640170
5.611910
5.629110
5.656100
5.724790
5.689100
5.643290
5.687430
5.696510
5.611220
5.647610
5.688100
5.611550
5.685990
5.648470
5.726420
5.649040
5.593680
5.764310
5.635300
5.587920
5.688400
5.684240
5.624200
5.769130
5.558090
5.667710
5.614390
5.633880
5.686190
5.578910
5.710180
5.675780
5.687170
5.690260
5.750900
5.636380
5.603760
5.625780
5.684640
5.565280
5.671600
5.780800
5.676100
5.712980
5.628810
5.683800
5.560270
5.766410
5.745240
5.666120
5.659290
5.571220
5.691130
5.573390
5.706170
5.765180
5.726440
5.579780
5.669270
5.629380
5.662610
5.667570
5.800510
5.624940
5.626260
5.637670
5.625260
5.628060
5.581420
5.653490
5.720500
5.693360
5.773500
5.717940
5.645700
5.620360
5.594580
5.691050
5.763030
5.845390
5.568090
5.608260
5.724070
5.706610
5.678020
5.620240
5.647880
5.721850
5.612790
5.674950
5.595620
5.685860
5.572670
5.567360
5.661140
5.692210
5.611930
5.624180
5.615380
5.679880
5.688760
5.731510
5.664490
5.665370
5.709810
5.715200
5.674370
5.562650
5.659900
5.527280
5.626070
5.623090
5.637060
5.693420
5.725560
5.647280
5.609420
5.611550
5.629460
5.648930
5.743330
5.635240
5.526720
5.736210
5.666740
5.674940
5.615960
5.736140
5.598010
5.580940
5.653700
5.679890
5.706980
5.670870
5.719190
5.581680
5.705740
5.643470
5.676080
5.694950
5.499130
5.689770
5.638660
5.727460
5.601470
5.594650
5.665600
5.697320
5.676250
5.648820
5.595990
5.633340
5.717690
5.624490
5.683510
5.700870
5.786550
5.691190
5.582830
5.688320
5.679140
5.643560
5.583130
5.746600
5.626150
5.715910
5.586120
5.639530
5.566960
5.722640
5.641740
5.694170
5.684580
5.613720
5.664500
5.703450
5.609030
5.606800
5.753490
5.647960
5.684710
5.626900
5.719240
5.603170
5.534830
5.571830
5.571310
5.690920
5.657790
5.735860
5.671210
5.699340
5.660930
5.649160
5.690260
5.682110
5.639980
5.701320
5.669240
5.721740
5.615170
5.694100
5.588060
5.599740
5.754780
5.538620
5.561860
5.686440
5.670080
5.667260
5.564570
5.698280
5.726720
5.609580
5.643220
5.750110
5.616560
5.682730
5.642940
5.674610
5.628000
5.663060
5.501800
5.626300
5.642200
5.667020
5.684100
5.655340
5.555670
5.558770
5.790290
5.626600
5.718420
5.743460
5.667040
5.642750
5.732610
5.776360
5.698370
5.647870
5.473210
5.751320
5.708240
5.727510
5.626980
5.681910
5.755840
5.753540
5.611340
5.794200
5.770260
5.701190
5.588630
5.689840
5.622960
5.672090
5.569450
5.731200
5.673560
5.693730
5.707990
5.604100
5.711130
5.656300
5.683810
5.594700
5.571020
5.641310
5.764870
5.650460
5.763540
5.680820
5.801460
5.687790
5.648870
5.637580
5.691820
5.596530
5.613490
5.734560
5.647520
5.696720
5.623710
5.661030
5.596250
5.711540
5.656850
5.680110
5.706120
5.610900
5.789260
5.651390
5.643810
5.660690
5.794080
5.630600
5.588940
5.521580
5.591020
5.683710
5.598840
5.642990
5.681470
5.750750
5.666710
5.686500
5.627150
5.635350
5.711000
5.720160
5.819420
5.586970
5.705860
5.693310
5.652990
5.714090
5.603080
5.778630
5.696520
5.763050
5.674670
5.647050
5.559630
5.586400
5.577820
5.588150
5.595970
5.635490
5.812580
5.664180
5.572210
5.732630
5.566140
5.607940
5.620810
5.644000
5.552590
5.672960
5.497120
5.587680
5.566700
5.610700
5.672120
5.502480
5.672770
5.593140
5.626440
5.775520
5.652760
5.692130
5.645670
5.595540
5.630610
5.604880
5.654920
5.631970
5.721290
5.686380
5.718140
5.737750
5.749150
5.712210
5.676590
5.632180
5.701500
5.706360
5.699180
5.650350
5.729080
5.646300
5.594480
5.513560
5.715080
5.660550
5.687560
5.686970
5.760850
5.615780
5.731250
5.693090
5.684210
5.627360
5.678290
5.537240
5.624770
5.560970
5.838970
5.614250
5.689730
5.630090
5.795560
5.791600
5.611450
5.641340
5.710160
5.619190
5.689980
5.596800
5.625980
5.591990
5.624300
5.688830
5.571840
5.719310
5.672380
5.651400
5.536490
5.694790
5.553720
5.621440
5.698840
5.648560
5.648050
5.641960
5.711170
5.743370
5.692760
5.706030
5.794770
5.743730
5.588640
5.556930
5.654090
5.691230
5.776890
5.711020
5.825480
5.670100
5.684540
5.484740
5.699310
5.589140
5.688410
5.613750
5.750830
5.531800
5.546350
5.688100
5.652640
5.719900
5.706190
5.608930
5.816520
5.702790
5.606690
5.615890
5.744620
5.640060
5.605910
5.556790
5.590740
5.621040
5.750770
5.609020
5.559250
5.712030
5.620170
5.619070
5.616560
5.646410
5.555780
5.547270
5.637230
5.767490
5.575870
5.698570
5.682080
5.642080
5.578590
5.631430
5.639200
5.730510
5.627510
5.693880
5.731910
5.754830
5.633580
5.678030
5.730130
5.717300
5.713630
5.647180
5.679220
5.663520
5.651500
5.618730
5.782200
5.663300
5.666110
5.662630
5.686810
5.639880
5.801830
5.783170
5.560510
5.694820
5.634700
5.771150
5.677650
5.601360
5.537540
5.779930
5.785140
5.566640
5.692540
5.801350
5.747590
5.707480
5.613200
5.591050
5.633770
5.566680
5.487970
5.766820
5.707630
5.718390
5.582950
5.676820
5.656400
5.574240
5.677380
5.703650
5.671760
5.687870
5.683950
5.695910
5.677360
5.783850
5.611220
5.725750
5.693740
5.661390
5.703660
5.667480
5.663540
5.681770
5.641730
5.707140
5.548090
5.692910
5.617790
5.658220
5.590720
5.602440
5.730790
5.640060
5.661330
5.726410
5.707910
5.719450
5.731200
5.689770
5.604770
5.609350
5.772160
5.651380
5.605420
5.696470
5.664640
5.773240
5.648160
5.663740
5.565920
5.628840
5.716890
5.622780
5.790110
5.731350
5.714760
5.601710
5.716980
5.652680
5.547730
5.721600
5.638520
5.620490
5.746680
5.675800
5.661410
5.653270
5.689320
5.759750
5.683470
5.737480
5.701480
5.608700
5.701130
5.608390
5.667530
5.580650
5.728730
5.659590
5.635040
5.711590
5.687790
5.670010
5.641720
5.659470
5.579470
5.650650
5.659790
5.781220
5.786360
5.655980
5.684230
5.550540
5.690860
5.615380
5.760080
5.638120
5.546770
5.643920
5.672880
5.559270
5.654730
5.670150
5.690880
5.664720
5.756590
5.793920
5.703020
5.629240
5.681300
5.778900
5.660390
5.659940
5.651400
5.713500
5.776550
5.645170
5.742960
5.744140
5.694610
5.687230
5.667030
5.729120
5.635990
5.792000
5.695730
5.649150
5.688820
5.707290
5.711780
5.736000
5.845130
5.667430
5.744610
5.658960
5.646030
5.752990
5.634120
5.595410
5.796690
5.688950
5.622930
5.795050
5.730910
5.694320
5.600650
5.553630
5.642320
5.653460
5.693150
5.713180
5.705610
5.740680
5.696080
5.630730
5.675630
5.649760
5.700810
5.763860
5.624070
5.729380
5.642020
5.631540
5.589040
5.619840
5.614640
5.722330
5.664450
5.588700
5.614040
5.752110
5.695220
5.709480
5.596720
5.725590
5.640140
5.605270
5.635590
5.643250
5.667140
5.652590
5.648460
5.595370
5.643220
5.629400
5.601380
5.747130
5.671870
5.629710
5.690660
5.577910
5.596820
5.742090
5.665590
5.691830
5.614490
5.621370
5.637980
5.664360
5.646850
5.819600
5.795780
5.724100
5.564070
5.691320
5.698070
5.628370
5.629990
5.692870
5.639930
5.694780
5.566780
5.616970
5.667300
5.612290
5.688280
5.683170
5.678490
5.731840
5.645270
5.595250
5.705360
5.785730
5.599290
5.683310
5.613640
5.690910
5.655110
5.726550
5.644720
5.548570
5.767640
5.663000
5.629330
5.649610
5.697540
5.746180
5.494510
5.679190
5.576080
5.595150
5.604350
5.663750
5.588660
5.803440
5.597680
5.667660
5.619360
5.656560
5.641120
5.621520
5.685150
5.674680
5.621520
5.745770
5.649940
5.594150
5.743130
5.658160
5.605980
5.592400
5.690350
5.660950
5.701030
5.792780
5.633450
5.622090
5.637590
5.691910
5.566410
5.701390
5.637000
5.725430
5.749750
5.618580
5.722840
5.626430
5.650950
5.675670
5.636390
5.715460
5.591150
5.570880
5.645610
5.701120
5.745820
5.474180
5.739490
5.685790
5.703840
5.656730
5.750050
5.619760
5.787250
5.669480
5.744850
5.552200
5.682860
5.631140
5.687550
5.612120
5.675000
5.648670
5.586730
5.606620
5.710150
5.782240
5.632330
5.651160
5.639340
5.714520
5.778030
5.649930
5.639760
5.674600
5.728070
5.666830
5.732700
5.756820
5.762360
5.610990
5.686730
5.588920
5.696350
5.711840
5.650690
5.621270
5.639980
5.624620
5.636480
5.602600
5.732680
5.613970
5.633950
5.739780
5.607980
5.660280
5.599890
5.614410
5.675830
5.677620
5.584190
5.627730
5.791230
5.734010
5.701920
5.572400
5.573180
5.642630
5.640900
5.769560
5.599420
5.724040
5.547480
5.669440
5.643660
5.584160
5.602410
5.645420
5.582530
5.757110
5.700040
5.661320
5.607010
5.723540
5.586580
5.820140
5.798790
5.668400
5.648590
5.560190
5.557070
5.590970
5.761810
5.667120
5.597760
5.779170
5.634850
5.752540
5.736420
5.635070
5.755050
5.646810
5.673080
5.546160
5.716110
5.720570
5.712100
5.705110
5.604550
5.633030
5.607370
5.632220
5.618360
5.611930
5.666030
5.744800
5.656750
5.845830
5.723010
5.588060
5.772930
5.698760
5.688090
5.639620
5.709140
5.599320
5.742090
5.786550
5.734760
5.712080
5.629690
5.769680
5.707910
5.632660
5.648180
5.679870
5.656690
5.638320
5.765080
5.642370
5.720100
5.665930
5.695300
5.687480
5.773210
5.580800
5.648250
5.694530
5.641020
5.647160
5.729700
5.675370
5.610110
5.667580
5.774830
5.577090
5.654800
5.730620
5.650750
5.615870
5.800380
5.576840
5.581650
5.676210
5.624780
5.638840
5.680480
5.683910
5.584410
5.806970
5.583350
5.657690
5.614170
5.552990
5.624970
5.651240
5.653140
5.609790
5.678680
5.700520
5.662120
5.725140
5.624640
5.701140
5.805920
5.766690
5.610460
5.683400
5.582760
5.764180
5.697680
5.545390
5.636160
5.632090
5.577410
5.701770
5.817720
5.664450
5.693200
5.569140
5.622940
5.729360
5.640800
5.817750
5.720320
5.726260
5.713760
5.635260
5.556630
5.640380
5.687100
5.770900
5.692790
5.693580
5.621800
5.652260
5.511970
5.796530
5.682950
5.580430
5.659880
5.767120
5.656530
5.691990
5.652230
5.697760
5.699120
5.684200
5.659150
5.654810
5.597000
5.574730
5.757010
5.647220
5.670280
5.480240
5.631100
5.688450
5.637200
5.659820
5.570930
5.681940
5.587190
5.527490
5.678580
5.710680
5.596670
5.563150
5.637540
5.653490
5.728740
5.783460
5.718250
5.646730
5.636080
5.605790
5.649620
5.527770
5.699600
5.650320
5.703430
5.657690
5.622200
5.657750
5.644140
5.628250
5.646050
5.643860
5.616150
5.672560
5.667980
5.666740
5.585180
5.586950
5.711800
5.751070
5.620440
5.595290
5.696290
5.636280
5.765720
5.593720
5.661560
5.522660
5.642410
5.674300
5.620410
5.711510
5.632810
5.614870
5.673970
5.759400
5.670830
5.705300
5.731610
5.680480
5.577120
5.698590
5.566050
5.599570
5.555190
5.586810
5.677730
5.712790
5.563950
5.605000
5.687790
5.478670
5.674110
5.785040
5.755640
5.715870
5.585490
5.708970
5.687750
5.706160
5.710890
5.677310
5.675870
5.684520
5.698270
5.701700
5.693480
5.613300
5.677230
5.677710
5.637770
5.703860
5.730640
5.705290
5.639950
5.709470
5.653220
5.575190
5.750580
5.590730
5.542490
5.622810
5.644040
5.740890
5.635270
5.708320
5.639460
5.600250
5.698260
5.763530
5.725850
5.730660
5.685330
5.634800
5.645380
5.723490
5.643050
5.612580
5.555760
5.733830
5.771260
5.681610
5.686920
5.682430
5.722280
5.555620
5.691100
5.655410
5.633830
5.758620
5.668760
5.544600
5.647420
5.690940
5.665620
5.664090
5.648620
5.637330
5.606650
5.715750
5.599710
5.736980
5.681660
5.637580
5.666430
5.698800
5.630930
5.677660
5.656250
5.577890
5.580320
5.594690
5.644230
5.653480
5.741450
5.662750
5.725100
5.718740
5.710500
5.716610
5.521250
5.642560
5.631710
5.547850
5.727500
5.749940
5.730850
5.695160
5.669040
5.615920
5.811380
5.682830
5.724250
5.683260
5.764590
5.695070
5.624460
5.708740
5.539290
5.679670
5.726910
5.670630
5.772990
5.625830
5.652470
5.605920
5.686800
5.676950
5.669480
5.598950
5.632910
5.556570
5.662380
5.631150
5.678170
5.648510
5.682210
5.657380
5.698690
5.738370
5.646410
5.666290
5.698570
5.655270
5.695200
5.653730
5.595630
5.695660
5.746380
5.619560
5.783130
5.663110
5.690410
5.743340
5.560540
5.771490
5.648760
5.741080
5.583640
5.746840
5.708490
5.613810
5.608670
5.684540
5.724210
5.568500
5.638700
5.701000
5.600600
5.671400
5.739140
5.698290
5.587600
5.616840
5.579530
5.702570
5.543030
5.713370
5.573710
5.699000
5.501130
5.598220
5.617070
5.597300
5.681870
5.618230
5.709240
5.738260
5.601540
5.680020
5.625680
5.679000
5.645820
5.477200
5.597980
5.721190
5.559130
5.651610
5.634670
5.724010
5.832150
5.653090
5.656770
5.697360
5.642440
5.616960
5.758720
5.669520
5.641650
5.675150
5.606930
5.674490
5.749050
5.678640
5.648750
5.710480
5.622650
5.692250
5.700370
5.645960
5.680760
5.603050
5.621820
5.658900
5.644350
5.533210
5.646740
5.727120
5.599000
5.585360
5.656100
5.758480
5.653770
5.792020
5.743870
5.572410
5.653110
5.781850
5.647670
5.825520
5.700640
5.679640
5.665120
5.609200
5.659070
5.618490
5.691570
5.650140
5.653510
5.726930
5.668010
5.657250
5.641530
5.684420
5.567680
5.644350
5.647720
5.701550
5.683900
5.624520
5.728860
5.650800
5.653070
5.641210
5.620830
5.667260
5.684570
5.851460
5.617870
5.706960
5.617890
5.745530
5.602360
5.528540
5.599960
5.710440
5.579280
5.749920
5.671340
5.716060
5.609100
5.691970
5.783670
5.596850
5.567600
5.623050
5.640720
5.679780
5.692460
5.646080
5.629180
5.646570
5.632630
5.550170
5.649090
5.667650
5.659910
5.620820
5.742710
5.726320
5.645930
5.649610
5.622010
5.714420
5.741020
5.680070
5.756850
5.557070
5.572550
5.629600
5.587930
5.480240
5.730260
5.687240
5.670960
5.752530
5.709010
5.589680
5.715230
5.672180
5.672430
5.711820
5.639690
5.648950
5.714020
5.643900
5.512290
5.572640
5.710730
5.572850
5.689390
5.733280
5.653550
5.611940
5.693060
5.605980
5.752690
5.599780
5.525410
5.623740
5.712860
5.660480
5.529350
5.501700
5.673620
5.640720
5.692080
5.815730
5.640100
5.672940
5.638520
5.682460
5.550760
5.744420
5.597260
5.612470
5.698140
5.715070
5.622700
5.610950
5.605310
5.623830
5.752750
5.671920
5.630190
5.662300
5.711430
5.605500
5.608770
5.708910
5.637440
5.832980
5.630070
5.699950
5.716790
5.710800
5.575590
5.739080
5.605960
5.712970
5.638900
5.691860
5.713560
5.549730
5.730330
5.727550
5.618000
5.608960
5.611090
5.585830
5.675830
5.581220
5.638330
5.690800
5.584300
5.692870
5.660170
5.825490
5.698490
5.526240
5.611380
5.644090
5.605810
5.608740
5.647940
5.681430
5.683940
5.734070
5.806070
5.744750
5.633030
5.595870
5.732630
5.742230
5.575600
5.575880
5.719470
5.605420
5.629840
5.610100
5.636690
5.690940
5.706890
5.739170
5.608310
5.631880
5.693820
5.721670
5.621690
5.660450
5.700230
5.600020
5.685860
5.753760
5.662170
5.621560
5.563060
5.649240
5.645030
5.680670
5.615710
5.634350
5.710800
5.655220
5.572180
5.619520
5.561210
5.643570
5.763000
5.741910
5.623660
5.678140
5.427750
5.643320
5.565530
5.683900
5.646140
5.692400
5.661650
5.665110
5.637420
5.720280
5.561800
5.633020
5.512420
5.779670
5.618030
5.711730
5.599630
5.625750
5.670420
5.713330
5.685600
5.612470
5.638040
5.609580
5.764170
5.670810
5.697860
5.648620
5.621410
5.758740
5.674860
5.655460
5.682910
5.647610
5.666830
5.755870
5.647470
5.562190
5.576800
5.719500
5.664310
5.582410
5.608320
5.766760
5.607980
5.722800
5.698650
5.596150
5.711430
5.655910
5.730620
5.682260
5.663670
5.656330
5.559320
5.560740
5.623950
5.639110
5.647450
5.704490
5.670130
5.722090
5.593630
5.720200
5.642930
5.599590
5.717770
5.681300
5.730160
5.683340
5.680440
5.692040
5.628460
5.665580
5.659690
5.682450
5.624530
5.683630
5.596890
5.630570
5.673300
5.745620
5.797900
5.657460
5.690270
5.636330
5.667870
5.687170
5.666380
5.681250
5.701380
5.712270
5.589600
5.626300
5.571250
5.735620
5.685190
5.755500
5.587390
5.585660
5.631740
5.665960
5.623750
5.600610
5.641780
5.703720
5.682010
5.694620
5.546420
5.601040
5.810420
5.488750
5.694750
5.680840
5.596260
5.674840
5.730260
5.640950
5.741460
5.733680
5.753870
5.713670
5.773310
5.667510
5.630770
5.595300
5.673490
5.689650
5.657870
5.672070
5.699620
5.688050
5.583960
5.505220
5.700960
5.668530
5.703210
5.721030
5.724910
5.657130
5.630480
5.621350
5.613340
5.574710
5.695780
5.691450
5.724850
5.726320
5.737590
5.632620
5.615970
5.623100
5.700340
5.700850
5.664970
5.667970
5.610480
5.607030
5.673180
5.694060
5.630660
5.736080
5.551520
5.666350
5.635540
5.697020
5.665750
5.691450
5.766960
5.742130
5.737080
5.591260
5.577540
5.769200
5.723130
5.615070
5.581660
5.629220
5.688290
5.640900
5.623140
5.682050
5.489580
5.685670
5.584220
5.574690
5.775300
5.646910
5.683410
5.767300
5.659260
5.621610
5.715830
5.686700
5.797940
5.612370
5.721060
5.599800
5.691620
5.584320
5.620300
5.641930
5.785940
5.796580
5.734120
5.663610
5.606900
5.587580
5.650360
5.613860
5.615160
5.658790
5.686870
5.674790
5.625930
5.797570
5.638640
5.656090
5.675310
5.678290
5.653320
5.645240
5.654950
5.596700
5.608940
5.635010
5.751490
5.630130
5.652200
5.643390
5.649420
5.704170
5.599050
5.662870
5.676630
5.625200
5.608670
5.616470
5.727840
5.555700
5.675860
5.622980
5.601620
5.916990
5.729280
5.733280
5.681430
5.726630
5.632930
5.632930
