5.660710
5.593750
5.645500
5.700080
5.669970
5.619710
5.631340
5.702720
5.677880
5.627040
5.596170
5.719950
5.742740
5.568480
5.647190
5.714490
5.692560
5.683490
5.801320
5.686660
5.667420
5.745290
5.652580
5.687500
5.651770
5.691320
5.641450
5.634660
5.634060
5.644330
5.674720
5.670260
5.840360
5.737640
5.679480
5.695620
5.533370
5.640340
5.614500
5.627320
5.671280
5.689790
5.733990
5.671810
5.722200
5.605140
5.606370
5.696230
5.519500
5.826100
5.762380
5.770310
5.678990
5.671980
5.666240
5.760050
5.678770
5.727730
5.654270
5.592330
5.699130
5.647210
5.638030
5.611800
5.664220
5.714350
5.688920
5.657370
5.576070
5.549070
5.664570
5.667740
5.666340
5.710720
5.609680
5.616810
5.746230
5.652740
5.724690
5.658380
5.683950
5.703760
5.624380
5.669210
5.549080
5.723140
5.672970
5.628350
5.756110
5.613260
5.662000
5.651780
5.633880
5.581190
5.634660
5.676810
5.581700
5.727700
5.697230
5.611180
5.646100
5.557880
5.651030
5.667070
5.838780
5.543520
5.729580
5.725470
5.608500
5.482980
5.553550
5.685000
5.640530
5.668200
5.646630
5.719000
5.649540
5.605680
5.649470
5.600940
5.723660
5.674220
5.656140
5.702620
5.698470
5.658840
5.688190
5.623980
5.624030
5.619480
5.744750
5.614670
5.600630
5.717550
5.579800
5.595610
5.595430
5.585280
5.732480
5.704880
5.675060
5.696000
5.798920
5.667420
5.702260
5.566580
5.644640
5.812260
5.691180
5.712580
5.656810
5.689480
5.584280
5.769790
5.594150
5.589040
5.706860
5.718000
5.706790
5.672280
5.670810
5.712950
5.732370
5.803900
5.622040
5.696580
5.731240
5.738810
5.629960
5.686940
5.651750
5.591900
5.590240
5.556540
5.662040
5.620950
5.650270
5.645260
5.679540
5.752380
5.606190
5.648020
5.561170
5.811300
5.560530
5.603080
5.571900
5.735950
5.574750
5.585860
5.675630
5.589320
5.814650
5.653950
5.724880
5.620060
5.690730
5.756220
5.651860
5.755340
5.808720
5.755950
5.728370
5.550880
5.598360
5.576470
5.645320
5.701990
5.618120
5.700720
5.620860
5.650870
5.774540
5.596850
5.705640
5.679300
5.571430
5.675330
5.563570
5.638550
5.575980
5.703820
5.613310
5.668110
5.716440
5.665240
5.682410
5.688620
5.555850
5.748380
5.652610
5.739890
5.645350
5.660370
5.599810
5.585940
5.696620
5.709520
5.599850
5.682630
5.626210
5.609280
5.635380
5.606380
5.743820
5.650200
5.631560
5.695550
5.686490
5.628950
5.740420
5.618790
5.649070
5.723440
5.629120
5.696030
5.687250
5.720400
5.631820
5.679800
5.639050
5.463920
5.588180
5.648470
5.595150
5.624150
5.668010
5.761680
5.597600
5.640830
5.690030
5.719150
5.697620
5.689790
5.650350
5.725880
5.623990
5.707770
5.634370
5.676020
5.595810
5.579370
5.613700
5.623400
5.660060
5.779870
5.605830
5.737440
5.531780
5.622990
5.598770
5.630570
5.728680
5.591630
5.691980
5.750140
5.615990
5.684620
5.770190
5.723820
5.653380
5.555190
5.590120
5.638760
5.559830
5.633920
5.608460
5.674140
5.629610
5.633810
5.689630
5.728920
5.772510
5.607730
5.755100
5.707690
5.744620
5.649280
5.738480
5.620330
5.748810
5.799740
5.571140
5.578380
5.642220
5.646020
5.564340
5.521730
5.627750
5.667690
5.686880
5.643000
5.685320
5.726890
5.618570
5.697480
5.603780
5.519860
5.717770
5.622980
5.638350
5.637600
5.596860
5.608440
5.655140
5.747430
5.630110
5.565140
5.624750
5.711760
5.813180
5.727590
5.633820
5.671670
5.548960
5.679250
5.652350
5.643770
5.695810
5.612770
5.638860
5.653460
5.635230
5.597090
5.605780
5.615910
5.700150
5.755430
5.547940
5.633650
5.763200
5.651270
5.622700
5.630800
5.703350
5.656450
5.744000
5.568530
5.563980
5.724590
5.527500
5.541660
5.704680
5.668460
5.700450
5.653560
5.733060
5.672620
5.791430
5.623820
5.679990
5.804720
5.695780
5.693190
5.715610
5.647880
5.650440
5.597390
5.693710
5.699960
5.754290
5.590740
5.585780
5.631110
5.635500
5.651160
5.730150
5.556360
5.620580
5.703310
5.699920
5.705380
5.770160
5.645080
5.667380
5.708460
5.540510
5.590460
5.651230
5.677720
5.639990
5.579340
5.601350
5.632340
5.720650
5.742640
5.702710
5.705690
5.654530
5.674550
5.665140
5.635640
5.582810
5.730490
5.559480
5.631550
5.596790
5.576160
5.578930
5.599350
5.745500
5.674950
5.591930
5.745800
5.629810
5.689240
5.688280
5.686790
5.580800
5.684810
5.660590
5.649280
5.643470
5.545230
5.662080
5.574080
5.575490
5.648560
5.626910
5.649330
5.684840
5.636010
5.623520
5.657440
5.769250
5.619910
5.461130
5.555480
5.603030
5.640500
5.620810
5.672740
5.551710
5.633730
5.694030
5.757150
5.584470
5.664650
5.604310
5.609180
5.700580
5.578420
5.555550
5.710940
5.694670
5.643290
5.661260
5.683240
5.629770
5.702610
5.546230
5.681030
5.629220
5.736000
5.562730
5.782940
5.558960
5.589540
5.581360
5.586740
5.701990
5.668610
5.728990
5.579300
5.681240
5.617990
5.725700
5.745550
5.633810
5.593760
5.631070
5.586040
5.703090
5.676860
5.618550
5.605030
5.546590
5.529360
5.689210
5.823870
5.683330
5.635080
5.588250
5.682070
5.650060
5.616580
5.684110
5.705900
5.659550
5.754750
5.608890
5.556240
5.653440
5.548140
5.732980
5.565010
5.521010
5.739260
5.782130
5.714780
5.652740
5.667480
5.541710
5.677640
5.626120
5.679570
5.764810
5.644170
5.753610
5.716990
5.631940
5.704770
5.677650
5.621050
5.673000
5.709960
5.588890
5.716310
5.610000
5.528300
5.707910
5.750490
5.606590
5.735690
5.689920
5.705930
5.705790
5.643190
5.677170
5.626300
5.588380
5.747960
5.754660
5.608450
5.711890
5.627830
5.683340
5.653800
5.655540
5.622650
5.663370
5.592670
5.656550
5.672590
5.617190
5.697380
5.587240
5.632840
5.609180
5.630100
5.715000
5.606050
5.636370
5.558020
5.669460
5.621810
5.734810
5.663360
5.750390
5.608250
5.572470
5.599880
5.633940
5.666770
5.674420
5.718400
5.691300
5.629960
5.779590
5.621100
5.685460
5.589400
5.696330
5.755290
5.543020
5.627340
5.728670
5.789240
5.608060
5.825630
5.556710
5.648810
5.703410
5.643320
5.613700
5.763390
5.708810
5.755790
5.609380
5.537830
5.650960
5.660090
5.662390
5.642900
5.754170
5.715150
5.594850
5.719250
5.624960
5.770830
5.627140
5.635810
5.671590
5.588920
5.680710
5.504360
5.692810
5.633940
5.578400
5.644210
5.769570
5.644010
5.614820
5.595960
5.669510
5.779250
5.767960
5.746360
5.713760
5.749190
5.603070
5.615970
5.702210
5.497980
5.749430
5.703270
5.647780
5.610590
5.572290
5.759830
5.788360
5.573430
5.655540
5.618830
5.474160
5.747820
5.681560
5.692290
5.627890
5.741920
5.617470
5.668610
5.774180
5.666320
5.753830
5.715600
5.646780
5.747570
5.575750
5.813610
5.546610
5.691680
5.646240
5.707580
5.726040
5.599500
5.582600
5.600510
5.634300
5.648160
5.709120
5.645280
5.681740
5.638840
5.592390
5.647230
5.708150
5.722690
5.693270
5.720080
5.663000
5.679360
5.549580
5.802610
5.736950
5.595720
5.753290
5.700410
5.588510
5.710220
5.470610
5.676520
5.650150
5.659670
5.700680
5.697910
5.681780
5.642520
5.601620
5.705750
5.653920
5.440140
5.694140
5.558200
5.723680
5.624180
5.669210
5.676000
5.701210
5.663100
5.740230
5.500280
5.694460
5.679900
5.599260
5.574370
5.741740
5.633250
5.780540
5.576580
5.617860
5.556360
5.631070
5.594270
5.657930
5.717050
5.608190
5.615100
5.694740
5.676080
5.716400
5.645960
5.531150
5.659730
5.616620
5.726360
5.775530
5.643320
5.704750
5.691130
5.675970
5.718770
5.613920
5.574040
5.693080
5.694620
5.651840
5.708530
5.620500
5.659060
5.658930
5.504600
5.698440
5.604550
5.768960
5.595850
5.724190
5.717600
5.792400
5.576760
5.652820
5.694730
5.642280
5.625200
5.810000
5.672380
5.796110
5.758480
5.635740
5.686660
5.710990
5.620130
5.668110
5.684130
5.634790
5.680730
5.599870
5.716090
5.702530
5.628250
5.650860
5.724670
5.597230
5.671810
5.621790
5.629230
5.716100
5.618220
5.790360
5.666210
5.649950
5.585650
5.605670
5.591450
5.602960
5.685560
5.660030
5.603030
5.682280
5.716060
5.694280
5.546300
5.694240
5.796300
5.653820
5.661840
5.716360
5.613630
5.593170
5.694320
5.777520
5.567090
5.648980
5.686360
5.653660
5.678010
5.676270
5.603020
5.603520
5.720210
5.665260
5.655020
5.691370
5.673070
5.630660
5.677890
5.671910
5.575610
5.676730
5.620280
5.634950
5.788190
5.688960
5.623510
5.734830
5.645120
5.571250
5.678120
5.557740
5.612100
5.593750
5.596430
5.595130
5.628690
5.696470
5.599840
5.540580
5.604990
5.699560
5.622800
5.667190
5.639460
5.579630
5.656000
5.690250
5.705790
5.803930
5.721860
5.709250
5.608570
5.627040
5.634150
5.536100
5.692300
5.674280
5.580830
5.640600
5.713900
5.806210
5.628810
5.558100
5.747790
5.564960
5.591100
5.621950
5.734480
5.647660
5.643030
5.640950
5.684350
5.750760
5.699110
5.687030
5.673990
5.735390
5.635480
5.596180
5.729000
5.684750
5.723740
5.647640
5.657620
5.620190
5.695540
5.640600
5.604000
5.709480
5.591770
5.676200
5.701570
5.674590
5.633980
5.700890
5.660700
5.752630
5.714410
5.667900
5.565560
5.636760
5.651710
5.627120
5.594290
5.712860
5.592890
5.662460
5.712420
5.650220
5.631810
5.659400
5.679560
5.650110
5.625340
5.806000
5.621550
5.654650
5.669680
5.576040
5.685410
5.660370
5.685460
5.641720
5.646070
5.721390
5.554720
5.667010
5.631130
5.566390
5.620770
5.647580
5.625710
5.697240
5.647050
5.695790
5.589330
5.640310
5.614990
5.672040
5.621560
5.653960
5.711330
5.667670
5.732520
5.668380
5.689810
5.662130
5.617900
5.542920
5.688360
5.720280
5.533060
5.662430
5.663150
5.554530
5.580280
5.638100
5.686760
5.609940
5.662950
5.708670
5.660200
5.687460
5.569000
5.675930
5.548250
5.657210
5.668150
5.655780
5.567570
5.782950
5.729560
5.546670
5.530120
5.696680
5.708260
5.538510
5.603980
5.698010
5.723740
5.672060
5.674060
5.559220
5.589360
5.631460
5.539080
5.673710
5.689260
5.808450
5.660110
5.657660
5.661520
5.723580
5.699990
5.720220
5.747030
5.717480
5.636330
5.694900
5.672400
5.803410
5.637530
5.689850
5.601810
5.670790
5.644190
5.635120
5.628010
5.728480
5.581660
5.699440
5.676310
5.511080
5.655130
5.704840
5.463790
5.520020
5.664190
5.541020
5.632360
5.631280
5.540530
5.608520
5.722910
5.650260
5.619710
5.659120
5.707350
5.575070
5.576090
5.696820
5.744830
5.684680
5.673570
5.663290
5.831240
5.563030
5.698870
5.616440
5.642260
5.639010
5.687810
5.629610
5.627310
5.664060
5.573050
5.651500
5.804880
5.715560
5.733650
5.643860
5.585270
5.670620
5.539790
5.674020
5.684780
5.744640
5.628050
5.744780
5.719980
5.633920
5.696970
5.663480
5.610280
5.678110
5.704570
5.635810
5.596430
5.639410
5.794480
5.600990
5.623180
5.648490
5.615200
5.616520
5.640140
5.682190
5.781690
5.709030
5.682400
5.630860
5.680390
5.673220
5.649710
5.545170
5.609990
5.655720
5.549870
5.735830
5.519840
5.619310
5.666560
5.511650
5.617330
5.620470
5.659680
5.574680
5.621920
5.567870
5.713950
5.584440
5.644180
5.697470
5.667950
5.735550
5.631300
5.756660
5.661670
5.685190
5.691120
5.665640
5.659990
5.734670
5.685250
5.679110
5.681760
5.552770
5.704030
5.552790
5.751540
5.612970
5.522480
5.568990
5.633620
5.561950
5.626630
5.664180
5.662140
5.666930
5.727060
5.708280
5.653790
5.753290
5.670630
5.650360
5.584280
5.528950
5.706800
5.662140
5.669510
5.566940
5.663730
5.643190
5.647720
5.601200
5.698690
5.514560
5.741890
5.745170
5.662510
5.590350
5.622120
5.658570
5.636110
5.603780
5.631760
5.654470
5.535160
5.631090
5.717570
5.857160
5.662860
5.621580
5.616980
5.569750
5.660740
5.680670
5.761230
5.722750
5.687540
5.745840
5.661190
5.628850
5.726910
5.696630
5.625460
5.625640
5.692030
5.554110
5.646560
5.589620
5.719710
5.617420
5.651920
5.758880
5.725770
5.769360
5.657280
5.621900
5.536480
5.601740
5.646710
5.626890
5.623280
5.803140
5.667230
5.575170
5.631470
5.699830
5.732630
5.522380
5.732680
5.704580
5.673770
5.583760
5.682080
5.721220
5.607630
5.626760
5.649290
5.697740
5.573910
5.684970
5.629340
5.681270
5.663620
5.642910
5.588110
5.714380
5.762640
5.573900
5.631070
5.598610
5.710630
5.693160
5.680180
5.720800
5.695790
5.707650
5.578140
5.722910
5.617350
5.639760
5.625180
5.659790
5.587700
5.623100
5.767630
5.635830
5.544120
5.689090
5.624120
5.658510
5.628890
5.684180
5.666310
5.718550
5.664690
5.622510
5.695230
5.652710
5.647080
5.699280
5.606490
5.634130
5.687730
5.592620
5.778920
5.596730
5.605400
5.751320
5.550970
5.516090
5.627750
5.716680
5.736670
5.708600
5.676030
5.742050
5.620280
5.661030
5.601510
5.634780
5.629130
5.547310
5.655950
5.733420
5.688180
5.575470
5.688360
5.687420
5.697320
5.671840
5.644000
5.602270
5.695380
5.727580
5.703240
5.623780
5.671810
5.578500
5.697990
5.604870
5.630300
5.732070
5.665270
5.724030
5.692570
5.649160
5.689790
5.639630
5.620950
5.645030
5.747850
5.663410
5.746600
5.644580
5.707360
5.626440
5.655940
5.701150
5.655560
5.636570
5.588280
5.640650
5.594890
5.750000
5.603750
5.578350
5.647610
5.728470
5.644330
5.663030
5.680850
5.597600
5.634520
5.664560
5.691170
5.617040
5.729660
5.628940
5.713950
5.712060
5.575700
5.645230
5.889870
5.732880
5.716420
5.662990
5.617020
5.624460
5.742490
5.708170
5.670560
5.835680
5.568290
5.693770
5.755000
5.596980
5.646390
5.632020
5.661640
5.597630
5.661850
5.720080
5.621450
5.599520
5.653770
5.804760
5.640540
5.543350
5.605940
5.681810
5.662310
5.692270
5.652500
5.571910
5.641660
5.606460
5.674820
5.633940
5.700150
5.553380
5.622380
5.674730
5.609070
5.627660
5.590500
5.684870
5.681160
5.605810
5.709120
5.658310
5.714940
5.670480
5.607520
5.563170
5.657340
5.659210
5.657550
5.648780
5.665650
5.584640
5.763820
5.658590
5.671180
5.656700
5.608600
5.699290
5.694540
5.738600
5.642470
5.531060
5.685510
5.688150
5.622480
5.770760
5.771500
5.716480
5.686250
5.665310
5.662170
5.603300
5.611410
5.622980
5.659540
5.578240
5.546710
5.722220
5.665240
5.627850
5.674750
5.617180
5.665690
5.720140
5.711130
5.584000
5.653850
5.595510
5.694760
5.732360
5.664190
5.792900
5.589300
5.715440
5.628720
5.702370
5.690950
5.736600
5.624080
5.690590
5.647850
5.641020
5.629900
5.742580
5.637110
5.574360
5.709080
5.459630
5.671990
5.657570
5.618120
5.711800
5.588130
5.621490
5.577780
5.743010
5.740250
5.627630
5.729930
5.643940
5.706920
5.722400
5.666530
5.624800
5.839580
5.685310
5.607600
5.721050
5.676880
5.692460
5.684030
5.655520
5.584130
5.668970
5.637530
5.657710
5.682020
5.650200
5.508570
5.658550
5.631960
5.686620
5.686940
5.589040
5.538200
5.657280
5.663940
5.656110
5.683190
5.700600
5.695560
5.631520
5.563050
5.673470
5.662700
5.735240
5.583280
5.549490
5.684990
5.560670
5.635570
5.688430
5.670790
5.627270
5.785300
5.718250
5.681090
5.593540
5.606220
5.741340
5.711230
5.532430
5.562210
5.645120
5.557480
5.649970
5.574520
5.659460
5.633990
5.669560
5.667870
5.694200
5.595930
5.652920
5.658880
5.629580
5.601150
5.644370
5.763160
5.670090
5.613200
5.654560
5.758200
5.605360
5.650110
5.675860
5.727180
5.601640
5.627400
5.558630
5.752930
5.656460
5.729850
5.792700
5.672250
5.643230
5.620290
5.573550
5.678790
5.589730
5.778520
5.719970
5.673640
5.705030
5.623710
5.641310
5.617320
5.613660
5.695280
5.525970
5.671000
5.658720
5.627860
5.664230
5.626480
5.679400
5.688960
5.702620
5.622870
5.598240
5.691800
5.675760
5.684870
5.749990
5.795570
5.780190
5.671130
5.570110
5.597880
5.707890
5.575410
5.719610
5.700350
5.678910
5.751140
5.631010
5.654660
5.557270
5.772200
5.619740
5.606850
5.530120
5.637750
5.702160
5.565550
5.675330
5.567250
5.691280
5.731280
5.637490
5.655160
5.721680
5.552200
5.634360
5.593680
5.673960
5.729380
5.630030
5.830970
5.664020
5.724830
5.626930
5.747120
5.584180
5.655350
5.695080
5.708050
5.591810
5.564120
5.611550
5.665760
5.602180
5.649180
5.595030
5.718890
5.715290
5.594230
5.743900
5.616580
5.649320
5.614610
5.734540
5.609290
5.715110
5.718180
5.587740
5.618080
5.717550
5.627540
5.753910
5.674380
5.695720
5.643890
5.583020
5.636460
5.674800
5.636650
5.705480
5.689910
5.677190
5.760830
5.582870
5.701520
5.685210
5.721680
5.698510
5.724440
5.695010
5.692880
5.654020
5.657940
5.544030
5.685250
5.742330
5.667650
5.750910
5.692910
5.617700
5.676210
5.590880
5.601170
5.561610
5.573340
5.666430
5.688170
5.668280
5.692310
5.836540
5.668610
5.723170
5.631850
5.549070
5.738710
5.665810
5.679900
5.568810
5.759380
5.741410
5.648360
5.643810
5.530270
5.718720
5.673390
5.661380
5.618040
5.643990
5.505440
5.570330
5.598690
5.657990
5.646500
5.669770
5.700430
5.638190
5.684680
5.654020
5.683300
5.669150
5.637920
5.636660
5.590820
5.664350
5.640140
5.626570
5.674460
5.633240
5.652180
5.578560
5.681400
5.660830
5.718040
5.655010
5.647170
5.685520
5.682620
5.802050
5.673990
5.630630
5.603320
5.615100
5.625740
5.613380
5.723180
5.617100
5.625400
5.717670
5.580460
5.653750
5.653950
5.714780
5.659850
5.705550
5.642120
5.534590
5.727110
5.554940
5.720030
5.681720
5.626990
5.649010
5.732560
5.617270
5.649670
5.722920
5.644050
5.750800
5.748230
5.585360
5.560990
5.725570
5.586230
5.647130
5.561620
5.744920
5.638870
5.788720
5.621460
5.544440
5.708640
5.634840
5.529850
5.624740
5.688530
5.627510
5.632360
5.626080
5.740580
5.721520
5.690680
5.682980
5.663540
5.652530
5.685660
5.540030
5.614740
5.611080
5.657800
5.672360
5.572820
5.722200
5.612010
5.570850
5.488020
5.620860
5.478620
5.711880
5.738350
5.701120
5.647230
5.659150
5.586370
5.763150
5.698280
5.651580
5.623170
5.709070
5.596550
5.655590
5.507860
5.615960
5.684790
5.617650
5.649460
5.663310
5.672210
5.706580
5.602620
5.691360
5.678190
5.663060
5.550490
5.795560
5.685030
5.570670
5.689240
5.666500
5.649960
5.690620
5.693950
5.632330
5.641190
5.657550
5.701510
5.537450
5.636230
5.592030
5.695290
5.591410
5.681440
5.671600
5.616570
5.632910
5.700180
5.635460
5.700880
5.727030
5.777620
5.633190
5.653280
5.615020
5.684820
5.762160
5.615800
5.630830
5.638860
5.853530
5.665690
5.568760
5.623720
5.695430
5.706170
5.736620
5.755710
5.757300
5.690310
5.742330
5.719190
5.722140
5.671580
5.597350
5.726290
5.532060
5.622680
5.648420
5.676480
5.580750
5.698740
5.773760
5.568290
5.717060
5.607730
5.614640
5.706310
5.620670
5.677010
5.606330
5.724020
5.616060
5.653440
5.626020
5.634540
5.746060
5.674340
5.558360
5.678500
5.701320
5.772470
5.706700
5.578060
5.611860
5.525530
5.778220
5.486880
5.605940
5.700170
5.681340
5.640450
5.599630
5.623030
5.619330
5.600910
5.607940
5.710340
5.624880
5.702050
5.584370
5.717260
5.578510
5.728940
5.662700
5.648910
5.711970
5.553120
5.692170
5.711380
5.608720
5.595770
5.668490
5.569170
5.614970
5.626860
5.591880
5.697660
5.776030
5.560750
5.666810
5.655750
5.633200
5.617960
5.668580
5.582390
5.604380
5.651130
5.690280
5.596410
5.647620
5.577730
5.730320
5.647360
5.713340
5.619640
5.692820
5.753850
5.771240
5.701310
5.614440
5.850490
5.708210
5.614260
5.562480
5.784190
5.632500
5.625750
5.723180
5.648690
5.700060
5.720300
5.579780
5.690990
5.613410
5.617220
5.562470
5.590660
5.551910
5.622810
5.653420
5.696920
5.591860
5.609730
5.648450
5.692070
5.661600
5.737080
5.685140
5.740890
5.709660
5.580110
5.645190
5.532670
5.644860
5.658710
5.622350
5.605460
5.689170
5.597030
5.669790
5.685700
5.709380
5.688680
5.746170
5.529130
5.645620
5.613750
5.586170
5.634660
5.678940
5.801660
5.756590
5.604260
5.523510
5.625820
5.558440
5.710860
5.582100
5.718260
5.650370
5.538610
5.810230
5.641290
5.738630
5.610920
5.719240
5.679320
5.721930
5.652160
5.660570
5.621540
5.674300
5.656760
5.657250
5.591790
5.522070
5.738740
5.599480
5.650090
5.634000
5.725670
5.695860
5.643740
5.645110
5.676480
5.577560
5.543520
5.703750
5.673460
5.759560
5.704310
5.768130
5.630350
5.598390
5.647240
5.610440
5.687150
5.670570
5.742840
5.672110
5.605360
5.579180
5.619170
5.677100
5.468590
5.735470
5.595260
5.657740
5.566620
5.741850
5.640690
5.737970
5.746850
5.739940
5.681860
5.708100
5.682580
5.653980
5.705580
5.681550
5.768400
5.612290
5.706930
5.695780
5.593560
5.709690
5.644530
5.693770
5.701140
5.714710
5.700110
5.806020
5.693190
5.742160
5.794060
5.626240
5.706820
5.668460
5.619660
5.674620
5.703200
5.703370
5.593520
5.596920
5.654600
5.709360
5.774640
5.614510
5.699140
5.628160
5.647420
5.655600
5.554320
5.603300
5.585860
5.580330
5.785820
5.689230
5.675690
5.814660
5.595430
5.569810
5.580520
5.676890
5.575990
5.597260
5.682110
5.631260
5.599910
5.559830
5.714790
5.651340
5.579580
5.728050
5.679850
5.608900
5.701860
5.648250
5.635060
5.591750
5.691990
5.662830
5.681750
5.730090
5.571430
5.613040
5.628460
5.845070
5.633110
5.597690
5.611390
5.700860
5.712830
5.715480
5.626040
5.690570
5.756450
5.722330
5.629900
5.638640
5.845110
5.577710
5.486410
5.722860
5.736330
5.637870
5.655850
5.584780
5.663950
5.848860
5.686930
5.622890
5.670000
5.609860
5.638270
5.725920
5.659990
5.559800
5.687540
5.608900
5.637450
5.509260
5.679740
5.651110
5.618990
5.594050
5.790070
5.662760
5.560450
5.714900
5.515630
5.602120
5.578760
5.625850
5.685420
5.759380
5.680380
5.673320
5.723690
5.570350
5.615920
5.727660
5.616600
5.827440
5.729990
5.641230
5.685350
5.659880
5.736400
5.650130
5.706910
5.640860
5.646640
5.710710
5.583970
5.663910
5.584580
5.632310
5.681030
5.603810
5.559900
5.621180
5.700850
5.720640
5.526550
5.717430
5.574690
5.644190
5.708020
5.720600
5.644360
5.634600
5.588260
5.640630
5.668830
5.663240
5.604810
5.604750
5.676330
5.684760
5.641080
5.758640
5.613030
5.625250
5.596690
5.570240
5.677350
5.773410
5.610160
5.659320
5.664120
5.692290
5.593390
5.679250
5.701910
5.633880
5.784620
5.694820
5.629550
5.723720
5.695740
5.664930
5.693900
5.644830
5.686630
5.735410
5.553260
5.692100
5.656780
5.661840
5.739920
5.707250
5.777920
5.611240
5.682560
5.752440
5.578590
5.753150
5.682560
5.702510
5.592210
5.642020
5.674240
5.630460
5.725530
5.803510
5.646430
5.687470
5.679370
5.641030
5.640650
5.726200
5.744500
5.603830
5.792110
5.722530
5.579170
5.583440
5.662540
5.729350
5.544200
5.671710
5.615520
5.690700
5.653620
5.577480
5.644240
5.672010
5.721020
5.614120
5.746750
5.726270
5.691210
5.706180
5.615770
5.763480
5.575470
5.701110
5.698310
5.671720
5.717880
5.626380
5.544850
5.626400
5.754920
5.570010
5.693680
5.601690
5.644790
5.763310
5.742110
5.666280
5.585660
5.710360
5.635000
5.647570
5.645660
5.531620
5.737600
5.694390
5.667670
5.727000
5.640180
5.650500
5.580160
5.649670
5.591660
5.607380
5.645270
5.661250
5.697400
5.706830
5.553220
5.603080
5.784970
5.767750
5.687860
5.735510
5.594990
5.690250
5.672660
5.681120
5.573320
5.671740
5.800150
5.738590
5.726220
5.730430
5.727690
5.615790
5.701290
5.695120
5.729130
5.533500
5.688210
5.616870
5.672850
5.626710
5.731160
5.644060
5.774040
5.695860
5.663740
5.608760
5.686940
5.618650
5.676430
5.698570
5.734960
5.697100
5.748670
5.585590
5.674810
5.711220
5.724070
5.690550
5.658640
5.599240
5.582610
5.608920
5.631900
5.594650
5.607430
5.622270
5.813680
5.604620
5.650350
5.628880
5.603310
5.721960
5.714430
5.595400
5.724490
5.606100
5.600950
5.645550
5.562900
5.626170
5.759790
5.621210
5.578030
5.654770
5.682890
5.762090
5.667040
5.678430
5.655030
5.596470
5.646500
5.729010
5.761220
5.688090
5.705530
5.779410
5.616850
5.579090
5.712570
5.649560
5.760950
5.616770
5.654740
5.674450
5.653430
5.580930
5.561570
5.648820
5.735410
5.665220
5.787380
5.593690
5.598610
5.676850
5.745470
5.731410
5.638650
5.562520
5.689940
5.719390
5.639750
5.712060
5.695540
5.646230
5.509800
5.708870
5.578910
5.675900
5.739980
5.705200
5.699760
5.686990
5.731030
5.609530
5.520710
5.654450
5.782830
5.713210
5.657430
5.720110
5.699970
5.717230
5.733400
5.648610
5.767150
5.519490
5.716990
5.627380
5.566840
5.607590
5.655990
5.686720
5.602940
5.511510
5.722300
5.704220
5.588020
5.713460
5.634180
5.580260
5.705380
5.751180
5.710910
5.688860
5.708430
5.803030
5.763570
5.646260
5.663580
5.791230
5.691010
5.646470
5.712360
5.737830
5.628540
5.698750
5.623790
5.596520
5.758240
5.644890
5.794280
5.633910
5.604810
5.669960
5.654020
5.642360
5.547710
5.680570
5.679900
5.637280
5.561370
5.688600
5.694800
5.662770
5.584440
5.682150
5.712330
5.643660
5.683690
5.722560
5.675970
5.645240
5.666820
5.666800
5.551260
5.703700
5.803960
5.680930
5.717680
5.727370
5.712010
5.667560
5.662510
5.693470
5.720710
5.569900
5.656170
5.601160
5.711050
5.624720
5.625480
5.668780
5.651140
5.718700
5.652370
5.676900
5.540100
5.598750
5.558670
5.642500
5.731860
5.678540
5.771210
5.618930
5.612830
5.565130
5.710680
5.534810
5.676560
5.674280
5.651500
5.573150
5.605590
5.566220
5.748820
5.672770
5.649470
5.633120
5.624330
5.786900
5.648660
5.679700
5.681590
5.700800
5.622760
5.598660
5.716910
5.667000
5.663770
5.726050
5.687040
5.663190
5.683510
5.663790
5.787210
5.613830
5.732740
5.716470
5.584400
5.677130
5.697430
5.686220
5.715070
5.585530
5.699550
5.651320
5.747980
5.586840
5.615270
5.615080
5.554940
5.596420
5.679750
5.749490
5.797500
5.664940
5.769020
5.677880
5.736170
5.698380
5.699920
5.614120
5.744730
5.712560
5.753230
5.632420
5.656170
5.680380
5.613830
5.617370
5.528530
5.554500
5.658060
5.657900
5.647860
5.562320
5.682020
5.697710
5.711740
5.710220
5.709990
5.602730
5.695650
5.579950
5.748580
5.643980
5.743810
5.669230
5.727850
5.676090
5.710000
5.735580
5.515260
5.698890
5.508130
5.634890
5.635730
5.672510
5.743430
5.743670
5.624600
5.702830
5.829120
5.680720
5.684670
5.624860
5.623240
5.575170
5.734550
5.709780
5.712770
5.717730
5.602520
5.592190
5.538310
5.531690
5.627510
5.702200
5.599920
5.592320
5.581790
5.670520
5.699580
5.841060
5.602220
5.681540
5.640630
5.629040
5.663300
5.659060
5.622230
5.558400
5.677760
5.686340
5.748410
5.574820
5.542990
5.624810
5.689680
5.826660
5.627340
5.640390
5.597600
5.642670
5.669510
5.664950
5.651810
5.613600
5.602010
5.678880
5.625560
5.747770
5.665260
5.634690
5.664450
5.659990
5.629400
5.680800
5.587470
5.692510
5.688470
5.725100
5.796700
5.623500
5.759940
5.732670
5.796950
5.566270
5.643110
5.675450
5.641670
5.685760
5.603710
5.660280
5.709840
5.672140
5.653670
5.719310
5.749280
5.683890
5.619710
5.646990
5.635470
5.643390
5.628510
5.681680
5.616250
5.683580
5.781120
5.641560
5.734110
5.857450
5.634680
5.741640
5.708050
5.656710
5.669400
5.738160
5.577300
5.664280
5.740070
5.577660
5.761950
5.549310
5.611670
5.684030
5.641360
5.674930
5.651540
5.675500
5.546580
5.658150
5.633380
5.656870
5.645690
5.718650
5.618890
5.610660
5.711450
5.697860
5.679910
5.750070
5.548180
5.561120
5.683910
5.621480
5.675010
5.523010
5.722050
5.637210
5.660660
5.611460
5.689050
5.656170
5.631340
5.783330
5.738070
5.561900
5.582940
5.699920
5.701800
5.664280
5.705190
5.706950
5.779620
5.715380
5.598190
5.648410
5.716680
5.657750
5.639110
5.778010
5.588370
5.667080
5.632270
5.718860
5.814610
5.638830
5.674450
5.695150
5.669990
5.633630
5.769070
5.756980
5.822300
5.704230
5.638530
5.631000
5.626470
5.729290
5.704860
5.597470
5.710510
5.783240
5.703840
5.575850
5.625970
5.676140
5.727630
5.739230
5.613480
5.587760
5.689010
5.617980
5.664120
5.640000
5.703310
5.671770
5.726620
5.549520
5.790880
5.684060
5.658170
5.559500
5.544520
5.727230
5.657760
5.655230
5.640940
5.693810
5.695110
5.604760
5.554620
5.636260
5.780120
5.679700
5.752120
5.639300
5.637390
5.608270
5.709370
5.615650
5.694920
5.738820
5.699990
5.614950
5.650450
5.775540
5.741770
5.615140
5.683750
5.553250
5.546440
5.702610
5.819420
5.699810
5.661380
5.755230
5.729130
5.630470
5.642530
5.744720
5.651270
5.642640
5.498830
5.646020
5.588860
5.629980
5.687940
5.595550
5.600810
5.625800
5.752540
5.618000
5.666160
5.658940
5.724480
5.672710
5.711520
5.747480
5.743840
5.613360
5.693250
5.691550
5.633550
5.686740
5.647540
5.530420
5.667800
5.583050
5.678560
5.676500
5.663860
5.678990
5.647600
5.660870
5.837760
5.588860
5.643520
5.728800
5.615350
5.585160
5.698950
5.675260
5.653500
5.623530
5.589730
5.699220
5.750700
5.650150
5.683500
5.685160
5.628890
5.670760
5.709170
5.588980
5.687400
5.623290
5.690950
5.667930
5.612470
5.680480
5.581620
5.717620
5.659870
5.652030
5.702760
5.716950
5.593420
5.664780
5.592900
5.572740
5.650670
5.614310
5.649960
5.678110
5.807180
5.591930
5.702260
5.714370
5.719550
5.557230
5.771580
5.700080
5.639040
5.645480
5.739380
5.674380
5.675870
5.628920
5.615010
5.650730
5.655570
5.663800
5.633500
5.608190
5.768660
5.675630
5.688480
5.664650
5.633090
5.688210
5.708220
5.667110
5.659180
5.683490
5.621140
5.721020
5.673790
5.576220
5.677250
5.630100
5.653180
5.640440
5.531620
5.549260
5.597220
5.674590
5.724780
5.813800
5.661130
5.652010
5.708990
5.587740
5.754770
5.564040
5.665980
5.609810
5.762250
5.647260
5.702400
5.750690
5.593600
5.550580
5.657430
5.603840
5.639170
5.567450
5.660370
5.612920
5.609030
5.720080
5.654130
5.701630
5.615120
5.685680
5.585040
5.610410
5.693380
5.640460
5.768970
5.658050
5.617810
5.776930
5.614540
5.684850
5.715540
5.777970
5.770550
5.692410
5.758780
5.675730
5.645850
5.645300
5.629870
5.739370
5.706880
5.583470
5.662220
5.662730
5.635410
5.695020
5.722320
5.623590
5.670530
5.685680
5.716510
5.725950
5.640670
5.628140
5.576060
5.648940
5.661000
5.710650
5.672770
5.692700
5.633040
5.657530
5.774720
5.615460
5.600620
5.687970
5.643180
5.625680
5.553400
5.634840
5.655960
5.600510
5.724570
5.634220
5.680710
5.783940
5.636990
5.620290
5.776430
5.658980
5.691130
5.767590
5.711490
5.628200
5.742020
5.794210
5.636590
5.554050
5.610750
5.677160
5.566120
5.594620
5.674400
5.828570
5.588590
5.806810
5.664590
5.681060
5.787110
5.624670
5.659570
5.673460
5.610140
5.665610
5.724440
5.641360
5.704290
5.775580
5.589380
5.620560
5.786270
5.688790
5.661060
5.715720
5.713460
5.683280
5.643190
5.596790
5.660920
5.627410
5.641730
5.569870
5.762140
5.604730
5.577150
5.744930
5.641860
5.729090
5.680830
5.719210
5.707030
5.620560
5.640610
5.733370
5.716510
5.653560
5.665910
5.639320
5.671590
5.769860
5.671960
5.625570
5.692580
5.828890
5.769640
5.567860
5.610130
5.698850
5.740110
5.574110
5.645620
5.646820
5.574400
5.565280
5.712750
5.744980
5.723820
5.755730
5.694750
5.673950
5.571380
5.623430
5.494780
5.561460
5.671340
5.680820
5.606510
5.694720
5.577800
5.595400
5.669860
5.637070
5.615540
5.590310
5.727060
5.693710
5.500860
5.559230
5.705510
5.691610
5.641260
5.667690
5.587260
5.570270
5.748120
5.675920
5.653360
5.591200
5.632380
5.665490
5.544650
5.743540
5.656610
5.680080
5.675970
5.622560
5.608090
5.711840
5.726280
5.648040
5.770950
5.691460
5.651500
5.663250
5.710940
5.629230
5.678510
5.729260
5.623930
5.675420
5.708330
5.523460
5.705980
5.648020
5.653060
5.651660
5.617410
5.695370
5.628420
5.715500
5.721730
5.651870
5.732860
5.544460
5.593450
5.693620
5.692860
5.711440
5.748860
5.764560
5.679760
5.696920
5.653890
5.657600
5.660670
5.661060
5.718230
5.672440
5.642860
5.734140
5.813200
5.714680
5.830310
5.682430
5.615540
5.554740
5.543990
5.661500
5.770390
5.627540
5.757340
5.685460
5.688170
5.616030
5.772300
5.539400
5.673840
5.632660
5.707960
5.650400
5.731650
5.689660
5.742690
5.633310
5.695230
5.687690
5.687760
5.621320
5.656920
5.657550
5.626510
5.611650
5.704360
5.557280
5.682350
5.743780
5.670520
5.637250
5.684810
5.596820
5.854670
5.659280
5.739640
5.478000
5.739470
5.637490
5.654860
5.651220
5.616210
5.611500
5.682480
5.642070
5.719160
5.684050
5.820560
5.694440
5.621770
5.706230
5.706090
5.592250
5.646790
5.707160
5.684050
5.701820
5.661360
5.639480
5.557190
5.659480
5.766740
5.722450
5.579540
5.566690
5.747460
5.658050
5.668750
5.597670
5.753850
5.632920
5.637730
5.693500
5.572110
5.612170
5.719130
5.670880
5.622360
5.635140
5.674390
5.730120
5.636680
5.746590
5.801480
5.662570
5.719300
5.615290
5.642540
5.685540
5.562840
5.779040
5.540620
5.727220
5.539320
5.676500
5.759260
5.668530
5.677600
5.692030
5.720730
5.651480
5.663100
5.783670
5.676790
5.759090
5.739300
5.677450
5.756360
5.638320
5.528040
5.709610
5.666580
5.752010
5.631870
5.703610
5.736770
5.682630
5.679980
5.551670
5.719550
5.661970
5.593740
5.663130
5.678510
5.744570
5.567650
5.618570
5.749010
5.688310
5.638910
5.686240
5.591320
5.768320
5.606450
5.647720
5.629270
5.616760
5.714630
5.736600
5.590650
5.687850
5.719590
5.719890
5.653450
5.682610
5.678070
5.650090
5.747840
5.634560
5.656740
5.612020
5.662110
5.689010
5.761730
5.611130
5.685670
5.617260
5.581340
5.608050
5.669460
5.690520
5.697750
5.617050
5.625580
5.622260
5.632210
5.732740
5.603790
5.631680
5.659260
5.740820
5.631110
5.637790
5.724610
5.715600
5.603150
5.733700
5.723520
5.671690
5.687600
5.720610
5.711570
5.577620
5.585240
5.640830
5.740440
5.612800
5.641800
5.690160
5.654670
5.699950
5.691540
5.563810
5.553050
5.577640
5.703300
5.695090
5.801400
5.710180
5.728890
5.666900
5.777950
5.674250
5.549640
5.570980
5.671320
5.702290
5.678980
5.673170
5.679140
5.792080
5.706970
5.619250
5.575340
5.687030
5.574970
5.802410
5.726590
5.591460
5.617210
5.714670
5.668920
5.631290
5.831600
5.701430
5.717240
5.692550
5.680260
5.698520
5.567300
5.697590
5.636310
5.702310
5.616380
5.677590
5.607710
5.626560
5.608500
5.798570
5.733280
5.632460
5.561080
5.615270
5.545370
5.709460
5.747970
5.689130
5.687330
5.652310
5.733310
5.541220
5.734210
5.754270
5.712620
5.629930
5.740380
5.687550
5.641980
5.639630
5.662410
5.628030
5.691390
5.673340
5.648420
5.666600
5.574510
5.643530
5.683820
5.541510
5.714840
5.563090
5.583540
5.564400
5.610190
5.620310
5.603840
5.701570
5.710760
5.691200
5.715900
5.633410
5.695470
5.568550
5.614140
5.741800
5.658660
5.832040
5.675050
5.759880
5.630660
5.613050
5.561420
5.701130
5.580380
5.627790
5.713070
5.676370
5.628700
5.682090
5.511580
5.561620
5.625200
5.746930
5.688620
5.483570
5.564510
5.669300
5.750820
5.697570
5.585970
5.676340
5.521340
5.671160
5.682640
5.609320
5.729010
5.578260
5.519100
5.710560
5.598860
5.659200
5.679730
5.730220
5.763390
5.609110
5.677180
5.702780
5.678670
5.694990
5.569450
5.614680
5.583390
5.755540
5.662660
5.572000
5.661260
5.640490
5.643530
5.733900
5.760990
5.609170
5.597130
5.738720
5.745970
5.729570
5.670010
5.655760
5.499050
5.704080
5.629990
5.692980
5.705580
5.645530
5.713790
5.629410
5.693950
5.694570
5.610980
5.629630
5.601970
5.583300
5.766810
5.715930
5.615190
5.620770
5.697780
5.642090
5.721950
5.712060
5.679320
5.775000
5.688250
5.650610
5.690680
5.735810
5.676160
5.579280
5.624760
5.742830
5.731910
5.599280
5.629290
5.721760
5.570420
5.656570
5.702470
5.618470
5.705690
5.933160
5.610840
5.754400
5.713410
5.751200
5.697100
5.666380
5.732930
5.666060
5.563720
5.692960
5.702730
5.729610
5.780050
5.672130
5.588030
5.528340
5.716170
5.604940
5.665490
5.615480
5.558940
5.806280
5.763940
5.636200
5.621660
5.637370
5.618230
5.636310
5.573740
5.688220
5.703220
5.692720
5.648180
5.583010
5.613650
5.601050
5.666580
5.551290
5.659410
5.662100
5.728820
5.628840
5.592440
5.736830
5.593920
5.589710
5.629880
5.678900
5.719570
5.596410
5.676940
5.682330
5.619640
5.655310
5.691620
5.730950
5.760190
5.694280
5.486590
5.676880
5.650310
5.732400
5.563720
5.600150
5.672530
5.680440
5.555000
5.647430
5.699330
5.517170
5.698090
5.726830
5.599080
5.690850
5.547010
5.723400
5.612350
5.707820
5.722780
5.717430
5.727220
5.680700
5.682720
5.575740
5.621190
5.564770
5.573770
5.610020
5.718920
5.615170
5.619120
5.586680
5.634210
5.667220
5.641130
5.728490
5.629760
5.718060
5.666990
5.622500
5.555320
5.485710
5.594890
5.691550
5.586300
5.733240
5.643370
5.621990
5.652610
5.563220
5.656280
5.756050
5.721990
5.645860
5.600860
5.753630
5.738640
5.568120
5.640910
5.720460
5.708710
5.551080
5.709470
5.635180
5.702510
5.634980
5.600700
5.610660
5.684920
5.752470
5.727150
5.657970
5.590240
5.638840
5.708050
5.593330
5.734920
5.672120
5.654840
5.743360
5.695340
5.701970
5.685590
5.695380
5.687580
5.654530
5.663720
5.688860
5.556510
5.598560
5.594900
5.778780
5.638030
5.663160
5.647430
5.581220
5.540970
5.698330
5.541840
5.642440
5.592650
5.665430
5.583480
5.620840
5.594940
5.672950
5.633150
5.691410
5.591580
5.585870
5.677950
5.624910
5.519440
5.640350
5.735700
5.517720
5.771260
5.501190
5.647710
5.723590
5.713470
5.723530
5.569460
5.562150
5.627610
5.612240
5.657560
5.625010
5.643560
5.621350
5.640060
5.585110
5.694400
5.662600
5.668740
5.815260
5.616810
5.768050
5.595070
5.686900
5.735070
5.669220
5.666930
5.635710
5.680000
5.614980
5.578320
5.808410
5.637470
5.610370
5.805640
5.574700
5.734670
5.750620
5.703220
5.493520
5.668840
5.673080
5.694820
5.662980
5.725870
5.690950
5.718290
5.659860
5.700580
5.667660
5.682410
5.513350
5.627200
5.742550
5.646170
5.667630
5.509880
5.649790
5.680700
5.642950
5.591520
5.625440
5.618600
5.586360
5.664430
5.661110
5.640990
5.679530
5.641200
5.689970
5.659240
5.578320
5.548550
5.640610
5.545800
5.731710
5.610290
5.656430
5.669160
5.603580
5.703420
5.647080
5.608110
5.698720
5.648510
5.623120
5.553480
5.603810
5.656010
5.641490
5.646970
5.585040
5.697730
5.686220
5.520130
5.618150
5.552590
5.639890
5.731090
5.616910
5.674830
5.708450
5.709780
5.665360
5.697880
5.728100
5.730810
5.603900
5.738710
5.709370
5.684860
5.697570
5.680020
5.612870
5.539400
5.578460
5.436360
5.631380
5.622520
5.609200
5.647450
5.577550
5.653400
5.652610
5.670980
5.633210
5.727990
5.702450
5.629690
5.725710
5.636790
5.654240
5.542180
5.733920
5.650300
5.682600
5.605680
5.696590
5.640370
5.649430
5.621340
5.629960
5.655900
5.730310
5.659740
5.700570
5.669700
5.670800
5.608990
5.586330
5.579710
5.735380
5.641100
5.777390
5.644030
5.621820
5.654900
5.616750
5.744600
5.665020
5.655370
5.626720
5.615300
5.670920
5.640980
5.592360
5.611850
5.655330
5.722560
5.640880
5.579170
5.571130
5.586140
5.654230
5.672640
5.559320
5.599130
5.580490
5.625020
5.729160
5.548800
5.560650
5.650720
5.595850
5.678350
5.652910
5.655500
5.603130
5.765250
5.640960
5.591070
5.643940
5.556720
5.648080
5.681750
5.718130
5.660710
5.634760
5.634410
5.644880
5.731120
5.604010
5.724320
5.759580
5.662420
5.699110
5.624230
5.551230
5.633040
5.596580
5.715920
5.688320
5.729570
5.641230
5.609610
5.704650
5.634000
5.554230
5.694370
5.721120
5.637800
5.650740
5.766560
5.600940
5.663300
5.703830
5.641230
5.655940
5.563300
5.628920
5.703780
5.584440
5.624710
5.847930
5.732050
5.660430
5.642250
5.518670
5.719500
5.681090
5.667560
5.604240
5.627560
5.762160
5.678750
5.587180
5.692340
5.617260
5.630380
5.489690
5.615380
5.661690
5.696250
5.748320
5.666110
5.660270
5.690930
5.584370
5.705220
5.670220
5.734170
5.770730
5.618630
5.575860
5.762300
5.667970
5.621230
5.512450
5.702260
5.696530
5.689670
5.561420
5.708350
5.689960
5.629600
5.720780
5.572720
5.673700
5.681070
5.537080
5.580330
5.730320
5.632410
5.708180
5.679340
5.676440
5.613910
5.602300
5.633930
5.612940
5.686620
5.650520
5.648720
5.629400
5.668000
5.644550
5.701890
5.720380
5.673650
5.744250
5.711300
5.669000
5.687740
5.655310
5.583150
5.655090
5.773730
5.712370
5.627790
5.601430
5.663370
5.626660
5.665020
5.753880
5.534950
5.653860
5.750040
5.732130
5.584860
5.709810
5.668430
5.682460
5.684120
5.704580
5.715270
5.603400
5.683500
5.593750
5.649370
5.745770
5.506010
5.571780
5.571390
5.623680
5.665330
5.637580
5.666460
5.685800
5.762140
5.653570
5.611890
5.580010
5.685680
5.578010
5.750490
5.648790
5.649770
5.761540
5.772890
5.677340
5.748770
5.653820
5.701960
5.700990
5.681860
5.636170
5.614910
5.609700
5.703220
5.669640
5.641810
5.671090
5.616480
5.648230
5.598970
5.580030
5.483460
5.680940
5.659530
5.612000
5.673240
5.628040
5.603560
5.679130
5.640370
5.702170
5.642070
5.641120
5.707040
5.567260
5.695720
5.643600
5.631630
5.799660
5.665220
5.697100
5.798210
5.712140
5.694670
5.662600
5.720750
5.630970
5.592960
5.680450
5.550140
5.700670
5.665350
5.652740
5.621120
5.713130
5.574510
5.667600
5.598810
5.572670
5.649570
5.697780
5.654510
5.746260
5.756840
5.718080
5.684420
5.771920
5.673370
5.659910
5.617720
5.666410
5.823680
5.710730
5.680690
5.687540
5.677990
5.642010
5.611620
5.707360
5.676120
5.598720
5.621560
5.618240
5.643940
5.761630
5.689350
5.664160
5.651200
5.654030
5.671130
5.683200
5.689590
5.644410
5.598060
5.754510
5.643660
5.751200
5.657890
5.656440
5.646560
5.618230
5.729000
5.635970
5.710580
5.599170
5.683430
5.582740
5.728150
5.775990
5.707750
5.683620
5.693280
5.524560
5.712950
5.661210
5.741950
5.667230
5.629080
5.753490
5.710970
5.654130
5.720120
5.662840
5.560470
5.672010
5.720780
5.607960
5.671080
5.603010
5.678380
5.650750
5.690450
5.742490
5.578800
5.687520
5.591040
5.640670
5.594640
5.774270
5.640050
5.658810
5.639960
5.662660
5.605820
5.754610
5.647530
5.623480
5.614050
5.696830
5.677540
5.619100
5.653440
5.578210
5.567440
5.556800
5.622080
5.693630
5.698940
5.611180
5.641130
5.694670
5.689090
5.677550
5.750960
5.640770
5.718480
5.691590
5.578190
5.641490
5.630490
5.667660
5.674870
5.696420
5.693020
5.704990
5.664650
5.732750
5.645980
5.757070
5.566540
5.743530
5.675600
5.734920
5.806780
5.673880
5.563780
5.637830
5.720790
5.645110
5.599930
5.748570
5.698140
5.728020
5.595470
5.710480
5.729430
5.703770
5.666270
5.703740
5.697390
5.688860
5.668500
5.617010
5.571010
5.583640
5.682230
5.565920
5.648480
5.629570
5.733170
5.652720
5.788130
5.609790
5.678500
5.747360
5.756930
5.688460
5.655910
5.802540
5.696430
5.663380
5.606750
5.732370
5.712810
5.761770
5.731760
5.499280
5.645970
5.616220
5.728990
5.602010
5.730450
5.564050
5.536730
5.737410
5.783360
5.617250
5.638120
5.651960
5.716010
5.696220
5.662590
5.780770
5.587710
5.643360
5.784500
5.566780
5.678150
5.530630
5.713960
5.707800
5.790940
5.614270
5.672550
5.654200
5.498040
5.628530
5.664790
5.511960
5.665760
5.685930
5.610420
5.816640
5.575550
5.620350
5.541830
5.606320
5.673960
5.655480
5.571640
5.699850
5.739160
5.618030
5.650220
5.727590
5.631910
5.740850
5.538020
5.708200
5.627180
5.722490
5.665790
5.713920
5.723040
5.656730
5.572890
5.748750
5.544520
5.688700
5.623430
5.613700
5.777270
5.782920
5.731610
5.493650
5.650960
5.684090
5.629790
5.585170
5.635500
5.704350
5.463340
5.620890
5.804880
5.636070
5.618700
5.642510
5.716270
5.698710
5.661160
5.641850
5.603070
5.723400
5.631220
5.596210
5.595650
5.708870
5.652740
5.666210
5.698520
5.811520
5.646600
5.610570
5.770530
5.712720
5.661470
5.654150
5.662470
5.662040
5.771780
5.658650
5.658840
5.725330
5.691650
5.588640
5.715360
5.657760
5.693540
5.646030
5.829700
5.629890
5.599230
5.764250
5.736450
5.596370
5.819000
5.755080
5.685710
5.698150
5.628920
5.785610
5.623590
5.678470
5.702830
5.750250
5.686230
5.649120
5.644130
5.619800
5.632680
5.566800
5.688360
5.660050
5.624780
5.717210
5.726080
5.778650
5.756220
5.648060
5.621100
5.639760
5.709520
5.751460
5.759770
5.766450
5.711260
5.615550
5.608580
5.581110
5.646300
5.794020
5.673040
5.680830
5.731150
5.674790
5.744170
5.716920
5.628250
5.646130
5.606530
5.731190
5.740840
5.717760
5.732470
5.611870
5.700950
5.698790
5.741200
5.565840
5.647800
5.716510
5.688830
5.613280
5.633560
5.649830
5.678010
5.720250
5.664410
5.655290
5.681060
5.726490
5.760180
5.719380
5.661570
5.605000
5.569630
5.482190
5.609690
5.641080
5.760430
5.517040
5.711610
5.595650
5.630490
5.620550
5.705430
5.526460
5.650210
5.573390
5.723500
5.591680
5.659260
5.606620
5.567130
5.580710
5.805020
5.705260
5.652380
5.700370
5.636180
5.599500
5.665890
5.555490
5.626060
5.658850
5.647200
5.574250
5.658580
5.649430
5.650840
5.655280
5.631020
5.734360
5.538740
5.751990
5.647710
5.659370
5.776390
5.637220
5.656540
5.666210
5.702350
5.591980
5.770450
5.705010
5.768630
5.687670
5.762830
5.714260
5.621070
5.552650
5.740050
5.663180
5.640710
5.675000
5.627750
5.715390
5.565000
5.673410
5.612370
5.756290
5.744490
5.685340
5.649990
5.524760
5.678760
5.658830
5.666520
5.634720
5.721080
5.707790
5.660520
5.573480
5.701610
5.704540
5.683200
5.628110
5.862060
5.669980
5.533350
5.677620
5.639250
5.544740
5.546230
5.623990
5.630010
5.686580
5.726180
5.734510
5.565660
5.571950
5.593100
5.579770
5.627110
5.681350
5.545890
5.660140
5.652430
5.703260
5.695920
5.625950
5.587030
5.792050
5.755380
5.644920
5.576090
5.643810
5.679690
5.602240
5.753720
5.693210
5.717750
5.677390
5.750470
5.549890
5.635850
5.604180
5.614810
5.558040
5.677730
5.628900
5.663010
5.579510
5.735640
5.572530
5.656670
5.748240
5.657580
5.702140
5.670460
5.727100
5.707160
5.644280
5.662920
5.643100
5.626240
5.627310
5.606880
5.576300
5.745130
5.661190
5.662920
5.580070
5.562960
5.648570
5.710800
5.586770
5.741520
5.735630
5.649150
5.797670
5.606110
5.595740
5.726610
5.565260
5.653950
5.681050
5.729460
5.641730
5.619470
5.630680
5.723790
5.752190
5.709650
5.634380
5.707260
5.687790
5.745700
5.798840
5.670550
5.549880
5.627060
5.656270
5.610880
5.595100
5.686810
5.602840
5.694850
5.758670
5.685830
5.637720
5.600630
5.617660
5.732630
5.630780
5.622010
5.655250
5.661900
5.634800
5.718640
5.539470
5.650320
5.697830
5.674910
5.720420
5.654420
5.614290
5.629070
5.652480
5.641850
5.646740
5.604110
5.695380
5.673240
5.645030
5.601720
5.550500
5.663650
5.631810
5.643450
5.590320
5.572330
5.678400
5.654410
5.649690
5.769600
5.674900
5.669570
5.693010
5.667800
5.731020
5.604540
5.698600
5.726860
5.640190
5.680990
5.659150
5.729070
5.671160
5.670370
5.835320
5.645630
5.641070
5.624060
5.700490
5.616950
5.654120
5.662990
5.703240
5.736140
5.572430
5.660470
5.728310
5.808270
5.587010
5.803690
5.656240
5.632110
5.653810
5.620050
5.606520
5.701750
5.662680
5.734740
5.661510
5.586940
5.734930
5.682830
5.694400
5.663820
5.666110
5.673460
5.584140
5.661300
5.640080
5.641240
5.699260
5.612180
5.607610
5.699270
5.607070
5.613140
5.701340
5.687520
5.629690
5.661790
5.670010
5.582370
5.827570
5.755160
5.624790
5.581820
5.597950
5.699760
5.764180
5.776330
5.671680
5.614510
5.819000
5.624290
5.671260
5.660620
5.726640
5.595090
5.749460
5.689770
5.670020
5.580190
5.608700
5.600300
5.659630
5.608950
5.550330
5.678330
5.732250
5.657480
5.617010
5.622730
5.624410
5.586390
5.641420
5.751850
5.598800
5.608320
5.651040
5.555420
5.620070
5.710180
5.620580
5.713210
5.685660
5.712180
5.611390
5.659500
5.799160
5.623520
5.574840
5.723490
5.605760
5.560270
5.615240
5.634270
5.644950
5.650720
5.672670
5.677330
5.714250
5.690990
5.683430
5.570110
5.701520
5.667440
5.630140
5.690740
5.567870
5.646530
5.554550
5.713230
5.717970
5.664590
5.678390
5.696990
5.680600
5.661920
5.621470
5.671200
5.657980
5.647150
5.666060
5.653000
5.524290
5.646590
5.646590
