5.652810
5.691820
5.678690
5.614570
5.743970
5.528150
5.658020
5.670220
5.554960
5.683800
5.644960
5.603280
5.576410
5.628860
5.590320
5.641900
5.559360
5.612120
5.655540
5.644140
5.731440
5.674080
5.649220
5.652750
5.685180
5.730870
5.675830
5.772550
5.671060
5.576110
5.718860
5.584600
5.705340
5.648170
5.691340
5.636280
5.664030
5.673860
5.620050
5.653770
5.527130
5.659670
5.801780
5.656960
5.627880
5.554690
5.668740
5.670310
5.639270
5.801290
5.702380
5.763390
5.588030
5.705160
5.604890
5.603760
5.687330
5.686250
5.671060
5.656120
5.754360
5.539000
5.755000
5.778650
5.758060
5.627040
5.712800
5.563300
5.777110
5.572980
5.618990
5.647810
5.744740
5.678780
5.619130
5.730050
5.682130
5.641840
5.638660
5.687420
5.564340
5.609230
5.737780
5.602210
5.533550
5.537840
5.600710
5.666770
5.711720
5.753390
5.708340
5.620800
5.678800
5.634850
5.620960
5.560660
5.623780
5.710390
5.693200
5.602630
5.619110
5.718660
5.690110
5.800280
5.585510
5.677960
5.701240
5.630040
5.620120
5.742320
5.651230
5.638480
5.625670
5.593680
5.616480
5.714600
5.653550
5.668710
5.847000
5.677540
5.663250
5.677020
5.665610
5.666500
5.707150
5.706920
5.698240
5.642980
5.704410
5.546940
5.660260
5.624680
5.615760
5.761240
5.659870
5.753140
5.625070
5.587650
5.663200
5.592420
5.681430
5.603520
5.737660
5.633070
5.745790
5.742670
5.761910
5.551300
5.616490
5.866570
5.692900
5.729050
5.704690
5.603270
5.688580
5.842430
5.720190
5.600820
5.734520
5.668220
5.739640
5.621900
5.835110
5.586630
5.676010
5.588100
5.767280
5.629460
5.602850
5.670750
5.766650
5.605940
5.695880
5.723070
5.724880
5.735530
5.714830
5.526530
5.802700
5.662690
5.530850
5.593840
5.722010
5.571260
5.667020
5.626950
5.612800
5.621010
5.632280
5.720380
5.682280
5.690460
5.650320
5.674860
5.657410
5.553540
5.559230
5.637440
5.667480
5.486860
5.597060
5.677570
5.602720
5.670160
5.618060
5.693640
5.631920
5.606840
5.654830
5.641540
5.622080
5.658850
5.669450
5.631600
5.668230
5.601010
5.639520
5.591400
5.675460
5.673180
5.667560
5.567520
5.534380
5.619160
5.595530
5.705150
5.700070
5.737380
5.638840
5.664340
5.674690
5.703590
5.629520
5.566400
5.661600
5.644300
5.613810
5.620950
5.718280
5.701020
5.611280
5.524170
5.671940
5.586910
5.631820
5.627630
5.564400
5.681430
5.714620
5.598630
5.691610
5.712650
5.587150
5.620350
5.572680
5.688720
5.609080
5.647910
5.697620
5.792120
5.668550
5.737390
5.636150
5.582770
5.612410
5.741940
5.740390
5.665550
5.658830
5.773270
5.582680
5.548760
5.613260
5.648170
5.818230
5.663550
5.642770
5.651190
5.590020
5.670150
5.680620
5.587360
5.621710
5.604710
5.574170
5.674920
5.650390
5.574380
5.865170
5.683890
5.715060
5.624610
5.736840
5.584190
5.608540
5.751330
5.559020
5.651500
5.716390
5.736300
5.618610
5.690300
5.691990
5.663210
5.716770
5.631630
5.553460
5.647950
5.528370
5.717970
5.714240
5.695170
5.675710
5.627600
5.666950
5.694540
5.571400
5.583630
5.632350
5.525100
5.566110
5.525670
5.651870
5.634130
5.625190
5.699810
5.651400
5.610070
5.715320
5.753160
5.638760
5.563810
5.784690
5.750800
5.639810
5.665260
5.682620
5.707440
5.661590
5.634700
5.608160
5.614000
5.733960
5.679480
5.585760
5.687530
5.650040
5.679820
5.654570
5.522440
5.648080
5.612470
5.678470
5.790870
5.598300
5.651310
5.616200
5.525590
5.661700
5.741720
5.685570
5.742030
5.620680
5.505640
5.727980
5.647330
5.607060
5.646770
5.472120
5.659140
5.688380
5.627270
5.636460
5.598570
5.665950
5.673550
5.725140
5.599340
5.585990
5.672030
5.569940
5.671620
5.672610
5.797650
5.657300
5.753990
5.663660
5.717220
5.637930
5.758730
5.648410
5.657150
5.779910
5.712360
5.628540
5.688330
5.623300
5.607760
5.651120
5.505420
5.663330
5.714860
5.647850
5.681760
5.552830
5.666450
5.692880
5.694900
5.625820
5.640160
5.681860
5.695370
5.562200
5.639380
5.674680
5.668400
5.724830
5.654500
5.498960
5.645530
5.635240
5.557850
5.647270
5.661480
5.590830
5.577500
5.678120
5.638640
5.574260
5.707880
5.567370
5.583490
5.740670
5.588950
5.609840
5.753370
5.679450
5.646880
5.704580
5.768820
5.675550
5.604700
5.564930
5.653900
5.585940
5.628840
5.685960
5.672980
5.656780
5.645270
5.617200
5.608190
5.612210
5.838200
5.669370
5.616910
5.598010
5.712960
5.583170
5.668270
5.652850
5.716450
5.620940
5.578830
5.594240
5.648630
5.738020
5.623940
5.611670
5.664630
5.640850
5.649350
5.671120
5.608230
5.653430
5.731900
5.622530
5.627860
5.680410
5.681880
5.702530
5.671670
5.600360
5.642660
5.605850
5.565310
5.673190
5.610050
5.659570
5.688910
5.667250
5.729430
5.674250
5.716860
5.743750
5.587220
5.661360
5.738080
5.753560
5.642280
5.740480
5.611350
5.585620
5.652090
5.650590
5.657360
5.708660
5.498340
5.616460
5.592030
5.693700
5.717990
5.750500
5.636090
5.718970
5.570640
5.733210
5.682840
5.564430
5.755430
5.761180
5.694410
5.574520
5.677860
5.708310
5.652570
5.620590
5.615660
5.600500
5.710080
5.638400
5.766840
5.615890
5.817990
5.721340
5.742870
5.720350
5.684790
5.731450
5.663110
5.761780
5.628110
5.782630
5.632490
5.642610
5.697040
5.690880
5.688620
5.567100
5.638440
5.620540
5.649420
5.639370
5.720470
5.636380
5.622120
5.691310
5.653880
5.724130
5.651950
5.643690
5.682630
5.525800
5.675300
5.623760
5.737650
5.669760
5.678940
5.761900
5.655570
5.648040
5.641250
5.762840
5.795690
5.660210
5.672930
5.689780
5.724200
5.669860
5.579400
5.683980
5.658650
5.707010
5.622820
5.622050
5.697750
5.719450
5.697820
5.666090
5.543840
5.675860
5.661530
5.657950
5.617160
5.768120
5.722510
5.643750
5.681120
5.758640
5.760940
5.651600
5.616290
5.777160
5.669430
5.704590
5.770010
5.625720
5.785600
5.687470
5.655120
5.604330
5.663140
5.698320
5.601440
5.663310
5.653660
5.685220
5.690120
5.652370
5.730780
5.743680
5.626900
5.725080
5.572320
5.612870
5.654180
5.608750
5.683520
5.586850
5.584510
5.598340
5.598460
5.588400
5.649100
5.673900
5.534110
5.767700
5.647170
5.675160
5.668890
5.658440
5.621580
5.603430
5.725560
5.558420
5.714690
5.578890
5.754300
5.614470
5.635160
5.650790
5.627550
5.690650
5.709150
5.624280
5.631660
5.720260
5.724390
5.788370
5.732560
5.719100
5.584400
5.693650
5.596650
5.808280
5.658500
5.749290
5.612970
5.624520
5.795200
5.638460
5.585410
5.585420
5.647940
5.646250
5.652000
5.739250
5.727500
5.705220
5.646190
5.663110
5.669010
5.713730
5.730580
5.694010
5.710360
5.689530
5.702230
5.578090
5.748570
5.596330
5.707020
5.682740
5.670380
5.603450
5.723420
5.680110
5.698400
5.696030
5.631750
5.711760
5.743860
5.719320
5.545180
5.631300
5.685080
5.725770
5.631190
5.697600
5.567440
5.673500
5.565020
5.668200
5.736250
5.784090
5.641700
5.645640
5.718560
5.676980
5.697930
5.610200
5.705720
5.562570
5.711490
5.686300
5.679300
5.717740
5.657220
5.697150
5.659800
5.669810
5.601550
5.796330
5.693930
5.599980
5.757890
5.648750
5.669970
5.657800
5.660570
5.626640
5.604060
5.719680
5.632610
5.665750
5.712650
5.730690
5.628580
5.660470
5.676100
5.738640
5.730690
5.680340
5.625380
5.612610
5.606880
5.651840
5.546860
5.712320
5.753980
5.693300
5.631530
5.653990
5.597730
5.567220
5.621300
5.726520
5.708460
5.681670
5.626470
5.728150
5.717710
5.707800
5.622500
5.712460
5.678610
5.553960
5.661880
5.599020
5.739950
5.660600
5.619460
5.703240
5.570000
5.757390
5.661480
5.545880
5.673760
5.765670
5.587250
5.619420
5.608620
5.610170
5.720760
5.677040
5.666750
5.537780
5.559680
5.693500
5.723450
5.636900
5.729380
5.624870
5.591100
5.693380
5.684710
5.718660
5.644330
5.558650
5.698810
5.739270
5.654910
5.667520
5.710830
5.613480
5.493980
5.731410
5.637150
5.599040
5.668530
5.710790
5.550240
5.694460
5.741540
5.682070
5.711870
5.668840
5.612630
5.566290
5.645660
5.577490
5.527520
5.576820
5.689860
5.705460
5.627480
5.718880
5.619330
5.579950
5.659050
5.692850
5.620220
5.707770
5.603720
5.552530
5.623840
5.774590
5.646030
5.614270
5.731080
5.540460
5.692250
5.729060
5.762630
5.685950
5.670160
5.647580
5.669630
5.587300
5.585220
5.639010
5.673290
5.578450
5.646060
5.611020
5.606970
5.798640
5.639180
5.568520
5.698470
5.637090
5.622430
5.717400
5.646460
5.583690
5.749610
5.662540
5.699560
5.694890
5.659230
5.699720
5.668190
5.536650
5.666760
5.626440
5.596630
5.657100
5.666940
5.594930
5.695660
5.803940
5.741410
5.643940
5.728050
5.629510
5.664250
5.662100
5.625940
5.624100
5.568440
5.757870
5.613290
5.719510
5.712260
5.642610
5.673320
5.507380
5.667630
5.626070
5.620940
5.685830
5.649650
5.767620
5.787560
5.664600
5.548250
5.624430
5.568870
5.611320
5.680420
5.624650
5.640990
5.604240
5.646640
5.691110
5.664610
5.705500
5.740270
5.718350
5.688680
5.648180
5.740880
5.734830
5.662410
5.687080
5.708230
5.660410
5.638330
5.748570
5.604510
5.642800
5.656930
5.740400
5.637700
5.534870
5.748480
5.657460
5.810130
5.796090
5.588430
5.610060
5.652260
5.715290
5.607930
5.546750
5.648050
5.642590
5.587250
5.487080
5.725410
5.701600
5.570490
5.567710
5.795730
5.612860
5.651710
5.760660
5.679430
5.673420
5.666880
5.694320
5.670450
5.695000
5.730160
5.703440
5.463860
5.661350
5.680820
5.751610
5.777630
5.666590
5.694000
5.517320
5.641050
5.685240
5.763230
5.610530
5.806650
5.756780
5.710200
5.777310
5.753900
5.739730
5.571650
5.740100
5.632310
5.670990
5.594860
5.619540
5.737540
5.668890
5.628670
5.671780
5.644950
5.744020
5.737810
5.764290
5.624880
5.673200
5.701400
5.639680
5.670720
5.693340
5.694510
5.753170
5.704050
5.643140
5.667020
5.654120
5.672370
5.772540
5.663580
5.562010
5.755130
5.676990
5.663020
5.699180
5.756210
5.606070
5.658890
5.534020
5.650540
5.715010
5.660740
5.629220
5.807030
5.670950
5.686040
5.579510
5.689700
5.711620
5.565740
5.596210
5.708400
5.662280
5.660760
5.619600
5.709740
5.726140
5.668330
5.628340
5.720350
5.611030
5.834650
5.704350
5.524940
5.740600
5.642800
5.606450
5.647360
5.556070
5.742200
5.652450
5.617110
5.689460
5.795220
5.687760
5.602950
5.679680
5.579410
5.628790
5.743660
5.570390
5.699030
5.689000
5.751810
5.591250
5.626050
5.697590
5.701040
5.717070
5.747910
5.680840
5.653690
5.699620
5.674790
5.724610
5.603650
5.634600
5.693690
5.682130
5.592280
5.601710
5.578620
5.770830
5.576640
5.782230
5.548500
5.715590
5.605750
5.683910
5.607470
5.579630
5.692670
5.526650
5.590920
5.592740
5.651640
5.561790
5.720690
5.758480
5.679000
5.576150
5.656860
5.789970
5.545670
5.617000
5.698290
5.679610
5.701000
5.669710
5.674930
5.695150
5.598310
5.704880
5.653510
5.763820
5.664730
5.679800
5.724440
5.585700
5.602710
5.699840
5.570680
5.615870
5.629180
5.697880
5.663170
5.754060
5.606210
5.649530
5.605240
5.637810
5.665720
5.716210
5.646840
5.557790
5.579290
5.701340
5.656370
5.652600
5.773530
5.755510
5.612380
5.750410
5.568260
5.774450
5.659980
5.643980
5.728980
5.704830
5.734350
5.672040
5.592450
5.721830
5.882750
5.785360
5.631490
5.634810
5.596350
5.640800
5.608610
5.681900
5.718210
5.659880
5.628030
5.622160
5.709770
5.630790
5.628690
5.676110
5.675090
5.615860
5.751600
5.574550
5.635200
5.695310
5.654660
5.615690
5.581710
5.700150
5.638760
5.635710
5.707280
5.652440
5.628390
5.695440
5.617420
5.724940
5.693740
5.678700
5.575510
5.657340
5.630240
5.577230
5.550820
5.514350
5.668680
5.637810
5.716140
5.619250
5.666210
5.669050
5.569370
5.750110
5.770970
5.618980
5.712770
5.686130
5.712070
5.753910
5.784380
5.633400
5.653920
5.622200
5.668990
5.692680
5.650520
5.566740
5.673190
5.714450
5.617280
5.652550
5.530000
5.645750
5.688020
5.599480
5.593310
5.592210
5.714150
5.620370
5.674380
5.540850
5.613780
5.796180
5.652540
5.653540
5.723080
5.592270
5.715010
5.730800
5.655350
5.740460
5.677120
5.671380
5.635180
5.553990
5.631180
5.629610
5.650690
5.718570
5.622740
5.620750
5.765660
5.698170
5.635690
5.560900
5.592790
5.560610
5.683800
5.502370
5.597930
5.663590
5.598070
5.685010
5.734730
5.647250
5.773010
5.699300
5.569770
5.572820
5.702320
5.662090
5.591020
5.629280
5.533450
5.630090
5.655920
5.735880
5.607950
5.692790
5.720630
5.679600
5.636810
5.676990
5.643670
5.687110
5.601760
5.668000
5.780290
5.656120
5.632530
5.681180
5.680430
5.633130
5.587450
5.745730
5.676940
5.752100
5.681710
5.638690
5.699940
5.673650
5.609940
5.809870
5.664230
5.667650
5.768160
5.719980
5.717830
5.688090
5.602600
5.594000
5.568470
5.712750
5.610470
5.636880
5.521600
5.706210
5.587740
5.609530
5.678070
5.629660
5.773680
5.651340
5.639830
5.669990
5.555910
5.662590
5.570020
5.669390
5.627020
5.718130
5.618890
5.616730
5.801700
5.624220
5.623530
5.691020
5.587100
5.634990
5.631850
5.548530
5.615380
5.774750
5.684640
5.530700
5.739270
5.617070
5.702120
5.758720
5.628940
5.667510
5.736360
5.719100
5.571610
5.613740
5.524150
5.587680
5.692310
5.720920
5.682820
5.574240
5.632200
5.672830
5.737160
5.635590
5.722650
5.608700
5.693720
5.646850
5.693370
5.730350
5.704990
5.599370
5.737000
5.578970
5.689130
5.477920
5.588460
5.714930
5.658250
5.682420
5.642180
5.500260
5.562680
5.541810
5.664650
5.730090
5.732200
5.629440
5.672790
5.697050
5.732340
5.677140
5.638740
5.601430
5.569030
5.588840
5.651890
5.629150
5.678740
5.688920
5.679660
5.550510
5.694380
5.656020
5.618130
5.610670
5.623840
5.574460
5.595210
5.735520
5.698770
5.639670
5.659330
5.673830
5.520570
5.599830
5.609600
5.619450
5.658760
5.740350
5.721680
5.647550
5.599040
5.746610
5.634000
5.581830
5.621820
5.689300
5.579260
5.638320
5.704370
5.731920
5.665700
5.641300
5.686170
5.568950
5.668350
5.605830
5.659580
5.645780
5.628480
5.609190
5.646200
5.697280
5.658430
5.699410
5.649460
5.697040
5.570410
5.617390
5.563750
5.625900
5.537440
5.760210
5.578150
5.701470
5.550840
5.635950
5.748080
5.651300
5.651770
5.633840
5.713290
5.573510
5.620540
5.611080
5.638830
5.663570
5.734600
5.632800
5.639670
5.618440
5.726400
5.588260
5.653700
5.739980
5.691230
5.565060
5.607120
5.651110
5.697250
5.626360
5.550560
5.645840
5.615870
5.643400
5.696700
5.688720
5.744320
5.752540
5.643630
5.609220
5.642490
5.722280
5.634950
5.669010
5.720400
5.686530
5.632910
5.617280
5.599720
5.679950
5.756500
5.742070
5.540760
5.675910
5.648350
5.665980
5.636890
5.752650
5.585500
5.752230
5.553600
5.671330
5.756690
5.649240
5.635510
5.600100
5.575650
5.647240
5.662890
5.739380
5.548200
5.605130
5.623870
5.684040
5.641190
5.717240
5.635000
5.545330
5.529260
5.679650
5.711680
5.794660
5.620760
5.728640
5.680990
5.699720
5.694540
5.604730
5.613200
5.632290
5.681600
5.632040
5.592810
5.775960
5.625010
5.677970
5.827520
5.663080
5.605780
5.712020
5.655620
5.644470
5.651150
5.734740
5.633170
5.688600
5.608610
5.665400
5.731390
5.595230
5.716440
5.737840
5.721170
5.726170
5.584040
5.713270
5.679380
5.595730
5.720400
5.609320
5.601090
5.682300
5.703390
5.614630
5.701540
5.644320
5.688620
5.687770
5.694450
5.682820
5.505790
5.639340
5.650860
5.600110
5.679190
5.721430
5.771550
5.720840
5.546590
5.676130
5.619120
5.754880
5.763740
5.735990
5.692800
5.693120
5.670680
5.809700
5.546690
5.670670
5.756010
5.629590
5.631340
5.609340
5.575310
5.700940
5.796660
5.708350
5.698100
5.668760
5.748060
5.668850
5.644390
5.674290
5.617440
5.670930
5.686710
5.690130
5.660580
5.631430
5.634190
5.620360
5.536450
5.626770
5.707030
5.607090
5.662970
5.654210
5.630980
5.724400
5.660400
5.740000
5.662000
5.618160
5.592750
5.700840
5.542470
5.730980
5.564750
5.713240
5.732950
5.784520
5.570370
5.692140
5.594090
5.784770
5.723080
5.604330
5.700780
5.709870
5.596810
5.650570
5.700380
5.640830
5.699400
5.669120
5.607080
5.564120
5.600520
5.568420
5.642660
5.757300
5.676040
5.542350
5.638150
5.693570
5.696140
5.701230
5.689710
5.633520
5.620000
5.812880
5.731690
5.608900
5.542870
5.685620
5.716120
5.617060
5.641380
5.737720
5.616510
5.667030
5.578840
5.619670
5.655800
5.811420
5.591730
5.706700
5.680640
5.629530
5.724980
5.705710
5.632930
5.721980
5.633730
5.699310
5.735390
5.636030
5.633600
5.761850
5.606560
5.607600
5.663170
5.663150
5.541110
5.595330
5.690840
5.754260
5.595310
5.721030
5.792230
5.608320
5.707620
5.744240
5.546180
5.750960
5.561240
5.779210
5.678720
5.691290
5.623010
5.513500
5.711150
5.694520
5.595190
5.729380
5.655110
5.608690
5.622090
5.652250
5.682080
5.753920
5.674640
5.678990
5.677800
5.683150
5.731180
5.651030
5.744380
5.575500
5.679690
5.704480
5.658220
5.638030
5.711140
5.593580
5.625110
5.736010
5.651860
5.670630
5.557390
5.655270
5.699090
5.783440
5.570840
5.666480
5.605250
5.632250
5.568250
5.717130
5.566740
5.628100
5.641500
5.582320
5.598120
5.597920
5.593140
5.770650
5.558510
5.663860
5.524410
5.617990
5.638080
5.567460
5.783200
5.603350
5.641510
5.526460
5.597270
5.559860
5.571870
5.608690
5.594970
5.769120
5.567580
5.698500
5.647640
5.744130
5.735440
5.666660
5.631250
5.572600
5.659690
5.670860
5.674640
5.656440
5.772430
5.744830
5.720310
5.674910
5.702030
5.794430
5.567470
5.675950
5.701240
5.703690
5.601590
5.727890
5.644000
5.808080
5.686730
5.701830
5.703270
5.704740
5.718560
5.665450
5.733470
5.731320
5.722050
5.627660
5.725140
5.605340
5.619440
5.669650
5.607080
5.630540
5.680530
5.718050
5.708260
5.764350
5.679040
5.545020
5.665300
5.675110
5.647120
5.577930
5.626190
5.638900
5.577600
5.592100
5.685780
5.629480
5.690870
5.807920
5.630810
5.760800
5.656400
5.648840
5.587540
5.637400
5.591880
5.536810
5.546380
5.617450
5.627570
5.669820
5.719850
5.723740
5.721990
5.641660
5.602910
5.771380
5.620390
5.555790
5.810610
5.867770
5.721360
5.767030
5.631220
5.727880
5.744080
5.583720
5.654830
5.681760
5.723670
5.576720
5.764530
5.608340
5.678040
5.658320
5.653660
5.615810
5.743090
5.597140
5.690290
5.637460
5.625150
5.563060
5.603830
5.721300
5.600240
5.693790
5.690720
5.570870
5.584020
5.630170
5.792180
5.665360
5.782310
5.608400
5.732800
5.783410
5.722020
5.620090
5.586290
5.582880
5.559720
5.641570
5.697820
5.655210
5.609800
5.618010
5.721920
5.648580
5.588850
5.611230
5.673670
5.605410
5.706890
5.687640
5.624100
5.754950
5.576500
5.628630
5.702980
5.626060
5.690180
5.650120
5.651170
5.721490
5.721780
5.738320
5.798840
5.731140
5.699760
5.656210
5.712920
5.617410
5.670990
5.661080
5.638530
5.679900
5.688430
5.649370
5.601930
5.704280
5.583720
5.728610
5.645760
5.608980
5.504900
5.654680
5.577680
5.669910
5.649500
5.683730
5.590570
5.580430
5.651950
5.668030
5.600300
5.744830
5.623440
5.721600
5.671360
5.724300
5.728920
5.704760
5.653260
5.631040
5.655680
5.595530
5.590220
5.695020
5.703610
5.686710
5.733970
5.534950
5.674390
5.715400
5.669910
5.692790
5.550890
5.716920
5.680160
5.657100
5.769770
5.717070
5.709770
5.579020
5.782110
5.681110
5.590720
5.729260
5.586530
5.558700
5.689890
5.643770
5.486070
5.645060
5.781560
5.662980
5.760180
5.606630
5.694600
5.640840
5.582320
5.585420
5.575760
5.629380
5.656880
5.714280
5.608960
5.605760
5.686300
5.643280
5.538540
5.806950
5.785760
5.749360
5.629670
5.758010
5.619750
5.685670
5.675780
5.687410
5.699820
5.746470
5.652930
5.684260
5.544450
5.704450
5.607180
5.598800
5.669180
5.554890
5.744240
5.734740
5.624400
5.624330
5.656490
5.728540
5.791900
5.598350
5.646530
5.691590
5.765540
5.693390
5.616760
5.618500
5.599500
5.673310
5.736910
5.672520
5.667830
5.634210
5.636020
5.675460
5.626590
5.640550
5.608790
5.567000
5.704150
5.629250
5.621000
5.658650
5.624760
5.582140
5.794950
5.609830
5.597920
5.663100
5.620560
5.742640
5.543390
5.675650
5.752600
5.784310
5.692340
5.557360
5.627170
5.728320
5.677300
5.745850
5.688760
5.664180
5.564750
5.750240
5.623220
5.663400
5.743550
5.734490
5.635830
5.791500
5.651760
5.652440
5.625680
5.587410
5.660210
5.681580
5.647190
5.752270
5.654760
5.722470
5.665470
5.558580
5.686780
5.628720
5.630660
5.642730
5.772750
5.700200
5.741290
5.598990
5.679860
5.706290
5.599830
5.627290
5.519400
5.654130
5.599840
5.687110
5.697850
5.687440
5.662210
5.602300
5.646710
5.726060
5.658090
5.675660
5.650770
5.615410
5.739800
5.691350
5.680790
5.586790
5.667720
5.569570
5.635180
5.714490
5.632910
5.596690
5.811070
5.735600
5.700750
5.584020
5.629670
5.538130
5.634130
5.672860
5.728350
5.622840
5.698620
5.558520
5.616160
5.669540
5.708180
5.646160
5.664640
5.679530
5.792470
5.694070
5.646510
5.666370
5.668300
5.653970
5.727550
5.699390
5.729820
5.624390
5.650760
5.687670
5.699960
5.736820
5.682110
5.581480
5.669690
5.664450
5.677150
5.560740
5.553720
5.614310
5.754740
5.699350
5.599490
5.673370
5.574980
5.611880
5.692380
5.620440
5.627060
5.743160
5.722660
5.664780
5.637690
5.801920
5.561860
5.691020
5.679330
5.657480
5.743420
5.752910
5.650620
5.785460
5.637030
5.695290
5.703010
5.664490
5.566030
5.516750
5.665950
5.624030
5.585040
5.641820
5.579150
5.643420
5.604980
5.742170
5.593240
5.648920
5.617330
5.617860
5.601530
5.626360
5.561660
5.658590
5.678950
5.609200
5.678750
5.640850
5.588700
5.662420
5.728410
5.615570
5.699010
5.686470
5.700810
5.741560
5.642210
5.620090
5.608740
5.661480
5.793040
5.704020
5.650490
5.790710
5.690170
5.583640
5.715060
5.607370
5.586230
5.637000
5.775700
5.649950
5.720520
5.667130
5.784320
5.616760
5.634850
5.668890
5.752060
5.758590
5.759900
5.690920
5.606490
5.721020
5.689110
5.643190
5.653810
5.677510
5.708130
5.711520
5.743500
5.677860
5.591980
5.614650
5.713190
5.656370
5.711140
5.757650
5.594290
5.663240
5.724450
5.626180
5.658810
5.749770
5.776080
5.672460
5.630770
5.647980
5.683780
5.644610
5.591550
5.684710
5.723510
5.601850
5.671870
5.656200
5.653170
5.693890
5.538430
5.758330
5.637400
5.677230
5.684510
5.690810
5.673790
5.674080
5.634280
5.664910
5.628830
5.673310
5.566720
5.712580
5.732670
5.697650
5.761950
5.618760
5.695150
5.641820
5.731160
5.627600
5.737740
5.645200
5.696360
5.698380
5.510830
5.742540
5.678440
5.704620
5.548930
5.775220
5.631330
5.602080
5.579330
5.616840
5.618360
5.695390
5.582360
5.578800
5.671680
5.688800
5.589080
5.684200
5.714490
5.663290
5.603910
5.694060
5.672670
5.510850
5.640940
5.713910
5.517770
5.637870
5.612560
5.701230
5.642260
5.764860
5.704240
5.624960
5.769610
5.732070
5.661560
5.620620
5.647260
5.547550
5.737650
5.575370
5.490640
5.791120
5.538450
5.631190
5.638050
5.718550
5.591710
5.689560
5.766970
5.630200
5.621360
5.768530
5.593760
5.684890
5.735140
5.583170
5.684820
5.589100
5.650100
5.630420
5.695330
5.570400
5.659300
5.590600
5.616690
5.611720
5.690130
5.647010
5.676390
5.722620
5.708250
5.728930
5.695490
5.639980
5.675000
5.668930
5.663540
5.638940
5.614690
5.735240
5.580470
5.682940
5.505100
5.637340
5.592210
5.686720
5.624120
5.714850
5.636930
5.609410
5.606250
5.668890
5.630160
5.604700
5.741900
5.640350
5.648760
5.746670
5.622710
5.547440
5.701570
5.627260
5.627880
5.590060
5.608150
5.680130
5.569410
5.707470
5.701780
5.687310
5.703860
5.579790
5.649270
5.738690
5.719050
5.554600
5.592410
5.796080
5.631510
5.710650
5.695150
5.620550
5.662490
5.625980
5.656630
5.660620
5.685570
5.574890
5.582750
5.677540
5.649830
5.719260
5.634300
5.737610
5.741890
5.563360
5.678070
5.703480
5.513010
5.647670
5.672680
5.729930
5.576580
5.582480
5.671060
5.692660
5.620780
5.661650
5.643510
5.706470
5.615910
5.601340
5.720620
5.595210
5.765100
5.619800
5.667430
5.600510
5.628810
5.627480
5.697210
5.706350
5.740070
5.629140
5.726160
5.779360
5.648020
5.561340
5.577270
5.687360
5.600210
5.735590
5.681220
5.569300
5.615230
5.767900
5.769030
5.636610
5.698650
5.696860
5.737760
5.712250
5.640690
5.531030
5.641700
5.740460
5.543900
5.653310
5.710730
5.677540
5.713970
5.519540
5.721700
5.622400
5.579810
5.720250
5.596840
5.638570
5.530880
5.656540
5.643740
5.616660
5.725170
5.665510
5.619050
5.763640
5.713920
5.603330
5.677570
5.779420
5.753890
5.696190
5.714100
5.576980
5.555770
5.682510
5.618570
5.524090
5.657560
5.620360
5.705430
5.561080
5.706020
5.696030
5.619230
5.646380
5.550530
5.607580
5.580820
5.719210
5.757940
5.558890
5.562720
5.736540
5.605600
5.722500
5.689440
5.686860
5.775770
5.645510
5.626620
5.591780
5.585260
5.674900
5.691620
5.647790
5.649540
5.668000
5.610510
5.571950
5.646920
5.624860
5.638990
5.732700
5.601130
5.691750
5.642950
5.626150
5.649640
5.662520
5.691960
5.683960
5.634110
5.700150
5.583350
5.590690
5.647180
5.613620
5.687850
5.566970
5.657420
5.716070
5.792900
5.648240
5.603080
5.702420
5.697570
5.631900
5.679960
5.535890
5.670060
5.655870
5.597890
5.710340
5.660320
5.715700
5.693940
5.698150
5.700830
5.657930
5.681070
5.553030
5.699760
5.707000
5.719940
5.679150
5.728210
5.596430
5.643160
5.712710
5.742210
5.606260
5.697330
5.776800
5.618550
5.685690
5.508750
5.831820
5.733910
5.765870
5.672510
5.625930
5.790690
5.641230
5.682990
5.680880
5.624620
5.585490
5.608340
5.581500
5.650660
5.675810
5.661150
5.709540
5.614900
5.741670
5.611880
5.547060
5.618390
5.630570
5.644450
5.712770
5.545650
5.680690
5.720160
5.608540
5.767200
5.673970
5.590300
5.719190
5.639040
5.616030
5.621920
5.603060
5.614490
5.585030
5.685730
5.756320
5.567960
5.718590
5.602230
5.714980
5.620900
5.758460
5.636890
5.664550
5.591160
5.734370
5.670120
5.670730
5.644660
5.759280
5.667570
5.707430
5.676420
5.564180
5.675720
5.651730
5.776390
5.628810
5.689770
5.684570
5.646890
5.697690
5.735770
5.588820
5.668500
5.480730
5.598690
5.753280
5.769020
5.692100
5.597240
5.756300
5.583090
5.637160
5.629550
5.612010
5.685380
5.650050
5.650830
5.572680
5.746550
5.723520
5.618580
5.537990
5.634470
5.632760
5.589470
5.603590
5.739810
5.639800
5.734740
5.631230
5.547730
5.636240
5.693200
5.560340
5.674680
5.755220
5.612890
5.593900
5.630420
5.678640
5.697090
5.604480
5.589470
5.663420
5.569500
5.677180
5.693370
5.587900
5.755460
5.699470
5.724600
5.718310
5.693860
5.640840
5.680150
5.726300
5.593330
5.556180
5.665470
5.723570
5.687550
5.671640
5.681350
5.698700
5.618290
5.711230
5.589970
5.550280
5.600830
5.702160
5.612830
5.658910
5.689110
5.680940
5.647570
5.726940
5.623840
5.681630
5.639210
5.604510
5.641220
5.681540
5.756190
5.727050
5.580920
5.690530
5.586660
5.622980
5.624790
5.717120
5.600410
5.551700
5.624230
5.572990
5.753260
5.623340
5.607560
5.758110
5.668890
5.654270
5.661870
5.614300
5.608670
5.607120
5.636360
5.734590
5.736690
5.730570
5.713570
5.657760
5.745950
5.691510
5.626160
5.667830
5.629780
5.696050
5.673830
5.642030
5.680970
5.630510
5.728150
5.640540
5.720890
5.671110
5.754800
5.768800
5.635360
5.679500
5.578040
5.741550
5.706760
5.642360
5.593140
5.703920
5.669410
5.639380
5.666980
5.595670
5.702490
5.740200
5.611460
5.635590
5.737540
5.696130
5.681540
5.704790
5.665780
5.764240
5.649390
5.644490
5.696280
5.674820
5.611620
5.488490
5.577500
5.618170
5.616460
5.465490
5.642450
5.717450
5.735820
5.650640
5.605490
5.730420
5.622120
5.678500
5.648200
5.631700
5.707980
5.710340
5.609000
5.635040
5.700610
5.515930
5.680020
5.719980
5.640080
5.671740
5.672160
5.572290
5.693600
5.620530
5.687340
5.691220
5.702310
5.622570
5.486800
5.730330
5.592620
5.661000
5.540560
5.543110
5.591360
5.707700
5.577400
5.639530
5.576170
5.624060
5.590440
5.689890
5.620200
5.644230
5.726170
5.628010
5.758160
5.662520
5.634660
5.586390
5.735820
5.576350
5.620310
5.655760
5.555050
5.701210
5.607790
5.646120
5.667410
5.691020
5.633710
5.575120
5.637410
5.697770
5.603940
5.650720
5.669120
5.625230
5.742130
5.710080
5.705570
5.567340
5.653580
5.737580
5.664740
5.675440
5.766070
5.678970
5.672920
5.696670
5.682570
5.635930
5.725240
5.658970
5.592140
5.610010
5.713130
5.537230
5.609880
5.742110
5.587740
5.602780
5.666510
5.572300
5.655470
5.564370
5.595190
5.636140
5.688390
5.684190
5.723030
5.642600
5.707510
5.697120
5.733980
5.761380
5.705640
5.623460
5.695520
5.664730
5.638630
5.595110
5.689910
5.721980
5.592750
5.594280
5.603380
5.697900
5.594560
5.733460
5.646780
5.668300
5.688530
5.635970
5.706100
5.670890
5.582500
5.693220
5.589550
5.705990
5.558470
5.844400
5.513710
5.708560
5.622030
5.609090
5.689530
5.688680
5.714050
5.671850
5.799340
5.694630
5.629780
5.710270
5.557510
5.571810
5.634520
5.703250
5.654680
5.633090
5.703130
5.718060
5.662050
5.630190
5.601230
5.666870
5.789420
5.755430
5.618490
5.667310
5.662190
5.679550
5.684720
5.555860
5.496290
5.648370
5.747230
5.625900
5.515680
5.718550
5.560710
5.691730
5.596880
5.693670
5.647840
5.714330
5.629340
5.621750
5.745370
5.542960
5.705370
5.662690
5.635720
5.659310
5.556720
5.568580
5.688990
5.702380
5.633700
5.711260
5.677190
5.717620
5.588180
5.607900
5.663860
5.598590
5.685820
5.517110
5.707360
5.628180
5.672720
5.607550
5.604810
5.741070
5.602340
5.796120
5.662420
5.695980
5.522200
5.757090
5.688990
5.634260
5.664270
5.598060
5.562110
5.786560
5.648190
5.624790
5.720470
5.777880
5.664930
5.636510
5.586330
5.565500
5.750020
5.662660
5.713870
5.592590
5.665880
5.693200
5.724370
5.755300
5.542880
5.703660
5.620420
5.637630
5.621060
5.712170
5.604530
5.747850
5.735120
5.666210
5.710870
5.644600
5.614020
5.640320
5.621180
5.682490
5.684770
5.619310
5.721850
5.680290
5.557600
5.643130
5.626080
5.635460
5.545750
5.453170
5.649890
5.751280
5.614920
5.741340
5.716940
5.675620
5.530720
5.623900
5.534610
5.593130
5.721970
5.841430
5.631480
5.775840
5.835020
5.694100
5.672150
5.728000
5.698810
5.686520
5.666930
5.712670
5.613160
5.657200
5.706900
5.574050
5.727520
5.620240
5.563600
5.618130
5.684270
5.581020
5.749710
5.656940
5.803370
5.625860
5.556240
5.804810
5.694770
5.660120
5.758030
5.646120
5.706810
5.676320
5.656580
5.784010
5.553260
5.571080
5.742100
5.713740
5.628250
5.677770
5.736590
5.694700
5.600530
5.730690
5.663380
5.479180
5.610450
5.638480
5.573390
5.666590
5.593080
5.634020
5.715170
5.636720
5.650660
5.566540
5.697200
5.700050
5.591090
5.644060
5.584970
5.666330
5.789820
5.686900
5.568800
5.704340
5.546210
5.706830
5.629340
5.651290
5.685510
5.548210
5.616730
5.613260
5.641780
5.688990
5.595990
5.670140
5.713820
5.613030
5.611370
5.638980
5.689300
5.594540
5.675500
5.587560
5.685350
5.433550
5.667430
5.695270
5.530980
5.754740
5.630520
5.649180
5.696740
5.667650
5.802030
5.713320
5.712410
5.649280
5.557510
5.667670
5.681310
5.692150
5.598210
5.626790
5.666790
5.671240
5.644930
5.715070
5.597930
5.456220
5.665800
5.666580
5.667650
5.601700
5.660560
5.670560
5.674240
5.641090
5.674340
5.641610
5.537200
5.624450
5.725410
5.610930
5.633600
5.560510
5.722570
5.737240
5.623710
5.643340
5.741680
5.718480
5.580940
5.746850
5.660050
5.660370
5.602880
5.542860
5.618420
5.739660
5.585840
5.658250
5.724300
5.604370
5.740290
5.573950
5.646830
5.726620
5.739460
5.660010
5.656970
5.662600
5.729590
5.656870
5.621980
5.570030
5.684250
5.763630
5.669440
5.745530
5.667050
5.641510
5.669650
5.808950
5.698000
5.660680
5.627380
5.689740
5.703120
5.678510
5.634310
5.613330
5.620190
5.696140
5.583310
5.668620
5.575350
5.615690
5.654830
5.645270
5.586750
5.791710
5.701280
5.675150
5.564720
5.743900
5.646000
5.587210
5.787860
5.625780
5.578330
5.594130
5.552720
5.689100
5.707400
5.633900
5.669690
5.611250
5.769050
5.672220
5.712040
5.591070
5.625490
5.714180
5.801590
5.745380
5.647150
5.566150
5.635580
5.713390
5.694820
5.701270
5.651840
5.686160
5.655750
5.684690
5.534470
5.668430
5.738940
5.728940
5.622700
5.626210
5.638300
5.576510
5.676980
5.679860
5.685060
5.616340
5.670360
5.581110
5.769000
5.665010
5.660750
5.684690
5.570480
5.693110
5.743640
5.604820
5.574160
5.644360
5.637740
5.579960
5.563620
5.594460
5.664500
5.618450
5.584370
5.669860
5.699030
5.693830
5.645140
5.673730
5.702700
5.710970
5.640230
5.550300
5.617270
5.644160
5.613330
5.774450
5.664870
5.663720
5.669490
5.657620
5.679980
5.602550
5.560560
5.645670
5.680600
5.530550
5.713340
5.614940
5.670430
5.665390
5.689030
5.617800
5.664300
5.779050
5.607540
5.641790
5.636330
5.639240
5.560530
5.566500
5.651850
5.552780
5.678720
5.700250
5.654780
5.731720
5.622970
5.669210
5.646740
5.602200
5.721840
5.712460
5.661580
5.647440
5.721750
5.693310
5.646180
5.679760
5.712130
5.712160
5.680240
5.678630
5.640200
5.615340
5.714850
5.568070
5.590850
5.691050
5.690580
5.658660
5.651270
5.650700
5.696380
5.535600
5.637610
5.570540
5.645140
5.664420
5.596070
5.763470
5.709620
5.771340
5.558580
5.728130
5.612300
5.582770
5.692170
5.785640
5.678430
5.731400
5.673720
5.678910
5.682820
5.645830
5.720310
5.652970
5.719860
5.652610
5.620720
5.604240
5.626110
5.591760
5.631010
5.686080
5.679650
5.697720
5.674470
5.579520
5.677290
5.567410
5.594920
5.707420
5.688980
5.577640
5.726050
5.613270
5.616820
5.738280
5.657490
5.629760
5.569950
5.723360
5.594520
5.703370
5.721120
5.629520
5.675580
5.575130
5.688300
5.681940
5.509270
5.668280
5.706350
5.712180
5.735800
5.749380
5.585200
5.684430
5.614590
5.748520
5.514820
5.707200
5.589580
5.748680
5.622690
5.672870
5.684290
5.652940
5.679420
5.821980
5.641630
5.626670
5.657020
5.691610
5.744170
5.649400
5.599440
5.782630
5.610710
5.557390
5.593710
5.704050
5.641090
5.658610
5.671790
5.684010
5.539010
5.610910
5.631850
5.703420
5.591520
5.597900
5.626570
5.623500
5.643090
5.720210
5.601670
5.641400
5.666720
5.611110
5.686720
5.620680
5.633700
5.657640
5.699690
5.733780
5.637200
5.752750
5.852220
5.589840
5.688920
5.739410
5.663500
5.636280
5.696940
5.593560
5.725000
5.685850
5.621020
5.585940
5.645810
5.665630
5.792450
5.688440
5.597580
5.691670
5.688020
5.654320
5.737440
5.586740
5.615770
5.581650
5.637750
5.623360
5.765940
5.641870
5.604710
5.589000
5.739100
5.726430
5.552020
5.607510
5.741160
5.737810
5.559380
5.654630
5.515470
5.636100
5.650100
5.771510
5.833420
5.591880
5.601940
5.684060
5.572310
5.591930
5.682490
5.626690
5.724350
5.728180
5.709520
5.655830
5.684300
5.618170
5.615380
5.586610
5.674260
5.528060
5.807820
5.666940
5.685770
5.659690
5.567850
5.637910
5.721420
5.641860
5.525010
5.757800
5.538390
5.712510
5.626680
5.681590
5.703540
5.611120
5.675670
5.637470
5.664640
5.552150
5.693580
5.702340
5.721820
5.642280
5.717930
5.599920
5.670340
5.840880
5.581540
5.639770
5.628030
5.702510
5.688010
5.600270
5.597340
5.667690
5.663360
5.631620
5.578700
5.636420
5.711200
5.652260
5.564930
5.739680
5.675500
5.549440
5.539330
5.748280
5.668050
5.713760
5.657540
5.746050
5.754640
5.628780
5.691980
5.621440
5.660270
5.793480
5.622100
5.669640
5.627700
5.631650
5.687140
5.651170
5.694580
5.655920
5.626860
5.567250
5.676160
5.734220
5.581870
5.607750
5.532920
5.721060
5.622560
5.655610
5.557050
5.699280
5.676360
5.662060
5.779530
5.654970
5.700560
5.536210
5.692040
5.643480
5.694450
5.674070
5.640050
5.680320
5.607360
5.665990
5.737930
5.601700
5.608470
5.599020
5.625530
5.664010
5.552100
5.523370
5.648850
5.678440
5.606400
5.583240
5.596900
5.702600
5.747500
5.663890
5.754870
5.708660
5.678080
5.749600
5.510900
5.586130
5.627460
5.622760
5.697140
5.581270
5.629300
5.632800
5.630080
5.728390
5.703670
5.651190
5.657080
5.663920
5.649780
5.652820
5.513160
5.569130
5.770220
5.601100
5.661980
5.569360
5.654510
5.705880
5.586850
5.602460
5.680170
5.593110
5.619030
5.616250
5.682290
5.644070
5.574710
5.745230
5.627060
5.667690
5.556680
5.677650
5.645380
5.682920
5.702020
5.742590
5.659390
5.610720
5.685560
5.743180
5.603170
5.678180
5.594180
5.700120
5.598760
5.730940
5.673420
5.616120
5.646440
5.615960
5.643610
5.637320
5.641810
5.621020
5.607400
5.656600
5.714970
5.673060
5.744370
5.739510
5.668490
5.642700
5.671850
5.677360
5.715560
5.697670
5.690350
5.748450
5.708860
5.623140
5.707320
5.668590
5.647370
5.641100
5.622940
5.611850
5.704030
5.772340
5.581670
5.570430
5.663090
5.612910
5.728180
5.559900
5.539550
5.683860
5.627110
5.716450
5.613420
5.712780
5.716490
5.595740
5.752760
5.661420
5.698460
5.740570
5.664900
5.687240
5.594600
5.660400
5.668520
5.645850
5.669610
5.728560
5.654480
5.682680
5.534940
5.646370
5.635180
5.630330
5.620630
5.776980
5.779620
5.623840
5.745080
5.737840
5.662110
5.655080
5.736010
5.593850
5.683980
5.686570
5.665280
5.545040
5.619540
5.612360
5.707880
5.752710
5.673140
5.620500
5.667620
5.762530
5.614590
5.718080
5.673500
5.669870
5.691120
5.595060
5.656800
5.655100
5.639990
5.778300
5.623050
5.567890
5.654670
5.612930
5.559000
5.581830
5.584970
5.494280
5.634820
5.632900
5.682770
5.640740
5.666000
5.658480
5.522210
5.656680
5.624210
5.845930
5.708640
5.646340
5.620780
5.669010
5.542960
5.748460
5.739650
5.655930
5.728720
5.563530
5.766020
5.697420
5.639560
5.780920
5.711060
5.616310
5.681360
5.661230
5.687990
5.625790
5.585330
5.720510
5.615480
5.720710
5.598870
5.613090
5.643980
5.641660
5.765720
5.586280
5.650400
5.673300
5.790520
5.576920
5.617370
5.559360
5.599670
5.692200
5.668020
5.768610
5.728300
5.622670
5.617420
5.728700
5.753770
5.582910
5.600480
5.685160
5.765270
5.683270
5.658650
5.699330
5.719260
5.706020
5.777450
5.720700
5.614670
5.776260
5.715930
5.569420
5.682610
5.730800
5.532660
5.675670
5.619190
5.654280
5.738610
5.723570
5.555500
5.688880
5.725150
5.681120
5.672880
5.662640
5.636990
5.666950
5.678000
5.777170
5.641560
5.769320
5.764630
5.757760
5.591620
5.656270
5.632700
5.771350
5.709830
5.715510
5.582000
5.768420
5.623800
5.681640
5.681370
5.682070
5.770700
5.673120
5.749580
5.632240
5.619250
5.661660
5.628580
5.713460
5.682030
5.664240
5.623350
5.754180
5.637030
5.666350
5.718250
5.676300
5.665700
5.735460
5.616990
5.637200
5.597780
5.704670
5.660200
5.590930
5.623860
5.694620
5.618050
5.525170
5.627760
5.615900
5.778610
5.530300
5.627880
5.639270
5.636000
5.663090
5.561590
5.651190
5.756650
5.591910
5.560540
5.679250
5.730670
5.630000
5.600940
5.608390
5.736930
5.593630
5.744070
5.679930
5.673560
5.655600
5.634060
5.660140
5.781630
5.712220
5.614750
5.693260
5.730660
5.616480
5.598030
5.712140
5.677470
5.687520
5.662150
5.727080
5.681600
5.669090
5.712900
5.676920
5.747370
5.692340
5.581160
5.699170
5.550200
5.692670
5.651860
5.695400
5.740550
5.704070
5.735080
5.606070
5.739720
5.657720
5.675670
5.571260
5.746590
5.696500
5.646890
5.632590
5.720060
5.582210
5.682930
5.727670
5.636450
5.730840
5.741920
5.654700
5.659640
5.682740
5.593920
5.720530
5.636780
5.665130
5.656530
5.719050
5.637990
5.646580
5.729010
5.609020
5.636180
5.562880
5.718040
5.689960
5.625080
5.572360
5.700910
5.643930
5.651510
5.592620
5.643630
5.643660
5.783250
5.654960
5.696280
5.602750
5.749870
5.758090
5.750330
5.563580
5.646930
5.591000
5.637380
5.614120
5.610690
5.697190
5.616710
5.641990
5.659470
5.662120
5.673760
5.581760
5.731740
5.588760
5.611860
5.629720
5.659090
5.687850
5.778080
5.734120
5.697410
5.536610
5.706130
5.574410
5.613340
5.619050
5.638010
5.516610
5.638160
5.648710
5.682620
5.619930
5.616570
5.674040
5.655630
5.607420
5.744930
5.834390
5.646470
5.770330
5.636880
5.651710
5.660440
5.661930
5.649520
5.704890
5.721660
5.603330
5.592590
5.671790
5.654520
5.696380
5.657640
5.708850
5.670710
5.681040
5.677020
5.776800
5.603580
5.655020
5.721890
5.610460
5.642680
5.639160
5.738470
5.679240
5.617690
5.634030
5.606220
5.653140
5.679920
5.657240
5.735930
5.663430
5.607120
5.642060
5.595720
5.623400
5.671370
5.691900
5.686030
5.636970
5.652240
5.642560
5.628270
5.657350
5.618360
5.714780
5.655210
5.663110
5.612950
5.695030
5.773960
5.649230
5.717570
5.762870
5.604000
5.641490
5.629420
5.664650
5.615490
5.597290
5.682010
5.656300
5.553320
5.806320
5.599980
5.703980
5.576510
5.539940
5.651850
5.729420
5.464090
5.716170
5.744380
5.569820
5.696250
5.710540
5.688080
5.589260
5.646380
5.695770
5.626270
5.646440
5.772720
5.625430
5.677820
5.602190
5.604520
5.611800
5.556960
5.648660
5.722060
5.656810
5.792920
5.683230
5.667980
5.625170
5.563200
5.613680
5.641910
5.658470
5.581530
5.666000
5.641420
5.670060
5.603860
5.809130
5.722120
5.685700
5.721180
5.668790
5.743410
5.648450
5.692760
5.666990
5.550220
5.702620
5.721280
5.623340
5.711950
5.651230
5.577220
5.645570
5.629960
5.528970
5.761030
5.606060
5.628060
5.719060
5.683010
5.647620
5.549980
5.675580
5.663040
5.569510
5.602430
5.596130
5.698540
5.661730
5.691830
5.713980
5.504970
5.622390
5.610370
5.679320
5.734470
5.606010
5.631120
5.722160
5.695380
5.661640
5.724880
5.612230
5.534000
5.636740
5.698100
5.594940
5.730170
5.708630
5.692670
5.756120
5.498200
5.511120
5.712580
5.717730
5.551470
5.636270
5.583680
5.655710
5.661930
5.667750
5.733420
5.607390
5.658750
5.725280
5.710000
5.663810
5.672810
5.634250
5.650340
5.563310
5.733020
5.721900
5.739130
5.647440
5.691130
5.618980
5.720960
5.656120
5.673960
5.629000
5.718380
5.531300
5.619400
5.729410
5.684520
5.717780
5.617690
5.557170
5.597570
5.629330
5.729140
5.638100
5.742980
5.659020
5.586430
5.567110
5.738070
5.593840
5.623430
5.658090
5.671630
5.754650
5.684950
5.725550
5.769850
5.614180
5.603740
5.569950
5.640860
5.743330
5.598810
5.602390
5.644600
5.730950
5.612510
5.632760
5.614350
5.643610
5.686370
5.785500
5.834620
5.703080
5.695790
5.747810
5.741120
5.570630
5.701410
5.647570
5.631990
5.620410
5.672480
5.631110
5.714840
5.504500
5.757310
5.592010
5.621050
5.591270
5.667720
5.678270
5.698520
5.671480
5.629640
5.686440
5.681850
5.640240
5.619210
5.752110
5.753650
5.662470
5.725480
5.642450
5.726690
5.641140
5.716900
5.709510
5.638860
5.541530
5.609970
5.706530
5.727420
5.605070
5.729160
5.654510
5.778890
5.647500
5.600110
5.543950
5.626610
5.698880
5.808360
5.654080
5.659720
5.561160
5.591140
5.651890
5.645840
5.638600
5.573440
5.525310
5.669640
5.605860
5.726320
5.754030
5.666630
5.736170
5.664440
5.617460
5.734080
5.646810
5.766260
5.689110
5.556100
5.684530
5.586180
5.621500
5.611760
5.583300
5.725250
5.645400
5.643390
5.695530
5.649290
5.769260
5.589530
5.695660
5.760140
5.624380
5.544060
5.616880
5.702070
5.609550
5.694600
5.664360
5.692340
5.593280
5.701380
5.714680
5.622560
5.764210
5.687290
5.634440
5.762010
5.695220
5.680530
5.692190
5.635380
5.741870
5.571920
5.467860
5.619810
5.635370
5.691970
5.694220
5.704630
5.670710
5.628060
5.681150
5.522260
5.655160
5.510840
5.675350
5.747990
5.761130
5.623110
5.769600
5.709430
5.624700
5.589300
5.596040
5.719260
5.674590
5.650560
5.686650
5.674710
5.671390
5.754270
5.644590
5.573540
5.665010
5.637300
5.682590
5.581070
5.628550
5.656930
5.607970
5.670720
5.621570
5.652240
5.721910
5.636190
5.563340
5.509890
5.672620
5.612000
5.661090
5.694020
5.593280
5.761000
5.647010
5.635910
5.673050
5.671510
5.698050
5.552420
5.836040
5.678230
5.650220
5.739690
5.620560
5.613690
5.703580
5.802390
5.656170
5.656750
5.573010
5.705230
5.678940
5.652090
5.701470
5.652630
5.598950
5.664060
5.656330
5.742960
5.667360
5.718260
5.681800
5.635400
5.672550
5.599960
5.643020
5.684070
5.567640
5.603460
5.723100
5.707740
5.630790
5.708440
5.639070
5.651170
5.698740
5.709470
5.646950
5.536980
5.648460
5.698020
5.610490
5.709070
5.671510
5.566610
5.512130
5.691040
5.639780
5.642770
5.698450
5.719990
5.549290
5.699490
5.543880
5.582030
5.625780
5.686590
5.632500
5.538430
5.619740
5.681740
5.711800
5.718440
5.559520
5.629420
5.729520
5.701340
5.697000
5.622850
5.608980
5.700930
5.763550
5.656790
5.549730
5.527420
5.622660
5.681490
5.706470
5.572960
5.708250
5.574660
5.769910
5.704750
5.649770
5.657340
5.532500
5.758060
5.564600
5.624840
5.713560
5.663420
5.705370
5.471960
5.717340
5.645850
5.591730
5.707220
5.688310
5.613480
5.690310
5.533310
5.736000
5.558990
5.673320
5.695890
5.717290
5.616620
5.744960
5.626400
5.620480
5.648380
5.589650
5.687130
5.781040
5.651050
5.784610
5.771020
5.591220
5.697810
5.609550
5.696070
5.781410
5.651160
5.687920
5.629430
5.642670
5.575610
5.640450
5.625490
5.759220
5.633180
5.669950
5.637750
5.635820
5.669210
5.593280
5.691740
5.755160
5.728940
5.616310
5.708210
5.761680
5.649860
5.618610
5.665040
5.755950
5.619370
5.746200
5.685340
5.656940
5.611660
5.604200
5.658720
5.705540
5.702980
5.588430
5.651390
5.644200
5.682150
5.611390
5.715030
5.801230
5.703900
5.700470
5.701700
5.636370
5.678170
5.665360
5.743360
5.749340
5.713900
5.576600
5.546220
5.669310
5.755900
5.670960
5.732340
5.706340
5.711310
5.660280
5.691170
5.731080
5.700040
5.648000
5.679010
5.696340
5.770650
5.684160
5.812240
5.581240
5.692800
5.770000
5.588240
5.660310
5.668980
5.669190
5.612960
5.560570
5.612590
5.647900
5.591680
5.705550
5.645140
5.652410
5.774830
5.724460
5.576140
5.603360
5.641030
5.665170
5.571430
5.571770
5.663520
5.603750
5.751200
5.669800
5.670490
5.612150
5.679090
5.636060
5.556070
5.749640
5.646220
5.538060
5.578460
5.685650
5.628740
5.789680
5.720240
5.686190
5.660480
5.654080
5.625170
5.727330
5.652280
5.666530
5.808800
5.700280
5.584660
5.523630
5.721930
5.727190
5.645770
5.702350
5.603050
5.669350
5.724730
5.600990
5.541140
5.633930
5.743030
5.574630
5.661810
5.618600
5.619080
5.577590
5.819270
5.698250
5.590420
5.708980
5.667630
5.706440
5.661350
5.669770
5.769210
5.686850
5.709380
5.689420
5.697460
5.662620
5.638460
5.668160
5.583790
5.600590
5.750370
5.765690
5.578410
5.610190
5.651960
5.642830
5.638860
5.631840
5.712790
5.820880
5.621470
5.617560
5.688460
5.784950
5.653260
5.562270
5.634740
5.688160
5.621070
5.728860
5.683240
5.741800
5.614880
5.640720
5.674470
5.722770
5.641550
5.645240
5.690180
5.665450
5.728690
5.624400
5.598700
5.724840
5.664550
5.619030
5.657700
5.570450
5.561660
5.536230
5.549110
5.744340
5.656860
5.626360
5.588290
5.632200
5.575990
5.626350
5.626900
5.617170
5.600120
5.683520
5.559210
5.653630
5.603980
5.674030
5.741620
5.726880
5.681140
5.729820
5.731810
5.730520
5.678720
5.738140
5.567980
5.604320
5.622040
5.576230
5.659320
5.726280
5.683290
5.590130
5.747510
5.691290
5.645670
5.693120
5.657090
5.605460
5.716050
5.728040
5.722600
5.618290
5.655790
5.629250
5.647620
5.645370
5.712640
5.720920
5.629250
5.671990
5.646580
5.659620
5.734010
5.586000
5.696500
5.644790
5.688230
5.720890
5.666350
5.742210
5.764620
5.678800
5.663800
5.680470
5.649930
5.654360
5.685200
5.568590
5.670320
5.586830
5.748170
5.535740
5.609810
5.633820
5.634290
5.664760
5.675280
5.680000
5.680980
5.503760
5.668780
5.706870
5.549560
5.701220
5.742070
5.671580
5.708050
5.610030
5.651690
5.641280
5.639530
5.807090
5.728490
5.619430
5.702400
5.655380
5.639620
5.717410
5.570940
5.712730
5.701720
5.568300
5.691950
5.578790
5.674820
5.674820
