5.743610
5.640150
5.754650
5.695050
5.632640
5.541660
5.563690
5.672130
5.624120
5.659270
5.599200
5.668520
5.694320
5.783590
5.587910
5.693270
5.745530
5.620430
5.710550
5.679570
5.772470
5.641500
5.630150
5.700790
5.638970
5.531630
5.562040
5.551190
5.549080
5.776770
5.828860
5.595870
5.684780
5.680760
5.617430
5.569980
5.676670
5.632430
5.637900
5.609360
5.756030
5.590800
5.722410
5.620640
5.641360
5.732810
5.709050
5.673810
5.575050
5.610910
5.581840
5.563180
5.556930
5.658940
5.709890
5.707250
5.770800
5.589230
5.590440
5.584710
5.547900
5.655500
5.681140
5.722370
5.550650
5.704260
5.642670
5.641300
5.710750
5.552750
5.604640
5.695160
5.633850
5.652780
5.766940
5.704210
5.725730
5.720680
5.625540
5.713600
5.679920
5.677480
5.624780
5.588240
5.639720
5.637280
5.586110
5.644720
5.501700
5.556160
5.521590
5.750920
5.589610
5.646510
5.627730
5.712980
5.719410
5.756100
5.642590
5.741870
5.579330
5.614210
5.655260
5.676070
5.684010
5.616580
5.628430
5.688320
5.670120
5.668790
5.505310
5.616820
5.538130
5.675780
5.676730
5.648800
5.677120
5.633990
5.566440
5.664160
5.616750
5.554020
5.672760
5.609160
5.640960
5.687880
5.631620
5.759050
5.470500
5.676800
5.540350
5.588660
5.714940
5.619470
5.570980
5.785730
5.652060
5.713460
5.696030
5.654480
5.609980
5.504770
5.672860
5.715920
5.606880
5.534160
5.693660
5.706060
5.581420
5.680630
5.678310
5.679040
5.626710
5.711930
5.621150
5.700070
5.678460
5.581840
5.624810
5.609490
5.532430
5.787800
5.724820
5.640520
5.630690
5.512190
5.710550
5.703830
5.660710
5.794650
5.650010
5.666660
5.727890
5.715990
5.674570
5.587180
5.650870
5.594650
5.707170
5.737070
5.593140
5.586100
5.617120
5.687150
5.689770
5.767530
5.646290
5.709690
5.645740
5.589110
5.695810
5.578730
5.654340
5.477750
5.612840
5.643110
5.618190
5.661760
5.688040
5.612830
5.684560
5.630470
5.672050
5.653910
5.637630
5.638150
5.700590
5.630130
5.693640
5.844280
5.607180
5.653280
5.647990
5.703230
5.632120
5.655980
5.612000
5.672770
5.745370
5.677970
5.615240
5.611830
5.538710
5.673990
5.682490
5.672920
5.681090
5.656350
5.550040
5.593920
5.689960
5.702750
5.726510
5.743720
5.578140
5.582780
5.683750
5.688910
5.663820
5.656100
5.614210
5.622740
5.689850
5.678560
5.593190
5.697090
5.634330
5.664840
5.717980
5.713460
5.684070
5.596200
5.677250
5.646020
5.651340
5.581130
5.612910
5.795610
5.655090
5.571110
5.635430
5.674170
5.554230
5.700570
5.725470
5.674060
5.695250
5.569610
5.671540
5.674490
5.592750
5.698340
5.656810
5.741510
5.637960
5.652270
5.588050
5.633280
5.657140
5.671780
5.629760
5.722990
5.746600
5.727540
5.585850
5.658580
5.659320
5.632240
5.609220
5.697910
5.617970
5.647750
5.648840
5.591450
5.642120
5.696150
5.603570
5.626390
5.599950
5.644540
5.736460
5.689430
5.582720
5.704060
5.623920
5.597650
5.680800
5.669040
5.673970
5.688470
5.692200
5.679560
5.675000
5.641920
5.620130
5.556480
5.561740
5.727790
5.750920
5.670650
5.555990
5.658540
5.677480
5.606750
5.567630
5.722340
5.597230
5.760150
5.670740
5.730040
5.707630
5.750150
5.639670
5.636680
5.767250
5.673260
5.755500
5.553660
5.578880
5.599210
5.728030
5.631550
5.685810
5.636130
5.575880
5.619490
5.702260
5.670110
5.681460
5.604270
5.649410
5.631190
5.665460
5.653000
5.707620
5.653760
5.554000
5.559960
5.683760
5.786640
5.725510
5.715890
5.643240
5.800100
5.629560
5.607060
5.626870
5.605520
5.704570
5.656090
5.637740
5.719910
5.622090
5.680220
5.649550
5.644910
5.536560
5.597810
5.679630
5.638130
5.809590
5.617420
5.560120
5.853120
5.691520
5.670960
5.549900
5.601030
5.684610
5.652050
5.560660
5.587120
5.760130
5.650900
5.673310
5.690450
5.610530
5.862800
5.715670
5.545110
5.668420
5.627850
5.643250
5.674020
5.640130
5.619870
5.676320
5.652070
5.587310
5.748360
5.559220
5.587760
5.593490
5.623150
5.792460
5.621130
5.563690
5.580140
5.575760
5.718670
5.579750
5.524840
5.599220
5.733500
5.649440
5.640450
5.608230
5.689650
5.676890
5.663270
5.748890
5.565670
5.779500
5.623880
5.702670
5.764680
5.523260
5.566720
5.634780
5.599810
5.729030
5.636690
5.597740
5.722660
5.773030
5.509290
5.744380
5.706050
5.598270
5.714850
5.755270
5.723870
5.753420
5.674890
5.583510
5.642870
5.700590
5.695790
5.616740
5.647340
5.659620
5.609230
5.694640
5.607060
5.625510
5.702850
5.634290
5.607110
5.757860
5.624090
5.634860
5.634030
5.713670
5.772400
5.728900
5.668130
5.696800
5.659810
5.567050
5.726670
5.702280
5.731940
5.642950
5.609590
5.684220
5.615590
5.552600
5.658410
5.615730
5.691560
5.613560
5.624250
5.663450
5.628200
5.603020
5.605560
5.625370
5.668910
5.670210
5.562110
5.647500
5.710150
5.666570
5.731150
5.753950
5.671310
5.648900
5.716190
5.645500
5.641120
5.649750
5.794430
5.807040
5.690830
5.762700
5.672790
5.646480
5.637230
5.741120
5.626960
5.568160
5.576610
5.627490
5.608260
5.544260
5.784920
5.672180
5.708540
5.735300
5.637140
5.705220
5.630190
5.665380
5.642010
5.649680
5.638550
5.659620
5.675840
5.719250
5.717900
5.687090
5.655080
5.768500
5.761650
5.639770
5.636290
5.697240
5.590440
5.641640
5.562370
5.727580
5.524540
5.737120
5.661670
5.780760
5.569720
5.737670
5.724080
5.754390
5.723970
5.589110
5.642590
5.696750
5.644290
5.744920
5.569580
5.712360
5.666530
5.700490
5.652190
5.546870
5.578480
5.618630
5.603070
5.725870
5.679790
5.752210
5.697680
5.653040
5.679950
5.734130
5.693010
5.707450
5.620610
5.663190
5.781060
5.691300
5.600850
5.741770
5.789190
5.624170
5.671810
5.619030
5.753850
5.611010
5.706760
5.571220
5.669190
5.559400
5.620650
5.647750
5.669710
5.675710
5.638060
5.694190
5.575830
5.687150
5.750110
5.705010
5.648480
5.721390
5.745140
5.550260
5.712870
5.686340
5.632080
5.747480
5.722910
5.632470
5.689130
5.609140
5.715680
5.601580
5.558580
5.745360
5.510970
5.654280
5.546940
5.685070
5.642910
5.735110
5.741530
5.578050
5.729820
5.697820
5.634350
5.650120
5.656160
5.715020
5.791350
5.587340
5.706910
5.680730
5.681080
5.687150
5.659550
5.695890
5.681110
5.647780
5.652970
5.624110
5.656800
5.597210
5.682380
5.615180
5.709540
5.691310
5.655010
5.584600
5.625360
5.604800
5.577770
5.678670
5.617930
5.675420
5.612980
5.696770
5.738040
5.713250
5.724810
5.765040
5.703200
5.748930
5.688760
5.633700
5.703990
5.720830
5.597120
5.757360
5.624710
5.535660
5.703650
5.830690
5.560730
5.718680
5.650130
5.680890
5.847830
5.557330
5.699310
5.687310
5.751720
5.651620
5.605520
5.732640
5.519740
5.577980
5.639880
5.725050
5.733690
5.638600
5.574970
5.598240
5.676260
5.615170
5.739860
5.665100
5.669810
5.624600
5.719830
5.754250
5.703010
5.608910
5.763890
5.617830
5.537990
5.646000
5.717460
5.659260
5.593970
5.693880
5.665510
5.518700
5.588330
5.692790
5.767000
5.728300
5.552650
5.574550
5.443630
5.574140
5.595180
5.582930
5.725770
5.721370
5.604960
5.540420
5.600430
5.680330
5.627260
5.549770
5.652070
5.709100
5.605150
5.584340
5.629430
5.557760
5.821110
5.701020
5.701450
5.631610
5.775320
5.568280
5.554560
5.576430
5.693340
5.677900
5.757610
5.665020
5.630960
5.629850
5.570910
5.727070
5.723900
5.667410
5.693470
5.738090
5.640030
5.658190
5.570030
5.548790
5.681900
5.620920
5.693000
5.595590
5.706380
5.597980
5.593030
5.583220
5.653450
5.711280
5.732860
5.690260
5.611110
5.598960
5.590730
5.729950
5.690660
5.616980
5.663940
5.688000
5.622040
5.632280
5.683660
5.725580
5.713710
5.673870
5.638160
5.606590
5.785130
5.614550
5.618780
5.653700
5.690520
5.799510
5.526960
5.708350
5.631020
5.750260
5.745670
5.654910
5.691610
5.633890
5.723660
5.641900
5.763980
5.625490
5.633070
5.644380
5.627330
5.623460
5.685230
5.669210
5.760020
5.610100
5.757780
5.702860
5.733370
5.773300
5.808270
5.640890
5.711050
5.719450
5.620820
5.696550
5.773710
5.701540
5.594030
5.749520
5.611900
5.694430
5.635190
5.731580
5.610450
5.669490
5.743030
5.772840
5.679570
5.732720
5.661960
5.667080
5.655090
5.640920
5.633900
5.758700
5.763910
5.581060
5.636850
5.687870
5.825510
5.588170
5.666200
5.527590
5.621000
5.741860
5.627180
5.635690
5.701150
5.752620
5.590380
5.673250
5.730350
5.597630
5.659780
5.673570
5.702050
5.668450
5.576420
5.643690
5.643730
5.675820
5.762390
5.649310
5.704370
5.602400
5.652210
5.528920
5.675430
5.712110
5.674460
5.662560
5.730700
5.590790
5.622170
5.587790
5.632220
5.697170
5.652220
5.621700
5.648000
5.683310
5.713040
5.788460
5.630010
5.721670
5.662030
5.582020
5.661000
5.632400
5.595140
5.618580
5.611930
5.582490
5.663940
5.667670
5.715030
5.650820
5.681810
5.756590
5.690250
5.723200
5.720770
5.612130
5.725620
5.617290
5.745850
5.648450
5.721610
5.694310
5.717690
5.602140
5.641350
5.644200
5.628390
5.685270
5.648220
5.779440
5.629140
5.641730
5.686760
5.695430
5.632780
5.636110
5.566650
5.696220
5.597470
5.678670
5.798690
5.717010
5.649920
5.712350
5.684770
5.635360
5.582810
5.637640
5.662520
5.635580
5.616450
5.716440
5.609180
5.673880
5.607740
5.631630
5.619270
5.644000
5.742260
5.585780
5.755440
5.670160
5.700120
5.590190
5.648340
5.579450
5.703690
5.581750
5.711080
5.669550
5.724720
5.667810
5.589080
5.550760
5.688450
5.687980
5.628160
5.724490
5.636490
5.609290
5.678630
5.717520
5.543440
5.667670
5.629150
5.709810
5.731400
5.547280
5.759510
5.559190
5.632590
5.778240
5.685560
5.672650
5.682420
5.655610
5.658740
5.745830
5.654830
5.543260
5.644630
5.637840
5.517100
5.626030
5.652420
5.756950
5.622850
5.634180
5.702660
5.788520
5.641450
5.678870
5.685090
5.783330
5.600090
5.712770
5.720360
5.605890
5.534820
5.697060
5.639270
5.628200
5.621380
5.601030
5.654050
5.741740
5.636300
5.684930
5.654680
5.682660
5.680180
5.692880
5.764760
5.681570
5.590760
5.616020
5.817460
5.711230
5.664750
5.596740
5.693280
5.583200
5.653520
5.740530
5.531470
5.667690
5.666990
5.702710
5.670320
5.635780
5.681930
5.753070
5.532310
5.551230
5.680480
5.633350
5.621530
5.730590
5.723060
5.619120
5.645560
5.616050
5.785270
5.684700
5.644130
5.665140
5.568040
5.677010
5.610740
5.601710
5.630360
5.733610
5.691340
5.681150
5.683830
5.599860
5.615290
5.657100
5.687380
5.708310
5.674280
5.689470
5.703890
5.616300
5.572020
5.617000
5.687050
5.603830
5.681180
5.713270
5.795300
5.698310
5.661830
5.716800
5.707720
5.657070
5.715340
5.621930
5.696240
5.641070
5.792020
5.494720
5.703080
5.604820
5.627730
5.651520
5.677240
5.791130
5.713830
5.618740
5.714100
5.593230
5.664360
5.669830
5.686140
5.644830
5.708030
5.576810
5.637090
5.784440
5.707900
5.715690
5.671330
5.772200
5.717350
5.750790
5.720170
5.585530
5.706690
5.591830
5.775950
5.736490
5.588150
5.532310
5.704630
5.625950
5.714290
5.754480
5.746580
5.616280
5.779070
5.690260
5.599890
5.774740
5.610090
5.636070
5.765460
5.689900
5.635060
5.715410
5.711430
5.645600
5.597630
5.681340
5.723440
5.731640
5.766570
5.567840
5.672870
5.679010
5.615900
5.613680
5.677170
5.747440
5.782660
5.665510
5.639980
5.589600
5.552470
5.645380
5.627090
5.645750
5.689620
5.624910
5.554190
5.577160
5.604980
5.591130
5.752430
5.619440
5.658920
5.646320
5.711790
5.534370
5.798730
5.612950
5.794340
5.696370
5.714910
5.740680
5.609200
5.823590
5.659790
5.761730
5.676940
5.667570
5.708240
5.593290
5.721710
5.586910
5.788260
5.691360
5.757230
5.673930
5.717470
5.625870
5.623480
5.703610
5.676610
5.575300
5.651820
5.618930
5.720500
5.654210
5.623810
5.756190
5.667130
5.646100
5.592220
5.765110
5.653230
5.644500
5.562260
5.576620
5.680410
5.751070
5.637100
5.674560
5.694400
5.606240
5.568350
5.770810
5.678410
5.625260
5.642900
5.743380
5.731980
5.491590
5.684150
5.658640
5.667940
5.585720
5.676060
5.682910
5.611380
5.505950
5.662350
5.595060
5.629830
5.692920
5.557170
5.612510
5.683340
5.726600
5.571890
5.715660
5.539030
5.754330
5.623650
5.653820
5.680900
5.574240
5.668290
5.669730
5.711570
5.674380
5.671110
5.578410
5.515850
5.531020
5.664280
5.698160
5.706390
5.609370
5.632160
5.523510
5.678240
5.619570
5.527040
5.629700
5.702100
5.612880
5.662170
5.589400
5.697040
5.562280
5.757980
5.741670
5.776470
5.685700
5.645000
5.682550
5.702400
5.667050
5.621370
5.714510
5.730180
5.606420
5.677400
5.638890
5.731610
5.752670
5.647030
5.706200
5.634260
5.728730
5.663510
5.632010
5.849200
5.565250
5.664140
5.672150
5.616410
5.585690
5.728490
5.635060
5.716430
5.674260
5.556530
5.667180
5.696430
5.637430
5.498900
5.626800
5.592890
5.669390
5.678010
5.628090
5.720930
5.663520
5.672210
5.700740
5.747080
5.499070
5.605810
5.808860
5.750170
5.631450
5.652170
5.581320
5.660150
5.715350
5.658300
5.705850
5.752160
5.675090
5.651790
5.655720
5.798870
5.652630
5.546340
5.542750
5.648700
5.580310
5.528880
5.623350
5.632840
5.690670
5.712470
5.590120
5.667580
5.677610
5.566210
5.659220
5.704750
5.501490
5.698310
5.689800
5.637600
5.776980
5.724750
5.629850
5.596580
5.650520
5.779790
5.578660
5.721310
5.669910
5.611540
5.612710
5.649150
5.665910
5.620790
5.685050
5.586570
5.691250
5.626580
5.609160
5.698930
5.697360
5.753470
5.672840
5.595390
5.766350
5.551690
5.684240
5.574010
5.595500
5.654940
5.529980
5.674710
5.675230
5.638440
5.652510
5.671230
5.647140
5.635840
5.762580
5.650310
5.651570
5.661580
5.705080
5.613070
5.698460
5.654570
5.621070
5.622010
5.646550
5.673720
5.669280
5.717020
5.579700
5.631850
5.698220
5.693600
5.639710
5.624890
5.596670
5.674210
5.717220
5.690880
5.717960
5.647230
5.717970
5.571000
5.765260
5.723070
5.740370
5.629920
5.613480
5.597880
5.708930
5.786360
5.682210
5.658900
5.687240
5.716480
5.667890
5.667220
5.625710
5.649350
5.719080
5.715580
5.711830
5.700030
5.718280
5.572250
5.675240
5.580040
5.722760
5.679240
5.642260
5.642500
5.658350
5.596130
5.686890
5.610260
5.766370
5.639200
5.575070
5.657970
5.592830
5.639740
5.751480
5.745070
5.614340
5.694940
5.785320
5.751830
5.650830
5.568840
5.597450
5.754810
5.496240
5.665180
5.726270
5.684810
5.741740
5.809110
5.683520
5.631110
5.609980
5.627650
5.697240
5.715890
5.708940
5.703710
5.654330
5.568460
5.709910
5.723000
5.648340
5.502770
5.637850
5.736190
5.650440
5.662180
5.686170
5.575430
5.623720
5.638070
5.673270
5.725570
5.748320
5.648480
5.637790
5.649510
5.669030
5.552320
5.660120
5.735020
5.601870
5.685190
5.519350
5.661180
5.746600
5.648920
5.494750
5.715650
5.658130
5.681770
5.746260
5.569980
5.646850
5.686140
5.657880
5.685620
5.668450
5.764320
5.682590
5.638740
5.576090
5.783600
5.807210
5.748940
5.732450
5.743110
5.481710
5.624320
5.689200
5.645960
5.705630
5.669480
5.744370
5.594050
5.670050
5.678340
5.693400
5.680000
5.699140
5.613110
5.697380
5.807160
5.682170
5.629180
5.602840
5.669930
5.788100
5.736880
5.725710
5.670060
5.688950
5.738410
5.707610
5.726540
5.610140
5.624940
5.701950
5.633680
5.682640
5.663430
5.728530
5.649610
5.567960
5.643750
5.549120
5.644150
5.740660
5.728870
5.751200
5.580080
5.766590
5.815390
5.630310
5.587560
5.692610
5.583970
5.549290
5.659000
5.664310
5.814380
5.672090
5.630090
5.605090
5.669540
5.674210
5.626260
5.759240
5.655820
5.680590
5.683000
5.532290
5.646670
5.604920
5.665880
5.656080
5.638320
5.676530
5.775110
5.578290
5.655090
5.690760
5.644500
5.604880
5.630410
5.641400
5.612950
5.742410
5.648860
5.688860
5.763580
5.727040
5.674530
5.527500
5.614580
5.576450
5.605320
5.678090
5.730610
5.724880
5.681050
5.727620
5.698620
5.739550
5.596120
5.708060
5.665000
5.605400
5.690070
5.571180
5.642160
5.615840
5.742400
5.660100
5.664540
5.613710
5.687990
5.807940
5.744630
5.664600
5.617820
5.570710
5.605190
5.653140
5.636980
5.637440
5.644400
5.700020
5.638250
5.610270
5.614570
5.596440
5.606030
5.720050
5.610920
5.623770
5.704670
5.722890
5.672770
5.643620
5.681800
5.628230
5.788840
5.624310
5.709980
5.625470
5.595490
5.778760
5.565250
5.600750
5.685450
5.779500
5.673610
5.645460
5.621540
5.595830
5.574920
5.623750
5.689800
5.594460
5.616890
5.725570
5.680880
5.690250
5.631040
5.625500
5.632900
5.662770
5.523790
5.742400
5.713200
5.669520
5.681250
5.625760
5.689610
5.676560
5.647690
5.695020
5.619520
5.586800
5.681390
5.740260
5.622870
5.685960
5.600210
5.576310
5.532780
5.825780
5.571110
5.656770
5.642630
5.674880
5.687030
5.693160
5.673200
5.726780
5.679820
5.685050
5.748760
5.621080
5.555670
5.550000
5.737800
5.687030
5.617980
5.573290
5.663950
5.737960
5.610670
5.703920
5.680790
5.695440
5.663210
5.616520
5.749150
5.638600
5.687770
5.718270
5.690800
5.646400
5.617380
5.595960
5.703990
5.668520
5.700150
5.620100
5.644290
5.742710
5.669440
5.556350
5.734020
5.654760
5.547830
5.607300
5.718680
5.644720
5.547180
5.665930
5.619670
5.790470
5.793650
5.632630
5.723650
5.695640
5.612040
5.713040
5.723410
5.651180
5.666480
5.749880
5.704470
5.698450
5.742910
5.771020
5.589980
5.632290
5.619990
5.663880
5.653750
5.597870
5.731300
5.716840
5.679620
5.911170
5.567170
5.711050
5.675990
5.545840
5.692640
5.724010
5.781430
5.668660
5.527350
5.683270
5.603660
5.753160
5.637660
5.536070
5.700970
5.625030
5.608570
5.714590
5.654860
5.668650
5.689360
5.619740
5.665700
5.682010
5.566760
5.593760
5.638460
5.631030
5.667540
5.606480
5.694350
5.621700
5.646210
5.639170
5.690660
5.689900
5.704500
5.569010
5.659250
5.659460
5.617740
5.722330
5.681490
5.702840
5.718060
5.610720
5.693180
5.644940
5.647340
5.660640
5.727350
5.687070
5.518680
5.653960
5.692500
5.727160
5.641410
5.705490
5.691400
5.717240
5.608670
5.599700
5.669670
5.570930
5.691030
5.655860
5.622620
5.504630
5.724050
5.679550
5.732210
5.624810
5.708400
5.582720
5.727750
5.588990
5.600720
5.524190
5.679690
5.586130
5.626080
5.688450
5.632540
5.573330
5.556860
5.699340
5.683340
5.566790
5.793520
5.711830
5.796070
5.743700
5.611220
5.633130
5.718090
5.655450
5.579260
5.714710
5.574670
5.709160
5.710620
5.636610
5.806210
5.722480
5.790190
5.687120
5.805820
5.684980
5.700370
5.634810
5.708700
5.665490
5.725030
5.669490
5.676270
5.664800
5.647920
5.609170
5.643240
5.691830
5.605720
5.644140
5.700690
5.592400
5.542180
5.738480
5.563220
5.614730
5.676780
5.662050
5.787230
5.711540
5.678890
5.671700
5.622420
5.605050
5.666110
5.768090
5.713090
5.574400
5.553280
5.677780
5.666280
5.673850
5.736150
5.770580
5.716690
5.582940
5.713880
5.588750
5.719030
5.653220
5.615780
5.726660
5.600790
5.671900
5.676710
5.542010
5.716030
5.635000
5.718290
5.647500
5.651390
5.783090
5.584370
5.646140
5.612310
5.579840
5.645600
5.558460
5.733550
5.623020
5.609880
5.672720
5.676320
5.598430
5.624330
5.606630
5.730680
5.636540
5.557080
5.741020
5.729660
5.682470
5.700920
5.606350
5.567640
5.571760
5.680220
5.633940
5.667620
5.651780
5.672040
5.743540
5.715820
5.601940
5.672640
5.572190
5.727890
5.651280
5.648550
5.641250
5.745360
5.746080
5.705990
5.623860
5.752340
5.613880
5.541910
5.663670
5.644580
5.735930
5.680200
5.678730
5.571210
5.707360
5.774860
5.758130
5.739090
5.518370
5.768540
5.677690
5.686980
5.644650
5.586870
5.533340
5.624430
5.664860
5.673960
5.601380
5.611320
5.600650
5.685730
5.732400
5.731500
5.632220
5.728300
5.671730
5.592310
5.603170
5.618040
5.606150
5.676980
5.656190
5.592880
5.662900
5.703710
5.637860
5.676520
5.642070
5.632720
5.664430
5.664790
5.764840
5.745990
5.650230
5.701080
5.769000
5.713330
5.719960
5.612670
5.547120
5.558980
5.750570
5.614150
5.621340
5.670570
5.571600
5.505590
5.790530
5.669480
5.683760
5.646010
5.628930
5.646340
5.759330
5.658430
5.579170
5.647190
5.676380
5.636240
5.570970
5.677560
5.609890
5.565550
5.720150
5.628380
5.744940
5.644050
5.553380
5.588830
5.653390
5.640670
5.628470
5.741850
5.640080
5.731390
5.683430
5.585880
5.643850
5.722840
5.696220
5.639040
5.653570
5.710380
5.757640
5.610170
5.726420
5.668650
5.637050
5.584590
5.644730
5.552210
5.710100
5.727300
5.626740
5.648940
5.621930
5.716320
5.606030
5.687350
5.673050
5.723600
5.624230
5.569020
5.663550
5.550090
5.748970
5.708720
5.703700
5.738600
5.776730
5.661330
5.673830
5.677870
5.644790
5.772310
5.615170
5.697250
5.633440
5.646110
5.701120
5.740220
5.702150
5.580690
5.605830
5.607060
5.565500
5.691290
5.654640
5.674290
5.722930
5.658900
5.558260
5.627420
5.869930
5.758700
5.624750
5.657670
5.649000
5.646940
5.666750
5.761090
5.663140
5.747050
5.642190
5.695880
5.620920
5.698400
5.608400
5.655830
5.578890
5.603010
5.625060
5.743470
5.617380
5.691860
5.753150
5.603990
5.589120
5.663830
5.657380
5.613520
5.596250
5.626110
5.753240
5.609480
5.606100
5.623670
5.759420
5.609760
5.611220
5.710800
5.679640
5.569880
5.771940
5.612320
5.650160
5.587340
5.712940
5.625290
5.689590
5.733860
5.579730
5.640810
5.702820
5.694440
5.755110
5.734110
5.702130
5.572180
5.784460
5.678910
5.718990
5.664610
5.679310
5.608550
5.708430
5.657680
5.695940
5.672160
5.659990
5.702290
5.635090
5.678670
5.589760
5.702230
5.682110
5.641450
5.672220
5.667840
5.600630
5.701060
5.657810
5.619570
5.536010
5.638260
5.636790
5.726970
5.596520
5.649380
5.840850
5.772190
5.675790
5.719090
5.651290
5.515640
5.830610
5.710010
5.546240
5.553370
5.686570
5.555270
5.729060
5.624720
5.615870
5.684670
5.603910
5.645390
5.662790
5.706100
5.646150
5.586870
5.627710
5.613840
5.663120
5.616160
5.653500
5.771830
5.582540
5.713940
5.463700
5.594520
5.673600
5.730390
5.753890
5.655730
5.717720
5.744400
5.608600
5.633750
5.772380
5.670160
5.778400
5.731800
5.652480
5.662710
5.693910
5.696290
5.686830
5.549640
5.762050
5.552250
5.615510
5.678700
5.657260
5.628260
5.590100
5.545870
5.721780
5.693060
5.631150
5.709220
5.561060
5.556000
5.618590
5.590730
5.585320
5.751500
5.704090
5.619000
5.638980
5.660200
5.681460
5.633260
5.779400
5.553420
5.747600
5.658030
5.605310
5.695030
5.737380
5.567250
5.663810
5.686390
5.720740
5.562820
5.596540
5.755640
5.763970
5.471110
5.641610
5.629340
5.587220
5.612130
5.788440
5.592070
5.848350
5.633280
5.744290
5.687510
5.629320
5.775870
5.614350
5.616320
5.726020
5.541970
5.610780
5.669980
5.670990
5.800980
5.657730
5.583270
5.733870
5.696870
5.602270
5.607210
5.733210
5.646030
5.745980
5.587190
5.787620
5.721610
5.702510
5.705150
5.600390
5.739580
5.638620
5.752170
5.694320
5.570240
5.738410
5.696680
5.656630
5.743210
5.778280
5.657450
5.679480
5.698620
5.641140
5.624440
5.615120
5.725080
5.697500
5.708540
5.539390
5.688790
5.647320
5.574990
5.690330
5.508540
5.664170
5.609560
5.659100
5.736180
5.597390
5.718350
5.629810
5.620240
5.723090
5.715120
5.660800
5.644600
5.647160
5.793830
5.677480
5.722110
5.702140
5.595310
5.561910
5.642330
5.714250
5.545360
5.636340
5.679310
5.654090
5.789440
5.656730
5.600190
5.595250
5.657520
5.664460
5.603800
5.525550
5.638140
5.622460
5.690290
5.651470
5.636390
5.648910
5.728770
5.689080
5.556660
5.712710
5.732060
5.622720
5.790340
5.723930
5.717400
5.643250
5.751640
5.683640
5.670760
5.651000
5.598460
5.564100
5.787170
5.692560
5.702470
5.530780
5.591110
5.705970
5.564790
5.647230
5.748710
5.668350
5.776230
5.545310
5.731360
5.545000
5.783160
5.659730
5.723590
5.701900
5.635240
5.590350
5.543170
5.662010
5.717120
5.598830
5.617570
5.590590
5.678140
5.691920
5.729860
5.637330
5.685770
5.738720
5.639890
5.643530
5.606100
5.601660
5.730010
5.651530
5.662590
5.594850
5.644360
5.772760
5.712720
5.735100
5.755610
5.663200
5.606770
5.570320
5.636310
5.652250
5.666990
5.636230
5.728900
5.707740
5.697160
5.631120
5.804470
5.580780
5.595400
5.660440
5.631440
5.662710
5.738780
5.629510
5.649460
5.694620
5.732530
5.680690
5.694800
5.553300
5.610870
5.627500
5.532370
5.654960
5.571680
5.575940
5.641770
5.665450
5.631440
5.545450
5.687930
5.694980
5.630490
5.616020
5.553870
5.607450
5.514700
5.659850
5.714600
5.559470
5.677360
5.650070
5.544560
5.721150
5.647230
5.686030
5.695900
5.665170
5.619080
5.610510
5.593610
5.640760
5.631580
5.592380
5.674910
5.753690
5.691250
5.717590
5.685420
5.845750
5.718320
5.647150
5.698990
5.631550
5.683590
5.647700
5.678690
5.710960
5.709080
5.654250
5.581420
5.758360
5.574320
5.783790
5.759450
5.754020
5.708380
5.700020
5.670920
5.644700
5.616430
5.615850
5.792520
5.595900
5.635790
5.738150
5.686860
5.726990
5.666160
5.693450
5.767420
5.664630
5.631220
5.692870
5.622640
5.750820
5.758760
5.692080
5.726990
5.668630
5.716800
5.646040
5.581530
5.684070
5.750590
5.643250
5.611170
5.684810
5.751220
5.721210
5.668750
5.587740
5.695750
5.651540
5.633210
5.620100
5.693670
5.675300
5.731370
5.647740
5.689750
5.776480
5.679060
5.701420
5.682580
5.648470
5.619570
5.602480
5.692060
5.626920
5.714250
5.635630
5.621390
5.791560
5.776020
5.612960
5.646010
5.709980
5.665750
5.664780
5.590000
5.723750
5.590260
5.716980
5.700820
5.561520
5.755730
5.670860
5.565060
5.711920
5.687970
5.776540
5.667490
5.723230
5.646190
5.747960
5.587830
5.546400
5.672340
5.598670
5.653000
5.663260
5.825920
5.656350
5.708580
5.638030
5.688340
5.707470
5.566600
5.622060
5.602370
5.554810
5.660090
5.671700
5.626020
5.736840
5.665770
5.717540
5.624610
5.672640
5.702260
5.613720
5.668720
5.605750
5.629210
5.596240
5.668090
5.753520
5.658790
5.691260
5.642870
5.634930
5.678450
5.672570
5.574850
5.685030
5.600060
5.647860
5.712910
5.617670
5.682430
5.636430
5.690140
5.577640
5.716230
5.615010
5.710450
5.609550
5.682420
5.698820
5.668350
5.553890
5.613030
5.652970
5.792880
5.681910
5.565610
5.714290
5.662230
5.832070
5.719750
5.628490
5.695580
5.586590
5.528940
5.574710
5.538520
5.615250
5.558300
5.737680
5.672330
5.698220
5.627640
5.687140
5.609090
5.593970
5.661480
5.642300
5.618810
5.670540
5.610890
5.616720
5.751680
5.816830
5.554700
5.622690
5.725830
5.762460
5.615380
5.613590
5.682280
5.700890
5.680150
5.637240
5.646040
5.587130
5.572300
5.751010
5.717420
5.729440
5.631610
5.585270
5.621070
5.639600
5.594420
5.678170
5.717880
5.721900
5.678800
5.560650
5.557900
5.762220
5.611390
5.704080
5.714290
5.786800
5.694210
5.524950
5.673490
5.705180
5.620140
5.594850
5.578670
5.682340
5.702690
5.751240
5.642750
5.657450
5.564440
5.619810
5.697020
5.697390
5.682590
5.791750
5.616100
5.784150
5.752520
5.711490
5.570480
5.677370
5.627330
5.591970
5.721480
5.678950
5.747450
5.720360
5.717680
5.664930
5.563270
5.619290
5.716760
5.810350
5.633640
5.669550
5.703690
5.732750
5.754580
5.625000
5.641590
5.601810
5.727310
5.612410
5.643350
5.630220
5.686890
5.639540
5.635860
5.590130
5.640850
5.692020
5.753680
5.690890
5.686810
5.683820
5.668840
5.672750
5.734990
5.706950
5.710290
5.576280
5.581020
5.758360
5.716230
5.598410
5.682940
5.566880
5.821700
5.756260
5.656020
5.610300
5.680580
5.784320
5.600960
5.614630
5.593530
5.739490
5.650600
5.735640
5.610930
5.772510
5.870640
5.657510
5.661810
5.683870
5.598160
5.725820
5.574570
5.675330
5.713740
5.718290
5.684370
5.643990
5.642520
5.770960
5.694770
5.594020
5.547270
5.619470
5.661900
5.654940
5.716240
5.585180
5.700330
5.577450
5.678780
5.664650
5.631170
5.699440
5.612920
5.731600
5.614440
5.787230
5.572790
5.674570
5.674520
5.643020
5.636680
5.736920
5.583610
5.755970
5.671360
5.785530
5.661010
5.553650
5.645290
5.646730
5.687850
5.782900
5.640890
5.713750
5.659280
5.614970
5.692230
5.712440
5.612650
5.544520
5.617520
5.689170
5.643020
5.674250
5.552010
5.671100
5.590250
5.639430
5.702050
5.686240
5.631830
5.566630
5.654930
5.751220
5.784450
5.579290
5.637590
5.777180
5.523510
5.618640
5.621600
5.707080
5.646530
5.661160
5.731430
5.642950
5.690590
5.641270
5.672220
5.649230
5.655830
5.676880
5.651660
5.600200
5.622310
5.604080
5.671890
5.697950
5.535050
5.630570
5.565300
5.739510
5.703530
5.668550
5.588410
5.805370
5.646660
5.643930
5.614970
5.654580
5.630580
5.639520
5.637980
5.783730
5.753040
5.726840
5.645600
5.700050
5.601360
5.696990
5.657990
5.626760
5.667710
5.538300
5.661200
5.758170
5.651620
5.684250
5.674820
5.564050
5.722830
5.656010
5.565590
5.691690
5.692170
5.586500
5.658020
5.529790
5.639080
5.578340
5.642580
5.636830
5.755820
5.635360
5.608170
5.632330
5.809040
5.741530
5.665430
5.587680
5.543800
5.716000
5.734620
5.667580
5.730030
5.644010
5.745870
5.690780
5.731810
5.584910
5.691100
5.767640
5.580220
5.674990
5.589580
5.683660
5.764790
5.579910
5.627370
5.666120
5.566360
5.601590
5.662440
5.591270
5.601610
5.721050
5.756770
5.604480
5.574230
5.640060
5.729910
5.738090
5.639200
5.732490
5.721960
5.659620
5.728500
5.776920
5.772940
5.772800
5.704880
5.595200
5.693850
5.640910
5.701660
5.607030
5.634740
5.626560
5.708320
5.753690
5.762930
5.687330
5.597870
5.669730
5.658430
5.632460
5.635950
5.638500
5.659420
5.636850
5.638340
5.662910
5.620480
5.630620
5.584620
5.600810
5.710850
5.752920
5.709260
5.788050
5.641170
5.567220
5.669490
5.783360
5.626560
5.484840
5.550460
5.608930
5.714080
5.696390
5.691650
5.643740
5.674760
5.728800
5.629590
5.754870
5.645420
5.646000
5.628860
5.791530
5.667920
5.584380
5.658490
5.766670
5.662730
5.774270
5.581970
5.668710
5.587400
5.627650
5.512810
5.674760
5.656430
5.723730
5.692690
5.672910
5.670680
5.672940
5.700970
5.706240
5.680310
5.596980
5.711960
5.699480
5.742100
5.688070
5.675910
5.600670
5.710570
5.587320
5.605680
5.674090
5.721860
5.684880
5.667950
5.643630
5.568500
5.598300
5.731820
5.633170
5.652510
5.607740
5.609890
5.594240
5.588250
5.616880
5.629140
5.644640
5.646020
5.747570
5.598960
5.631590
5.582120
5.740600
5.735020
5.518590
5.646270
5.672010
5.587500
5.627600
5.712210
5.668940
5.526530
5.611190
5.605820
5.618130
5.680280
5.615890
5.572980
5.638390
5.793100
5.565730
5.646830
5.610610
5.684410
5.804070
5.573780
5.623670
5.654450
5.675530
5.640600
5.702070
5.701530
5.649230
5.638110
5.714060
5.568820
5.665900
5.698550
5.702450
5.775770
5.624680
5.611490
5.697620
5.687830
5.635550
5.695220
5.774920
5.535360
5.694420
5.645950
5.654570
5.654660
5.706580
5.715490
5.685320
5.603400
5.607880
5.696980
5.622230
5.652940
5.637750
5.736810
5.637920
5.692590
5.644290
5.637570
5.680200
5.547690
5.608670
5.700200
5.659010
5.551380
5.619300
5.655720
5.613980
5.688730
5.708490
5.619940
5.603850
5.756740
5.715590
5.643060
5.678610
5.697130
5.619660
5.662880
5.649350
5.569960
5.745770
5.689970
5.742950
5.663620
5.718530
5.621420
5.723340
5.774840
5.681110
5.668370
5.636680
5.759610
5.576410
5.701600
5.679340
5.714730
5.612780
5.681840
5.607980
5.752590
5.621870
5.606140
5.642630
5.765270
5.661250
5.642880
5.649310
5.632460
5.714190
5.658180
5.653640
5.747560
5.551290
5.554310
5.609930
5.640690
5.534970
5.695610
5.776140
5.766590
5.678880
5.603440
5.694580
5.733630
5.597030
5.676120
5.632590
5.641250
5.705290
5.732350
5.587960
5.752930
5.558100
5.747840
5.682350
5.616110
5.618040
5.594260
5.704140
5.666830
5.654320
5.749240
5.532900
5.676940
5.674530
5.557810
5.689260
5.716900
5.721730
5.712700
5.638190
5.630070
5.622250
5.545170
5.632770
5.669920
5.624360
5.595000
5.681280
5.642580
5.612810
5.593440
5.663100
5.629480
5.542960
5.677820
5.682540
5.587310
5.576050
5.595930
5.711450
5.756850
5.661310
5.749560
5.790810
5.862970
5.678510
5.648000
5.646210
5.640400
5.717860
5.737420
5.687310
5.639830
5.769160
5.482640
5.696230
5.697080
5.627730
5.734830
5.694310
5.614790
5.684150
5.672610
5.692110
5.693570
5.754470
5.530300
5.684680
5.774860
5.670710
5.590990
5.707610
5.651840
5.524150
5.595280
5.695840
5.658330
5.621110
5.710880
5.668480
5.623550
5.686570
5.663740
5.544650
5.763850
5.593570
5.648960
5.550960
5.706700
5.726270
5.538400
5.701840
5.561390
5.670330
5.660970
5.528340
5.638530
5.521330
5.703410
5.610350
5.760630
5.701590
5.783640
5.639890
5.733230
5.554780
5.694850
5.671670
5.653350
5.575300
5.587810
5.666120
5.708080
5.698860
5.657300
5.707990
5.503150
5.640290
5.730880
5.593740
5.613080
5.729730
5.542800
5.562660
5.588840
5.621030
5.609200
5.720550
5.696110
5.627930
5.595010
5.681030
5.645830
5.679870
5.665490
5.602320
5.721610
5.608590
5.603440
5.694770
5.818100
5.801170
5.662320
5.633840
5.656630
5.551360
5.752110
5.559250
5.680000
5.633720
5.781330
5.733970
5.688630
5.678420
5.578410
5.676600
5.632530
5.643190
5.738630
5.703930
5.639860
5.678020
5.642520
5.690580
5.636930
5.672040
5.650310
5.752030
5.684750
5.535560
5.722840
5.565810
5.694460
5.579950
5.630870
5.620330
5.624420
5.636640
5.702510
5.807370
5.557640
5.589410
5.720280
5.708190
5.723370
5.705040
5.679940
5.638770
5.659140
5.711060
5.617250
5.784080
5.588830
5.608920
5.746120
5.665740
5.678620
5.609080
5.686450
5.822680
5.758790
5.561640
5.588800
5.709860
5.631120
5.544650
5.621340
5.715590
5.547880
5.665200
5.661560
5.666460
5.769900
5.698060
5.794450
5.648130
5.716710
5.636000
5.633260
5.660400
5.619290
5.680960
5.749020
5.646260
5.538970
5.714260
5.596410
5.673390
5.727400
5.582400
5.704580
5.726750
5.599310
5.725820
5.633970
5.657080
5.699150
5.653160
5.748980
5.557770
5.580660
5.574200
5.753920
5.677570
5.680330
5.613320
5.591290
5.501040
5.749380
5.756090
5.697850
5.657490
5.534540
5.709560
5.688000
5.633100
5.679070
5.666510
5.545540
5.620310
5.602510
5.699970
5.714680
5.641730
5.646790
5.696040
5.702980
5.571700
5.661810
5.723320
5.649290
5.745940
5.568920
5.550430
5.665050
5.574050
5.717950
5.553040
5.738620
5.601430
5.691870
5.654340
5.554650
5.610690
5.712130
5.589650
5.596300
5.678000
5.684640
5.635840
5.697340
5.646000
5.676620
5.663420
5.699430
5.664470
5.636720
5.609120
5.708540
5.586230
5.522110
5.667800
5.630830
5.664330
5.652700
5.667520
5.634050
5.618260
5.606230
5.705070
5.546160
5.637410
5.634190
5.661410
5.625990
5.785660
5.656470
5.624440
5.670960
5.753540
5.668010
5.719270
5.680030
5.667130
5.772910
5.694300
5.534890
5.612310
5.632050
5.610550
5.586990
5.676180
5.608460
5.604070
5.733870
5.673390
5.623100
5.618790
5.584750
5.698090
5.688710
5.736010
5.603710
5.707990
5.548570
5.742850
5.642370
5.695380
5.591960
5.642150
5.604810
5.602160
5.700800
5.578870
5.574320
5.712600
5.719640
5.676960
5.639150
5.649550
5.705800
5.580140
5.706210
5.725610
5.668200
5.639310
5.742160
5.782310
5.605910
5.699560
5.763250
5.778490
5.648750
5.610270
5.541930
5.787100
5.578490
5.540530
5.710990
5.585840
5.664270
5.603530
5.574560
5.683440
5.650890
5.607000
5.677600
5.705120
5.763340
5.500640
5.672390
5.719180
5.659110
5.652920
5.572510
5.666410
5.700960
5.646360
5.547420
5.730440
5.729160
5.608350
5.568460
5.654540
5.439980
5.689730
5.632850
5.753030
5.648650
5.674470
5.755460
5.670690
5.761790
5.539750
5.661960
5.623460
5.646370
5.672780
5.731660
5.753670
5.698530
5.700230
5.672480
5.592520
5.662100
5.677420
5.818040
5.623550
5.669950
5.597030
5.603810
5.784390
5.689680
5.602120
5.676180
5.728570
5.691260
5.800990
5.636290
5.642250
5.605370
5.861340
5.683930
5.718290
5.622190
5.779940
5.742320
5.616760
5.711090
5.694180
5.704190
5.739130
5.658030
5.696920
5.660280
5.746090
5.661130
5.825260
5.739930
5.625140
5.635730
5.694370
5.674180
5.642280
5.617660
5.624470
5.707970
5.684480
5.643870
5.701940
5.722410
5.662320
5.605400
5.800330
5.709880
5.636020
5.602420
5.834280
5.711260
5.712160
5.684870
5.789350
5.641540
5.648200
5.622480
5.658020
5.605930
5.572970
5.592020
5.702320
5.639550
5.775060
5.610620
5.660350
5.636340
5.647320
5.660280
5.532960
5.608980
5.586720
5.669190
5.688280
5.711000
5.676780
5.495440
5.679740
5.679920
5.649270
5.533470
5.657720
5.707400
5.670810
5.704340
5.628560
5.612170
5.626980
5.710440
5.676400
5.718330
5.689190
5.686820
5.761640
5.619400
5.599430
5.630470
5.621520
5.566810
5.688850
5.633160
5.633890
5.719230
5.665220
5.604280
5.739710
5.671950
5.707530
5.592380
5.623630
5.777890
5.601750
5.561350
5.641710
5.680090
5.754760
5.653550
5.688420
5.622800
5.633680
5.643820
5.747550
5.637800
5.704350
5.783300
5.660790
5.641200
5.712840
5.716570
5.720570
5.681200
5.617940
5.517120
5.680000
5.700840
5.771450
5.702940
5.703720
5.643660
5.682460
5.719850
5.695120
5.689040
5.561460
5.662950
5.611660
5.524590
5.713990
5.750340
5.726510
5.615860
5.638410
5.634720
5.562610
5.743440
5.764800
5.740910
5.693760
5.556940
5.679350
5.553470
5.644990
5.837260
5.587170
5.655990
5.636310
5.650590
5.623150
5.629880
5.633420
5.685720
5.695090
5.725610
5.618700
5.680150
5.678410
5.600210
5.475510
5.609600
5.652250
5.692630
5.674080
5.665210
5.609000
5.588370
5.612780
5.797110
5.656390
5.731590
5.738360
5.603040
5.684300
5.628000
5.593100
5.653460
5.795460
5.683560
5.694700
5.565460
5.668590
5.675910
5.636700
5.697800
5.658890
5.617720
5.666590
5.735120
5.645700
5.671030
5.700620
5.642650
5.726450
5.609820
5.645480
5.653330
5.639360
5.517600
5.581920
5.645640
5.735210
5.763620
5.621480
5.596490
5.558460
5.654130
5.611870
5.670360
5.735370
5.631110
5.575090
5.704950
5.681670
5.749770
5.722410
5.800520
5.694170
5.671360
5.694820
5.576900
5.617620
5.796620
5.676400
5.663100
5.721320
5.721170
5.593630
5.574500
5.690000
5.538480
5.703030
5.693330
5.657230
5.661790
5.596590
5.728610
5.614830
5.750990
5.661570
5.650400
5.726510
5.659710
5.555320
5.630530
5.779100
5.628920
5.616780
5.657850
5.674210
5.618580
5.630150
5.611680
5.751190
5.592780
5.727810
5.669140
5.656410
5.703550
5.762100
5.647710
5.711100
5.748760
5.720570
5.586860
5.611150
5.576680
5.628310
5.648800
5.633030
5.558630
5.590700
5.603020
5.639710
5.638680
5.672750
5.675720
5.738790
5.654650
5.624910
5.768230
5.613130
5.769790
5.587350
5.536790
5.626610
5.719630
5.747320
5.613830
5.643470
5.603670
5.551390
5.632110
5.615760
5.647610
5.621430
5.710530
5.744620
5.685500
5.704350
5.596040
5.704870
5.655890
5.653190
5.769960
5.626550
5.661140
5.741640
5.686620
5.727330
5.707110
5.692060
5.607410
5.694130
5.499300
5.656210
5.655410
5.755710
5.580470
5.690220
5.634270
5.705230
5.673530
5.704760
5.682800
5.722230
5.615370
5.667060
5.671980
5.663300
5.639060
5.648900
5.775100
5.654540
5.735680
5.755640
5.693010
5.574670
5.639430
5.619930
5.784730
5.613270
5.657030
5.721930
5.573660
5.607210
5.673960
5.690720
5.678630
5.651300
5.741510
5.599670
5.619910
5.625040
5.696910
5.642220
5.623760
5.776690
5.602390
5.616650
5.689730
5.690580
5.855590
5.648180
5.594830
5.671980
5.793910
5.647350
5.663480
5.692200
5.665380
5.740690
5.679100
5.708040
5.664550
5.682410
5.648030
5.734350
5.726080
5.763000
5.620070
5.643290
5.717990
5.641870
5.572080
5.693010
5.708000
5.562650
5.696650
5.613880
5.506490
5.530090
5.667440
5.671890
5.602290
5.726270
5.771570
5.751030
5.712510
5.629090
5.706140
5.643680
5.675870
5.597780
5.658660
5.730070
5.646030
5.675370
5.718500
5.612540
5.706870
5.746070
5.685490
5.595490
5.564510
5.719010
5.697170
5.587780
5.610440
5.567690
5.764270
5.699980
5.542340
5.596090
5.642540
5.672390
5.653040
5.617920
5.606550
5.672460
5.572980
5.641830
5.744540
5.685630
5.692040
5.712550
5.616380
5.606420
5.586510
5.596830
5.597560
5.671830
5.691870
5.707910
5.640110
5.597180
5.812570
5.707060
5.643950
5.613370
5.804600
5.693640
5.692460
5.656640
5.590420
5.589860
5.509220
5.493710
5.557930
5.674930
5.642220
5.627920
5.500580
5.746080
5.626280
5.547220
5.658290
5.633290
5.696030
5.652340
5.654330
5.563860
5.528430
5.647400
5.612400
5.710800
5.599470
5.715670
5.714010
5.666280
5.650670
5.713450
5.616660
5.862460
5.679970
5.601140
5.619350
5.672390
5.575440
5.651580
5.672000
5.749850
5.526950
5.724880
5.649780
5.714130
5.584410
5.661400
5.690060
5.629150
5.739620
5.678140
5.627510
5.641400
5.704670
5.671650
5.732190
5.694690
5.676400
5.692260
5.679120
5.796590
5.622760
5.721180
5.687280
5.670550
5.719600
5.591650
5.718610
5.653870
5.623050
5.628830
5.629010
5.650590
5.616150
5.672110
5.703130
5.708790
5.654300
5.671050
5.606960
5.639170
5.585910
5.686680
5.646300
5.664160
5.747900
5.741290
5.568360
5.750590
5.640260
5.725440
5.698560
5.596450
5.593090
5.648940
5.770870
5.660800
5.572570
5.598360
5.668790
5.619110
5.556070
5.672930
5.663610
5.626600
5.744150
5.645200
5.639850
5.725880
5.746770
5.627850
5.560240
5.708610
5.588360
5.765710
5.592520
5.739600
5.730880
5.727020
5.736280
5.553960
5.591860
5.663310
5.620360
5.635290
5.692300
5.663870
5.703500
5.651220
5.635630
5.682350
5.664610
5.669640
5.659170
5.693210
5.690870
5.669160
5.632030
5.655340
5.704820
5.652050
5.708010
5.710390
5.642620
5.641150
5.631840
5.659970
5.671480
5.575470
5.552800
5.700900
5.718950
5.569310
5.636500
5.657720
5.630770
5.575470
5.650940
5.562920
5.680260
5.442090
5.660260
5.648700
5.708170
5.546870
5.631690
5.806230
5.614460
5.750840
5.598880
5.763620
5.739750
5.633840
5.547570
5.582400
5.773500
5.564960
5.645640
5.596960
5.665770
5.660640
5.529240
5.734050
5.677760
5.678170
5.778640
5.590860
5.642490
5.620640
5.624220
5.652170
5.631110
5.547270
5.586690
5.721570
5.616380
5.582700
5.766740
5.728080
5.721070
5.664710
5.692750
5.615770
5.632280
5.594550
5.658530
5.713140
5.717900
5.533880
5.625680
5.599980
5.668010
5.594380
5.770240
5.708050
5.648120
5.502410
5.708450
5.790870
5.692330
5.697010
5.647440
5.609250
5.678750
5.634080
5.657110
5.606740
5.718480
5.618470
5.701860
5.596630
5.695210
5.701220
5.580560
5.569270
5.764160
5.701240
5.644750
5.716930
5.784720
5.619610
5.721280
5.528780
5.644130
5.624010
5.671780
5.569330
5.582970
5.731930
5.620610
5.747820
5.637870
5.558440
5.642250
5.663560
5.602130
5.622320
5.669680
5.522640
5.644940
5.650470
5.616940
5.661580
5.597560
5.647270
5.699520
5.710840
5.650110
5.722710
5.636290
5.667200
5.549240
5.729090
5.652100
5.660320
5.621570
5.667700
5.725150
5.595940
5.636440
5.695290
5.692880
5.627900
5.629940
5.634340
5.685720
5.694770
5.728490
5.533990
5.802440
5.729870
5.737550
5.635750
5.619610
5.648720
5.756400
5.634130
5.593680
5.733690
5.634480
5.678500
5.728070
5.705710
5.685020
5.651110
5.764110
5.585620
5.617470
5.625550
5.637670
5.544410
5.669320
5.691120
5.673300
5.716510
5.644620
5.681580
5.673410
5.549650
5.909320
5.620900
5.613590
5.590350
5.584000
5.664320
5.657280
5.767480
5.657290
5.659260
5.787000
5.773890
5.655190
5.692810
5.689850
5.698590
5.647970
5.685660
5.612550
5.568310
5.661090
5.561290
5.714820
5.723640
5.497680
5.617440
5.659370
5.659420
5.668880
5.604570
5.733020
5.580100
5.574680
5.683770
5.603640
5.660000
5.751160
5.683870
5.537250
5.623690
5.601710
5.579560
5.728130
5.686960
5.682230
5.693860
5.692870
5.803010
5.605620
5.684120
5.598050
5.797580
5.619280
5.694840
5.606100
5.654760
5.832490
5.594340
5.614120
5.595350
5.629670
5.597560
5.799200
5.645080
5.793130
5.641970
5.686560
5.541240
5.390370
5.690050
5.666650
5.568290
5.680580
5.640230
5.599510
5.626180
5.600640
5.789300
5.687260
5.610200
5.745060
5.557510
5.579610
5.774470
5.774710
5.687070
5.650670
5.763600
5.756430
5.754670
5.576820
5.707880
5.772900
5.576750
5.671320
5.653100
5.721790
5.609370
5.649040
5.543320
5.661590
5.602200
5.715490
5.686350
5.662870
5.703870
5.587900
5.703490
5.640380
5.696820
5.742660
5.650410
5.598030
5.584580
5.641560
5.697140
5.684140
5.601990
5.720680
5.652080
5.791620
5.687320
5.683090
5.707470
5.648370
5.697950
5.666050
5.636420
5.614380
5.630330
5.562740
5.572770
5.615390
5.620600
5.742590
5.699550
5.589010
5.682240
5.713140
5.760060
5.648230
5.762730
5.650970
5.634410
5.776630
5.811550
5.509800
5.570270
5.689630
5.666360
5.699760
5.628980
5.587770
5.541450
5.664820
5.643870
5.634230
5.752460
5.651710
5.667990
5.600690
5.734760
5.580730
5.641950
5.617110
5.721310
5.714600
5.607270
5.543800
5.642310
5.612720
5.682410
5.693170
5.656510
5.625020
5.563500
5.645320
5.679030
5.619750
5.674620
5.698360
5.740040
5.583340
5.675550
5.746320
5.653400
5.670510
5.749420
5.673560
5.597610
5.538430
5.694180
5.649670
5.629220
5.598580
5.559900
5.774280
5.558820
5.577010
5.646420
5.675920
5.779780
5.585640
5.633950
5.641140
5.715890
5.659510
5.700490
5.715340
5.791960
5.771740
5.582090
5.545450
5.756450
5.732130
5.778040
5.822860
5.806290
5.599690
5.668910
5.589930
5.647320
5.643420
5.704920
5.519240
5.668440
5.739580
5.644590
5.779490
5.746360
5.674990
5.691740
5.653470
5.613980
5.713770
5.649210
5.679120
5.690010
5.629450
5.570120
5.668820
5.658730
5.700700
5.742920
5.721330
5.632480
5.689830
5.649060
5.657610
5.700640
5.710030
5.651580
5.644460
5.609380
5.639010
5.642950
5.658450
5.679520
5.757190
5.678130
5.672040
5.671660
5.690620
5.862460
5.702590
5.616270
5.538010
5.756900
5.763570
5.594610
5.677980
5.712910
5.613440
5.741350
5.598850
5.779010
5.602020
5.575940
5.720990
5.664270
5.550840
5.598590
5.614030
5.619100
5.739970
5.655420
5.689140
5.659450
5.595570
5.642740
5.809030
5.727340
5.702900
5.725490
5.664590
5.575960
5.625220
5.553050
5.811780
5.672810
5.664920
5.648160
5.623870
5.571600
5.643500
5.738330
5.690200
5.619460
5.549580
5.659190
5.642970
5.606980
5.592630
5.755300
5.580240
5.648740
5.616760
5.562630
5.725260
5.658330
5.752570
5.603590
5.689880
5.661580
5.542570
5.534790
5.634600
5.664950
5.615940
5.643890
5.671250
5.669360
5.749110
5.601600
5.672360
5.720050
5.470200
5.638560
5.665770
5.749430
5.623510
5.721800
5.649160
5.660130
5.628140
5.685760
5.554580
5.679810
5.601970
5.785380
5.635000
5.604930
5.700160
5.605140
5.637100
5.646440
5.629020
5.578130
5.656900
5.698470
5.614390
5.732340
5.660240
5.628800
5.626290
5.721830
5.573270
5.560950
5.683640
5.568950
5.730960
5.713980
5.650660
5.604170
5.621060
5.567960
5.570000
5.610370
5.762490
5.564410
5.712990
5.716950
5.493960
5.729240
5.604740
5.715480
5.730460
5.706490
5.659640
5.738610
5.578470
5.717370
5.540240
5.747490
5.647820
5.564200
5.665740
5.735560
5.668010
5.618660
5.604830
5.694730
5.679690
5.729910
5.813380
5.634890
5.617320
5.711510
5.576540
5.674800
5.717530
5.686710
5.760120
5.652850
5.631050
5.769900
5.648480
5.785040
5.550770
5.539240
5.737660
5.796340
5.760230
5.593610
5.727990
5.461340
5.619790
5.679970
5.577900
5.595430
5.779860
5.614080
5.629390
5.696220
5.605650
5.654580
5.543800
5.720360
5.740060
5.797540
5.549630
5.663970
5.681900
5.777680
5.741910
5.662800
5.697000
5.598630
5.711330
5.802340
5.686680
5.596940
5.712580
5.688500
5.678340
5.685920
5.617970
5.647300
5.766300
5.617200
5.657760
5.732790
5.744690
5.714030
5.575010
5.553040
5.639470
5.577580
5.753800
5.649420
5.596110
5.779040
5.647310
5.663440
5.650590
5.598830
5.703350
5.628120
5.743170
5.702180
5.681070
5.574680
5.776670
5.717980
5.637190
5.666580
5.667960
5.642260
5.697860
5.697860
