5.631990
5.639210
5.652460
5.666170
5.765510
5.648450
5.775430
5.750840
5.540470
5.702950
5.740600
5.594250
5.663400
5.605090
5.681170
5.651290
5.618880
5.727350
5.659390
5.623000
5.667190
5.648190
5.661740
5.597540
5.679810
5.635640
5.645480
5.770570
5.613120
5.644420
5.714220
5.595480
5.712880
5.638710
5.664670
5.784240
5.612360
5.542410
5.614850
5.732250
5.695490
5.662680
5.695800
5.596240
5.706980
5.588880
5.619210
5.689860
5.749420
5.641550
5.668350
5.694510
5.788820
5.688740
5.651510
5.666800
5.769730
5.722430
5.576830
5.706340
5.553060
5.645500
5.695150
5.475270
5.718920
5.813570
5.719610
5.564840
5.691670
5.655500
5.717380
5.692070
5.706500
5.771040
5.670720
5.770110
5.780120
5.642310
5.700840
5.631590
5.773840
5.673520
5.813360
5.657600
5.625050
5.796680
5.665810
5.528860
5.686880
5.740540
5.684270
5.759560
5.601410
5.680270
5.631120
5.588630
5.714180
5.707700
5.773340
5.627310
5.654360
5.613610
5.647520
5.658490
5.726800
5.651860
5.691680
5.492780
5.701320
5.635930
5.727950
5.570030
5.667080
5.623870
5.682320
5.660970
5.628320
5.658660
5.651300
5.696990
5.597840
5.529500
5.582490
5.591160
5.593950
5.705300
5.632710
5.597560
5.641820
5.616410
5.600730
5.511140
5.661250
5.640240
5.700690
5.628840
5.630990
5.648150
5.614360
5.684730
5.685590
5.746450
5.718390
5.637800
5.659380
5.679920
5.700670
5.672550
5.605250
5.621890
5.532900
5.698680
5.636830
5.607280
5.688050
5.714270
5.671790
5.673410
5.516870
5.696510
5.655570
5.635310
5.664190
5.762670
5.630840
5.677410
5.567170
5.598730
5.537830
5.653480
5.810840
5.552960
5.636410
5.616850
5.650530
5.630600
5.709890
5.693030
5.677710
5.549890
5.638820
5.645060
5.660000
5.648170
5.711390
5.580690
5.606110
5.710010
5.654690
5.644890
5.657020
5.661590
5.674280
5.642520
5.595840
5.748860
5.588880
5.705130
5.613260
5.595740
5.804860
5.699490
5.674200
5.737730
5.683310
5.642770
5.672870
5.706600
5.752820
5.739200
5.744990
5.653120
5.581150
5.544590
5.631190
5.717430
5.633360
5.630550
5.654660
5.755020
5.600900
5.756770
5.767680
5.715780
5.655790
5.667130
5.764070
5.706120
5.635830
5.654480
5.696540
5.706130
5.634960
5.558680
5.697380
5.633330
5.580080
5.616700
5.680790
5.626450
5.784060
5.686360
5.553920
5.649280
5.469120
5.609900
5.578480
5.594550
5.702550
5.659850
5.697310
5.592020
5.711030
5.629810
5.626900
5.741060
5.751420
5.629660
5.716500
5.627640
5.603800
5.658320
5.667360
5.690470
5.749070
5.522020
5.566250
5.687240
5.762860
5.643460
5.701430
5.768340
5.692050
5.610780
5.610000
5.565840
5.718400
5.577150
5.751430
5.636610
5.691780
5.568410
5.867810
5.634630
5.734580
5.655140
5.634170
5.586130
5.641930
5.627530
5.593420
5.700260
5.703040
5.701310
5.650330
5.703070
5.695360
5.774890
5.630990
5.659780
5.622290
5.648840
5.719870
5.704430
5.645830
5.758190
5.643530
5.695260
5.673310
5.676630
5.663360
5.647220
5.683910
5.532880
5.593170
5.642740
5.638660
5.749450
5.738760
5.565610
5.678490
5.552580
5.645290
5.521820
5.641090
5.520970
5.732570
5.578770
5.685750
5.646720
5.691250
5.536180
5.640320
5.733850
5.635220
5.651610
5.645270
5.653980
5.784560
5.673250
5.642470
5.696880
5.770320
5.577780
5.684310
5.625680
5.651970
5.687910
5.689240
5.693500
5.634030
5.656210
5.610850
5.630110
5.606930
5.712520
5.640760
5.684290
5.505130
5.690450
5.626070
5.617070
5.671110
5.734760
5.650130
5.596860
5.588380
5.756190
5.673260
5.638550
5.679230
5.633730
5.693700
5.556520
5.619910
5.743750
5.662800
5.688990
5.774190
5.637600
5.592120
5.617720
5.640390
5.582240
5.550110
5.781240
5.624490
5.747010
5.636900
5.718230
5.669460
5.634070
5.673310
5.611060
5.648190
5.604700
5.647880
5.664820
5.632420
5.599830
5.632810
5.641740
5.649950
5.732470
5.718690
5.667460
5.673160
5.581660
5.680860
5.695360
5.559510
5.647790
5.656370
5.704660
5.639320
5.767410
5.688110
5.549920
5.633970
5.636340
5.678340
5.548410
5.637780
5.706910
5.641440
5.656820
5.686020
5.666670
5.697020
5.721110
5.630710
5.608280
5.750350
5.609830
5.577590
5.669900
5.765710
5.725840
5.681470
5.770200
5.589010
5.681520
5.671380
5.605980
5.590460
5.628340
5.703550
5.686540
5.621150
5.612320
5.671770
5.568020
5.697820
5.598980
5.598250
5.715640
5.693050
5.611420
5.710470
5.630120
5.665210
5.663580
5.626170
5.631040
5.710170
5.703010
5.520280
5.572250
5.625860
5.711260
5.610960
5.679810
5.636380
5.653660
5.696000
5.618320
5.649290
5.696410
5.611420
5.637000
5.627000
5.627440
5.733480
5.654130
5.683360
5.755860
5.654940
5.677830
5.658990
5.650220
5.733040
5.723430
5.717490
5.734520
5.630600
5.666290
5.634940
5.549450
5.546420
5.691550
5.643160
5.678330
5.765020
5.697770
5.612620
5.641820
5.562990
5.712520
5.640250
5.615740
5.667800
5.756280
5.681260
5.705070
5.640250
5.781840
5.562410
5.759760
5.702150
5.640610
5.633390
5.703520
5.611510
5.633860
5.764060
5.604040
5.634480
5.737940
5.756330
5.702840
5.763560
5.691750
5.622100
5.776330
5.578700
5.603320
5.625520
5.692550
5.630490
5.774260
5.672760
5.623870
5.751980
5.718450
5.705850
5.710340
5.700480
5.615750
5.626210
5.726460
5.735530
5.512370
5.683840
5.773090
5.610020
5.564020
5.721760
5.633660
5.538580
5.611280
5.599480
5.786280
5.730460
5.646490
5.606910
5.671630
5.561870
5.590570
5.701570
5.632410
5.660280
5.698520
5.719290
5.766730
5.579060
5.698160
5.683410
5.725230
5.713310
5.679170
5.704690
5.742760
5.615910
5.635620
5.609110
5.598480
5.609660
5.497730
5.656130
5.682130
5.743280
5.664290
5.755820
5.769310
5.661250
5.640940
5.760970
5.664190
5.748990
5.686340
5.790740
5.603000
5.583960
5.801740
5.707210
5.669100
5.648950
5.579560
5.681860
5.592800
5.797770
5.685880
5.735200
5.687850
5.630480
5.727830
5.701120
5.632260
5.595390
5.610440
5.551330
5.641300
5.794170
5.680000
5.630090
5.647320
5.725080
5.625780
5.670280
5.666160
5.659570
5.640510
5.665040
5.753880
5.619640
5.541540
5.679190
5.595520
5.699550
5.636920
5.683770
5.555030
5.610180
5.600960
5.560580
5.770400
5.788210
5.633670
5.672960
5.704860
5.651340
5.622550
5.747000
5.704540
5.648250
5.660320
5.749710
5.868680
5.625370
5.659360
5.747010
5.651120
5.593110
5.653270
5.689510
5.633760
5.762720
5.702950
5.592600
5.616630
5.662840
5.684520
5.692610
5.603770
5.551820
5.779400
5.581960
5.636680
5.672810
5.570230
5.552900
5.700690
5.733220
5.749700
5.677820
5.671910
5.639050
5.681220
5.657180
5.514610
5.683290
5.583820
5.747090
5.633960
5.617440
5.602710
5.692430
5.631930
5.575250
5.693950
5.735220
5.628890
5.618460
5.737780
5.682930
5.654770
5.529960
5.700470
5.688590
5.684670
5.522440
5.588280
5.665740
5.691350
5.610720
5.563390
5.509060
5.654750
5.678090
5.648070
5.674870
5.824030
5.685340
5.640890
5.685570
5.627910
5.588270
5.627230
5.770940
5.708680
5.535790
5.722090
5.573020
5.709010
5.623810
5.641360
5.653110
5.806240
5.687130
5.774990
5.730840
5.663920
5.678540
5.665810
5.523560
5.704100
5.733390
5.732610
5.671670
5.735460
5.652940
5.652050
5.577350
5.598260
5.483550
5.655640
5.584370
5.654650
5.590420
5.608510
5.656900
5.615310
5.611240
5.664260
5.685490
5.579780
5.715370
5.527940
5.779730
5.696730
5.737120
5.726710
5.706180
5.575820
5.554410
5.562810
5.708450
5.629770
5.648030
5.681160
5.703380
5.548600
5.604000
5.702210
5.646620
5.735590
5.538860
5.624150
5.687360
5.626080
5.685270
5.586330
5.725630
5.743540
5.746070
5.636570
5.573820
5.760880
5.547540
5.542780
5.646040
5.613510
5.629280
5.641890
5.634650
5.659430
5.651890
5.710680
5.672140
5.653550
5.723930
5.676090
5.578250
5.763860
5.634020
5.694140
5.591260
5.653720
5.715490
5.655100
5.688000
5.744420
5.655820
5.634910
5.659180
5.631770
5.632450
5.716300
5.752480
5.607470
5.645260
5.702150
5.652860
5.683170
5.736240
5.586880
5.676770
5.728140
5.540030
5.641140
5.701460
5.807110
5.541010
5.587070
5.589780
5.633800
5.743940
5.648550
5.684300
5.656950
5.698640
5.700060
5.664160
5.685270
5.682930
5.614910
5.606190
5.655140
5.534830
5.685280
5.537140
5.559640
5.636630
5.524120
5.649560
5.648890
5.702490
5.619650
5.658260
5.655140
5.772200
5.652880
5.676360
5.699310
5.642620
5.591870
5.680090
5.619660
5.633890
5.614020
5.704740
5.651430
5.548840
5.606270
5.715450
5.582240
5.682210
5.799780
5.721770
5.673280
5.744800
5.641860
5.633810
5.754820
5.627680
5.782550
5.631410
5.615030
5.731990
5.563990
5.569240
5.565420
5.728370
5.476430
5.673260
5.679360
5.706510
5.649150
5.721230
5.631090
5.612920
5.628540
5.552230
5.718950
5.696530
5.718240
5.727650
5.597230
5.614530
5.671020
5.671070
5.771790
5.717530
5.697730
5.701470
5.695200
5.541390
5.693180
5.652970
5.804390
5.720080
5.611480
5.668930
5.788710
5.636960
5.565380
5.673160
5.668320
5.673170
5.622480
5.651940
5.726430
5.548760
5.662300
5.595540
5.663220
5.559240
5.628860
5.608180
5.597390
5.492960
5.626700
5.680430
5.756460
5.625570
5.662870
5.603510
5.504320
5.613920
5.693000
5.662360
5.568010
5.659520
5.605190
5.558070
5.604520
5.562340
5.620880
5.622620
5.618900
5.692250
5.632420
5.656840
5.642290
5.631260
5.677640
5.525550
5.684000
5.599410
5.658070
5.628070
5.657500
5.728580
5.715030
5.671340
5.697260
5.598760
5.706010
5.636880
5.542410
5.647100
5.725710
5.712620
5.619930
5.668070
5.685700
5.756340
5.582080
5.750110
5.708910
5.669140
5.634090
5.657110
5.670890
5.672000
5.691720
5.677710
5.682330
5.627130
5.625180
5.647990
5.629050
5.737930
5.760980
5.668330
5.613480
5.671690
5.726410
5.697340
5.722920
5.682040
5.670080
5.556710
5.709550
5.624810
5.679320
5.658150
5.678620
5.685950
5.735840
5.633360
5.612130
5.694250
5.653190
5.624630
5.508730
5.730020
5.582510
5.759640
5.826980
5.542040
5.596110
5.643070
5.560990
5.605250
5.707150
5.623950
5.831120
5.641600
5.649350
5.638260
5.734220
5.698920
5.723440
5.733120
5.631470
5.528100
5.694900
5.664690
5.799030
5.642090
5.700140
5.712650
5.628690
5.756010
5.625960
5.656250
5.510870
5.741950
5.600300
5.548130
5.573830
5.679030
5.698100
5.656200
5.692470
5.691430
5.579710
5.570950
5.592490
5.602850
5.547510
5.585760
5.678090
5.601610
5.593800
5.615720
5.663320
5.694360
5.688170
5.602020
5.666770
5.689810
5.688930
5.738070
5.644260
5.679930
5.614400
5.557060
5.633580
5.611760
5.740700
5.696280
5.628320
5.792520
5.489170
5.606580
5.552120
5.547430
5.707390
5.686810
5.687650
5.702750
5.591690
5.668020
5.560100
5.704950
5.598080
5.639720
5.635650
5.651120
5.571930
5.649420
5.575820
5.628000
5.628120
5.551790
5.659800
5.656710
5.610930
5.640770
5.624710
5.557110
5.607150
5.596930
5.707350
5.665030
5.642040
5.520480
5.594960
5.651690
5.623640
5.777810
5.650220
5.751430
5.624880
5.752410
5.542790
5.700920
5.673430
5.732950
5.543450
5.610820
5.648750
5.688940
5.638740
5.657800
5.556130
5.722260
5.808940
5.647510
5.737030
5.626040
5.674100
5.776120
5.592310
5.649910
5.726590
5.652000
5.654880
5.738890
5.669160
5.587810
5.738610
5.739710
5.715290
5.742610
5.745260
5.742020
5.598440
5.714940
5.648540
5.683530
5.615900
5.660640
5.575720
5.586440
5.730940
5.581350
5.537540
5.611510
5.648330
5.722080
5.554530
5.666730
5.640390
5.812720
5.659120
5.643090
5.662630
5.662750
5.601810
5.667620
5.589150
5.634090
5.693810
5.715060
5.666040
5.679180
5.617900
5.681240
5.648420
5.668500
5.655380
5.603940
5.599440
5.724280
5.737460
5.666130
5.741520
5.572610
5.620590
5.624590
5.726690
5.711020
5.679670
5.794130
5.674920
5.719970
5.522850
5.776250
5.739630
5.628200
5.739330
5.687260
5.711590
5.714450
5.731490
5.719130
5.542310
5.642760
5.685020
5.650680
5.637330
5.717520
5.568480
5.598770
5.710970
5.785540
5.699630
5.674830
5.798480
5.644890
5.691520
5.611890
5.602380
5.710300
5.726140
5.742690
5.764720
5.718180
5.645020
5.700210
5.658580
5.751290
5.802000
5.684980
5.698890
5.789600
5.720150
5.732210
5.674690
5.673140
5.636120
5.707380
5.720880
5.640000
5.623790
5.579760
5.796020
5.626600
5.656170
5.737690
5.739400
5.605750
5.661040
5.607340
5.575720
5.648130
5.607300
5.778930
5.658350
5.673250
5.644710
5.743440
5.674320
5.699620
5.709420
5.543570
5.657200
5.640910
5.728880
5.755580
5.645880
5.740760
5.729370
5.744500
5.652790
5.689030
5.680930
5.601800
5.622390
5.618080
5.596120
5.722970
5.641560
5.666630
5.713520
5.690320
5.632870
5.698590
5.635260
5.613880
5.662370
5.722530
5.652070
5.627070
5.591220
5.623160
5.664510
5.619270
5.635560
5.676200
5.616740
5.889450
5.658260
5.684960
5.547350
5.603610
5.710330
5.613740
5.581650
5.669590
5.688800
5.737910
5.780170
5.670910
5.577530
5.591230
5.731300
5.661560
5.566370
5.738380
5.502180
5.721040
5.639650
5.649340
5.650170
5.701600
5.738790
5.712280
5.503840
5.674010
5.687670
5.648570
5.612450
5.708680
5.710700
5.650000
5.758350
5.712870
5.768320
5.656670
5.699300
5.687080
5.575160
5.656020
5.710830
5.688160
5.777840
5.720540
5.598550
5.662260
5.621820
5.635850
5.697620
5.764980
5.791890
5.532140
5.694060
5.832500
5.680110
5.709800
5.749820
5.575670
5.631790
5.569040
5.720160
5.715880
5.671120
5.652490
5.693500
5.554850
5.618060
5.588260
5.583870
5.644610
5.662760
5.706330
5.675630
5.646830
5.558430
5.731780
5.732230
5.690670
5.584970
5.696300
5.559380
5.556880
5.693930
5.675800
5.696980
5.642110
5.620530
5.639120
5.556350
5.618490
5.595930
5.640640
5.621460
5.699310
5.634140
5.707250
5.623390
5.698840
5.641910
5.702390
5.705530
5.696410
5.684360
5.609520
5.647760
5.661600
5.600040
5.741640
5.547040
5.635740
5.686260
5.649350
5.775170
5.754460
5.684970
5.822780
5.668580
5.640100
5.670580
5.612220
5.606550
5.679570
5.613140
5.717070
5.637350
5.709770
5.690430
5.690850
5.494890
5.745080
5.689650
5.697640
5.548210
5.703340
5.673120
5.652570
5.678790
5.699950
5.592090
5.675420
5.693580
5.730850
5.614700
5.731460
5.687400
5.728940
5.645520
5.654180
5.791220
5.789890
5.754200
5.551550
5.598100
5.644440
5.638770
5.768690
5.592080
5.688050
5.576880
5.625690
5.789410
5.555850
5.714850
5.602100
5.576230
5.583560
5.544280
5.687640
5.767630
5.615780
5.635510
5.758110
5.750410
5.716190
5.731980
5.690400
5.696540
5.641870
5.673140
5.668980
5.781880
5.756170
5.667590
5.719610
5.592100
5.748380
5.606660
5.607320
5.587440
5.689060
5.606460
5.694310
5.764190
5.725090
5.615230
5.669560
5.601370
5.727610
5.732780
5.629470
5.625410
5.595090
5.663400
5.680910
5.593170
5.652300
5.720310
5.577590
5.621880
5.697450
5.681250
5.572920
5.555110
5.631840
5.577450
5.751890
5.649900
5.667690
5.577230
5.664640
5.768540
5.691320
5.660310
5.712620
5.695760
5.706780
5.682400
5.626070
5.692560
5.552890
5.631980
5.578390
5.678720
5.745900
5.698010
5.648200
5.563320
5.729680
5.605040
5.593180
5.695600
5.676560
5.721740
5.684130
5.564520
5.645290
5.653330
5.708810
5.698260
5.703600
5.682930
5.614920
5.765700
5.651550
5.638570
5.675190
5.779350
5.700540
5.646720
5.632520
5.533490
5.749480
5.579800
5.712990
5.701090
5.584690
5.705790
5.813680
5.652140
5.589480
5.714820
5.777880
5.673740
5.468020
5.612730
5.626480
5.732960
5.605520
5.572060
5.649600
5.562370
5.743250
5.751970
5.708070
5.719210
5.675500
5.663370
5.747180
5.613460
5.697010
5.623150
5.562450
5.795600
5.525880
5.665230
5.664700
5.702810
5.621100
5.688970
5.694630
5.742940
5.582630
5.649780
5.683170
5.705000
5.710170
5.694410
5.660840
5.576470
5.629400
5.477830
5.693100
5.710750
5.652810
5.725130
5.652690
5.620410
5.530960
5.831140
5.554220
5.585560
5.679600
5.666820
5.620200
5.720880
5.626140
5.615720
5.628700
5.676980
5.639630
5.666490
5.616780
5.650410
5.650790
5.698820
5.615520
5.723690
5.644020
5.617960
5.629600
5.726970
5.557670
5.575140
5.609430
5.633940
5.641830
5.617080
5.572500
5.715170
5.774970
5.699380
5.616170
5.575200
5.625970
5.619470
5.596120
5.700760
5.545630
5.648710
5.603870
5.654380
5.662990
5.586230
5.684410
5.649920
5.595180
5.671260
5.649190
5.698000
5.620810
5.657530
5.674840
5.715830
5.527480
5.669830
5.807870
5.647120
5.742010
5.695830
5.582910
5.791090
5.652470
5.592830
5.598880
5.635230
5.702990
5.686860
5.616510
5.709170
5.599250
5.828080
5.611460
5.656280
5.640000
5.697730
5.619560
5.620350
5.722150
5.754700
5.635070
5.708680
5.638720
5.600790
5.564450
5.721800
5.680470
5.688800
5.782980
5.711970
5.702460
5.574390
5.688960
5.625920
5.673460
5.610170
5.626890
5.701040
5.590300
5.608790
5.500850
5.716460
5.643250
5.657350
5.598020
5.652000
5.592440
5.772800
5.615880
5.769730
5.684760
5.613570
5.557390
5.744170
5.547180
5.726840
5.672090
5.623300
5.641760
5.647410
5.728300
5.627550
5.703530
5.658150
5.628730
5.742340
5.713180
5.675570
5.597530
5.645500
5.586540
5.810020
5.542000
5.757500
5.658810
5.622760
5.593270
5.628850
5.663230
5.639980
5.591220
5.554870
5.801830
5.724710
5.612180
5.565420
5.549510
5.834340
5.617660
5.602200
5.518950
5.634440
5.661720
5.680630
5.649770
5.613660
5.711330
5.642040
5.727080
5.705590
5.538250
5.736040
5.675810
5.586570
5.729020
5.699540
5.604480
5.746480
5.601200
5.656990
5.740740
5.559280
5.612520
5.674370
5.615990
5.633680
5.599530
5.683600
5.573380
5.666610
5.622550
5.657320
5.573810
5.540770
5.627880
5.708050
5.630910
5.494220
5.684820
5.682270
5.659130
5.600280
5.533770
5.651800
5.718350
5.834420
5.734050
5.658120
5.711920
5.672540
5.710420
5.630080
5.590810
5.518080
5.620850
5.792130
5.581960
5.646320
5.540560
5.654230
5.675150
5.656580
5.646370
5.643220
5.621520
5.743650
5.708100
5.705510
5.503140
5.685710
5.696810
5.582700
5.726810
5.564300
5.598220
5.747170
5.725110
5.721050
5.643980
5.698590
5.783780
5.631560
5.634310
5.718890
5.646760
5.592890
5.650290
5.661020
5.681960
5.656860
5.688030
5.638170
5.663570
5.610220
5.768850
5.665310
5.716540
5.673130
5.678600
5.625310
5.745470
5.574200
5.698460
5.671250
5.717090
5.770330
5.655910
5.690550
5.709970
5.626190
5.542130
5.636840
5.685920
5.712140
5.637060
5.588330
5.822120
5.723150
5.716250
5.595010
5.629850
5.529660
5.655440
5.654060
5.624080
5.650940
5.580670
5.759460
5.577320
5.751420
5.591370
5.662480
5.679820
5.573790
5.665880
5.637720
5.620260
5.688780
5.662100
5.503000
5.661900
5.675800
5.717750
5.696180
5.763160
5.672100
5.685420
5.681740
5.666440
5.723290
5.676780
5.598220
5.569760
5.744330
5.749560
5.743670
5.528100
5.767650
5.658870
5.781960
5.700060
5.660490
5.727350
5.643870
5.629890
5.678580
5.785250
5.638660
5.633770
5.727530
5.582950
5.727380
5.691560
5.763280
5.667510
5.618400
5.605070
5.690510
5.682670
5.673480
5.591450
5.561880
5.672490
5.664180
5.672650
5.729970
5.694230
5.627700
5.732230
5.566810
5.738190
5.605120
5.586380
5.680850
5.685930
5.685090
5.630980
5.737820
5.689960
5.506030
5.660690
5.646620
5.733520
5.702680
5.686220
5.672550
5.667640
5.627930
5.710800
5.704200
5.689010
5.633420
5.647600
5.584540
5.656020
5.642890
5.516800
5.712800
5.642340
5.722000
5.691180
5.625850
5.634290
5.591170
5.565780
5.707550
5.650980
5.671240
5.523530
5.724640
5.619590
5.691050
5.669850
5.593090
5.634660
5.649670
5.561050
5.628100
5.691110
5.630530
5.641860
5.638720
5.705750
5.764610
5.734870
5.717130
5.617450
5.674610
5.725360
5.541510
5.732970
5.539330
5.738140
5.733170
5.635960
5.699550
5.685740
5.569470
5.591350
5.557990
5.760460
5.715090
5.618100
5.597480
5.787420
5.677840
5.659510
5.688840
5.750350
5.660910
5.666790
5.507750
5.693600
5.848660
5.767030
5.746040
5.618230
5.638780
5.689950
5.584700
5.600460
5.702620
5.576010
5.635980
5.792710
5.638310
5.618810
5.728340
5.628750
5.576090
5.678120
5.605250
5.651130
5.596010
5.598690
5.617310
5.473980
5.645040
5.586370
5.728100
5.761200
5.500740
5.674160
5.652250
5.713490
5.686850
5.683610
5.636440
5.716360
5.550730
5.643120
5.572560
5.761180
5.729060
5.669850
5.689630
5.750780
5.686460
5.591870
5.775890
5.668660
5.758980
5.635690
5.608580
5.596400
5.680430
5.722920
5.704630
5.732920
5.604890
5.619120
5.701050
5.665730
5.617710
5.672500
5.675080
5.628620
5.664970
5.662000
5.690350
5.649760
5.699660
5.509780
5.704630
5.710670
5.682460
5.664330
5.711720
5.711690
5.736550
5.780660
5.674240
5.567480
5.725970
5.623540
5.647150
5.630660
5.657750
5.714890
5.628540
5.583140
5.674880
5.649950
5.664940
5.677300
5.650580
5.667630
5.679410
5.658260
5.567920
5.620560
5.662700
5.684970
5.660490
5.630170
5.624720
5.540370
5.544740
5.728720
5.603360
5.567530
5.569930
5.690030
5.700160
5.740160
5.692170
5.550390
5.578030
5.596720
5.605340
5.526970
5.603710
5.743980
5.608730
5.708020
5.640140
5.627570
5.779270
5.744680
5.649370
5.646750
5.706230
5.546960
5.620280
5.578600
5.678280
5.730290
5.642920
5.526100
5.795260
5.756970
5.685980
5.693880
5.606930
5.823180
5.607050
5.619300
5.732330
5.557860
5.630100
5.684480
5.619810
5.530080
5.701220
5.690570
5.763940
5.669590
5.536860
5.722180
5.747830
5.610210
5.712900
5.665070
5.690240
5.755040
5.642360
5.608390
5.594360
5.722430
5.686460
5.706240
5.690910
5.698850
5.541600
5.672010
5.649760
5.588090
5.630070
5.620050
5.584350
5.581820
5.540670
5.621990
5.655000
5.605040
5.688460
5.633250
5.675740
5.596670
5.802870
5.622490
5.643930
5.538990
5.729440
5.741000
5.671320
5.630420
5.708060
5.618970
5.630730
5.611060
5.681250
5.600060
5.727810
5.669150
5.691420
5.589940
5.617530
5.590130
5.626920
5.617830
5.618750
5.755430
5.654200
5.707790
5.663530
5.736350
5.612600
5.697850
5.703580
5.593490
5.613270
5.653820
5.739510
5.637090
5.696540
5.720610
5.717420
5.729680
5.676290
5.635660
5.536140
5.624390
5.662220
5.657380
5.618150
5.751940
5.605610
5.601570
5.654930
5.745210
5.837310
5.756520
5.564540
5.701440
5.579570
5.757680
5.664270
5.639990
5.827730
5.593640
5.736150
5.653790
5.667840
5.708760
5.709860
5.539330
5.722760
5.642850
5.631220
5.650570
5.668170
5.664370
5.769410
5.702590
5.670790
5.692760
5.691570
5.702250
5.648500
5.643710
5.702160
5.524300
5.677780
5.756700
5.737680
5.711070
5.691690
5.715330
5.650690
5.815200
5.603540
5.701640
5.628700
5.661140
5.597870
5.660700
5.717300
5.633750
5.695420
5.712840
5.731460
5.649290
5.661250
5.608210
5.764320
5.687970
5.678020
5.611800
5.641860
5.655010
5.709190
5.614860
5.583950
5.702110
5.714340
5.649170
5.652280
5.637620
5.680290
5.714580
5.663240
5.562690
5.661430
5.647050
5.587210
5.562090
5.696480
5.668470
5.710570
5.737030
5.688830
5.605150
5.645170
5.641630
5.684550
5.596910
5.873280
5.669910
5.631650
5.687550
5.717370
5.685420
5.641080
5.773950
5.646440
5.780410
5.544330
5.752950
5.737740
5.600680
5.653660
5.539810
5.706190
5.625950
5.670380
5.730270
5.686360
5.706560
5.646900
5.709660
5.696090
5.596640
5.614850
5.747060
5.727420
5.603470
5.600470
5.624120
5.616290
5.719380
5.733740
5.653210
5.579220
5.768080
5.596070
5.655910
5.649090
5.608880
5.478930
5.636690
5.765430
5.651050
5.628430
5.753170
5.669350
5.694040
5.601420
5.694880
5.479860
5.654710
5.736180
5.483940
5.662570
5.712530
5.735100
5.672930
5.626560
5.729580
5.652730
5.675980
5.509190
5.594740
5.664970
5.772140
5.763000
5.599100
5.632390
5.683710
5.679700
5.580740
5.575850
5.560870
5.613160
5.696210
5.614500
5.585370
5.679950
5.736160
5.691230
5.743080
5.721990
5.717890
5.549930
5.680740
5.673450
5.546100
5.657190
5.618490
5.657630
5.558250
5.704310
5.632730
5.680070
5.783630
5.588040
5.505300
5.663320
5.548760
5.612880
5.670790
5.648490
5.539340
5.691750
5.558250
5.658870
5.603160
5.742020
5.555540
5.697600
5.686310
5.690400
5.613130
5.755490
5.736310
5.670730
5.623730
5.627190
5.670280
5.564190
5.576780
5.754810
5.713170
5.643670
5.611380
5.723150
5.690020
5.606180
5.717180
5.598860
5.665640
5.509270
5.694380
5.615530
5.769000
5.742980
5.585770
5.782460
5.589170
5.710520
5.596190
5.738820
5.671830
5.666600
5.702700
5.583500
5.637240
5.760200
5.756950
5.689760
5.667010
5.610650
5.737790
5.727350
5.659990
5.702800
5.862050
5.774710
5.681420
5.670830
5.779110
5.642590
5.688730
5.619980
5.743960
5.809030
5.610860
5.700280
5.611970
5.640610
5.677340
5.703410
5.705070
5.662910
5.682390
5.654540
5.697860
5.727570
5.615980
5.614250
5.750910
5.642310
5.616460
5.718480
5.621360
5.710550
5.670420
5.656530
5.611480
5.647670
5.803690
5.624550
5.704210
5.669180
5.738160
5.626750
5.599840
5.652140
5.645990
5.653000
5.662860
5.638350
5.777790
5.662970
5.721280
5.668200
5.717040
5.643460
5.741190
5.638060
5.567500
5.736870
5.623400
5.685290
5.671760
5.669580
5.550630
5.581150
5.660320
5.476460
5.639450
5.643980
5.691610
5.658250
5.724360
5.650830
5.692650
5.745260
5.677550
5.702230
5.692040
5.579200
5.721680
5.663290
5.705640
5.617020
5.690280
5.684680
5.750960
5.611690
5.606760
5.788780
5.591080
5.648410
5.544340
5.666750
5.629010
5.716310
5.628810
5.702400
5.579200
5.614650
5.672550
5.547170
5.634750
5.577190
5.558800
5.721310
5.617660
5.695430
5.606660
5.729840
5.645670
5.613960
5.602650
5.684420
5.623520
5.649410
5.679100
5.715110
5.751510
5.597810
5.693720
5.686130
5.652230
5.768320
5.858130
5.715510
5.642620
5.690870
5.724830
5.688770
5.623850
5.699250
5.689050
5.538470
5.704780
5.673780
5.757020
5.630530
5.681270
5.611170
5.602960
5.698020
5.703390
5.553620
5.590290
5.520180
5.721050
5.651170
5.612660
5.681200
5.752450
5.703710
5.652490
5.659120
5.675000
5.764710
5.723100
5.827900
5.550360
5.704110
5.665370
5.585040
5.603470
5.541460
5.615970
5.624390
5.717360
5.650930
5.597200
5.731270
5.694530
5.746610
5.589950
5.695000
5.687480
5.689670
5.665800
5.577370
5.717420
5.654720
5.706250
5.646960
5.709920
5.636820
5.669520
5.729430
5.725220
5.730700
5.721310
5.704200
5.624410
5.696270
5.590010
5.650090
5.616580
5.629890
5.768890
5.686600
5.525740
5.608120
5.642340
5.599510
5.665130
5.669460
5.582330
5.613410
5.699650
5.649870
5.751420
5.778210
5.666030
5.659720
5.585960
5.669060
5.556580
5.597860
5.640310
5.539670
5.630740
5.688280
5.562010
5.701930
5.680180
5.722150
5.670700
5.674370
5.596920
5.626380
5.663070
5.596950
5.687590
5.566240
5.715050
5.717520
5.799000
5.741150
5.607040
5.641720
5.588400
5.687560
5.674890
5.680520
5.651150
5.661730
5.653180
5.666740
5.571390
5.637960
5.630550
5.789230
5.608520
5.627160
5.643690
5.523320
5.711610
5.655660
5.581170
5.637680
5.630700
5.742050
5.653930
5.733000
5.697780
5.784640
5.614740
5.634960
5.732680
5.741190
5.693500
5.604820
5.726150
5.676600
5.620470
5.667430
5.546050
5.648510
5.685220
5.662370
5.697960
5.585110
5.693670
5.656130
5.736160
5.545490
5.612860
5.710760
5.746090
5.632920
5.679570
5.514680
5.467950
5.684240
5.713470
5.681750
5.666220
5.631530
5.698610
5.821260
5.727890
5.721460
5.598170
5.631940
5.632310
5.558620
5.672720
5.590750
5.653380
5.630520
5.689630
5.845740
5.663980
5.661810
5.610130
5.770050
5.663750
5.678190
5.699850
5.694390
5.603650
5.692890
5.613560
5.797200
5.695240
5.623870
5.698520
5.717460
5.684070
5.664440
5.586070
5.740260
5.734570
5.618780
5.601440
5.642070
5.568620
5.587950
5.610470
5.692730
5.677330
5.658880
5.519290
5.700430
5.598560
5.665870
5.663510
5.617160
5.584200
5.605910
5.709210
5.761620
5.730340
5.589880
5.627870
5.672830
5.709240
5.731370
5.691810
5.624940
5.649880
5.587990
5.651400
5.628230
5.679910
5.655490
5.646460
5.590910
5.794300
5.738010
5.680040
5.611730
5.521960
5.646880
5.663940
5.635310
5.529940
5.664520
5.614070
5.645920
5.696040
5.669880
5.651450
5.674780
5.583530
5.681320
5.656030
5.660850
5.673460
5.688130
5.617090
5.669900
5.547570
5.676740
5.754490
5.681800
5.565630
5.773730
5.581710
5.553980
5.657270
5.697250
5.655120
5.644670
5.661270
5.646180
5.609310
5.710600
5.677800
5.641690
5.666570
5.644200
5.667770
5.621220
5.642340
5.688930
5.522930
5.604160
5.692260
5.593890
5.750850
5.708130
5.603940
5.608550
5.699030
5.602320
5.688110
5.719010
5.596500
5.645310
5.532780
5.575560
5.696750
5.767870
5.683660
5.593870
5.569120
5.606750
5.725810
5.588410
5.659850
5.671770
5.681270
5.559350
5.641250
5.688200
5.811110
5.505700
5.627320
5.593430
5.664230
5.568020
5.673830
5.799660
5.712710
5.623660
5.756100
5.628450
5.607330
5.614590
5.607770
5.758070
5.640110
5.576090
5.710740
5.621520
5.635640
5.596940
5.666390
5.626780
5.704800
5.724340
5.670310
5.784680
5.616400
5.689990
5.633760
5.647030
5.647420
5.573150
5.700220
5.724180
5.749740
5.652010
5.698340
5.647340
5.671960
5.797900
5.662930
5.676050
5.700790
5.654740
5.684920
5.655930
5.733790
5.531470
5.695910
5.615830
5.665980
5.771350
5.654580
5.597240
5.628830
5.695330
5.592870
5.679680
5.645230
5.676560
5.660080
5.620660
5.645230
5.697360
5.582410
5.606290
5.651650
5.607650
5.580460
5.607030
5.666520
5.839460
5.736020
5.709460
5.670080
5.698450
5.697560
5.673840
5.677550
5.556980
5.612650
5.732980
5.633100
5.623600
5.620150
5.538000
5.680300
5.623000
5.713290
5.716380
5.550270
5.680020
5.729060
5.548780
5.688290
5.580790
5.651670
5.639860
5.669400
5.675300
5.626770
5.629020
5.636070
5.588390
5.642590
5.587370
5.695130
5.604070
5.651760
5.745300
5.707180
5.569590
5.661840
5.601290
5.699440
5.617700
5.689750
5.754620
5.618950
5.665050
5.652730
5.626240
5.717770
5.527530
5.680490
5.563800
5.631960
5.588680
5.579550
5.733820
5.671900
5.635830
5.573720
5.710920
5.678100
5.684270
5.578070
5.723560
5.721630
5.668960
5.704120
5.642550
5.573700
5.607900
5.656570
5.692020
5.609410
5.687040
5.642670
5.674770
5.642690
5.642960
5.543590
5.687010
5.679140
5.626820
5.623170
5.705470
5.726020
5.710190
5.815630
5.762530
5.697080
5.626210
5.678950
5.611150
5.612090
5.622400
5.721940
5.562160
5.697760
5.645120
5.706450
5.632820
5.543480
5.702480
5.612230
5.634450
5.701660
5.711050
5.684510
5.711710
5.558740
5.646720
5.658570
5.654490
5.739550
5.641690
5.669100
5.679270
5.746240
5.739190
5.680690
5.677020
5.609840
5.554630
5.676880
5.588460
5.564750
5.627760
5.861960
5.581850
5.667120
5.745420
5.770010
5.629580
5.580510
5.575190
5.643550
5.531960
5.607780
5.656870
5.534460
5.828270
5.707730
5.678850
5.761460
5.739860
5.594010
5.775930
5.667330
5.593250
5.711850
5.729110
5.561330
5.681350
5.628660
5.644470
5.785910
5.623210
5.629580
5.682880
5.606150
5.628140
5.699250
5.545750
5.634420
5.732820
5.683920
5.598010
5.744920
5.808720
5.722950
5.688080
5.738600
5.640140
5.619810
5.560160
5.702330
5.582990
5.599080
5.676680
5.711900
5.702880
5.652080
5.592770
5.682380
5.635620
5.610480
5.730210
5.637500
5.632320
5.778750
5.748220
5.473530
5.657580
5.712730
5.768160
5.632810
5.695930
5.708980
5.644290
5.708220
5.584390
5.687620
5.657880
5.636130
5.578290
5.646600
5.613530
5.582990
5.566380
5.581490
5.550570
5.582550
5.671960
5.671180
5.585270
5.692410
5.667660
5.620900
5.729360
5.593450
5.534350
5.655170
5.667780
5.681890
5.704570
5.627700
5.537320
5.824580
5.732480
5.617440
5.633210
5.704770
5.649000
5.782650
5.745750
5.729200
5.653260
5.690020
5.662310
5.699610
5.671710
5.709210
5.691120
5.585950
5.598090
5.618400
5.785440
5.636640
5.622550
5.606530
5.692100
5.576280
5.676370
5.646680
5.670120
5.578070
5.686290
5.654080
5.577840
5.605420
5.746560
5.631730
5.671150
5.667590
5.704690
5.720900
5.552140
5.555180
5.703900
5.639240
5.831240
5.598590
5.715510
5.685190
5.709810
5.533340
5.658480
5.688080
5.654850
5.695940
5.632170
5.512920
5.662640
5.635780
5.524420
5.593990
5.636120
5.670030
5.647030
5.716070
5.623710
5.690820
5.633890
5.677450
5.660670
5.666810
5.626450
5.740980
5.624560
5.533770
5.705360
5.549640
5.677230
5.726940
5.644670
5.720580
5.707000
5.685210
5.652390
5.591160
5.681830
5.658530
5.651380
5.695180
5.674070
5.661490
5.729650
5.537090
5.640590
5.608620
5.632010
5.733270
5.691790
5.681720
5.748270
5.640310
5.655030
5.539630
5.553940
5.601100
5.734300
5.712530
5.592520
5.724280
5.657620
5.549200
5.643540
5.732130
5.770970
5.693540
5.671610
5.564830
5.587110
5.662990
5.469720
5.607880
5.610970
5.637560
5.757810
5.639630
5.662970
5.609230
5.643430
5.628920
5.708520
5.621720
5.702360
5.665980
5.717760
5.776470
5.579680
5.584530
5.596490
5.810710
5.783280
5.597140
5.637070
5.689360
5.685100
5.690940
5.666550
5.689480
5.808370
5.573960
5.693870
5.656780
5.707280
5.604390
5.544050
5.554140
5.647090
5.853770
5.700040
5.629160
5.574720
5.609160
5.627850
5.657220
5.676220
5.563060
5.663340
5.628320
5.605530
5.602440
5.636880
5.557640
5.559750
5.694320
5.626030
5.700380
5.718230
5.725060
5.552030
5.595260
5.522780
5.693130
5.714330
5.560410
5.752720
5.621170
5.639560
5.790610
5.726810
5.571140
5.619350
5.716140
5.621320
5.623990
5.774190
5.614880
5.636450
5.570900
5.680250
5.609710
5.753840
5.618610
5.646420
5.766390
5.712460
5.784560
5.674740
5.756690
5.700010
5.661360
5.734990
5.615870
5.722030
5.619510
5.646750
5.720940
5.596400
5.722250
5.723620
5.710680
5.682120
5.733440
5.717120
5.690930
5.627040
5.628970
5.570270
5.743220
5.606530
5.660060
5.736520
5.650830
5.766990
5.576970
5.566650
5.645270
5.728890
5.762580
5.811360
5.678560
5.688090
5.718910
5.626030
5.768420
5.625820
5.713040
5.732920
5.612420
5.643590
5.567430
5.630450
5.620780
5.562990
5.728480
5.652280
5.726510
5.592020
5.633050
5.617220
5.666670
5.651090
5.664170
5.693690
5.617110
5.681730
5.768750
5.703080
5.630420
5.720210
5.767220
5.527040
5.702530
5.643650
5.628670
5.713320
5.654980
5.591620
5.659610
5.661520
5.712920
5.550430
5.719240
5.689460
5.678760
5.554150
5.687720
5.581650
5.761340
5.676690
5.646260
5.640620
5.733030
5.726070
5.601900
5.612660
5.613110
5.650380
5.578340
5.604190
5.680760
5.608140
5.564590
5.549830
5.674020
5.636630
5.605430
5.683470
5.669710
5.710240
5.621300
5.710220
5.655780
5.710610
5.755670
5.624190
5.597220
5.760370
5.670150
5.618660
5.625270
5.637700
5.688530
5.714060
5.570540
5.649640
5.639550
5.668140
5.729110
5.625580
5.760800
5.806920
5.678480
5.747780
5.699400
5.593880
5.563510
5.687500
5.703310
5.615510
5.624210
5.595370
5.572570
5.693490
5.731300
5.734280
5.651620
5.700460
5.605490
5.618380
5.614660
5.669150
5.706160
5.666610
5.668100
5.644400
5.687320
5.602500
5.632830
5.754690
5.735130
5.573070
5.593790
5.525110
5.646250
5.703860
5.687880
5.593210
5.596590
5.636550
5.668480
5.717790
5.638580
5.610280
5.624580
5.736100
5.571800
5.721040
5.764390
5.663400
5.800790
5.665950
5.695770
5.660770
5.684000
5.733740
5.615960
5.653810
5.605440
5.728470
5.698360
5.679110
5.730970
5.684410
5.555630
5.690070
5.721810
5.647410
5.556920
5.721930
5.543050
5.547370
5.639310
5.508290
5.728290
5.521510
5.689980
5.781120
5.575830
5.769440
5.650200
5.661050
5.769860
5.722100
5.572000
5.634010
5.782540
5.612560
5.843130
5.641010
5.552620
5.591540
5.575090
5.756860
5.561360
5.629790
5.637710
5.725250
5.582730
5.639750
5.656420
5.602780
5.624980
5.653710
5.615880
5.602020
5.643060
5.594080
5.714810
5.706090
5.641050
5.641380
5.694090
5.714090
5.618690
5.725310
5.739550
5.681660
5.652280
5.703290
5.746430
5.666420
5.662360
5.683920
5.702690
5.592020
5.551120
5.717980
5.639680
5.637680
5.696360
5.666880
5.647320
5.783400
5.677530
5.578790
5.708640
5.594500
5.660070
5.753680
5.643110
5.650620
5.612180
5.645330
5.639850
5.717280
5.718530
5.643580
5.663710
5.639720
5.717560
5.644720
5.647110
5.607920
5.598060
5.746640
5.672200
5.586490
5.523800
5.698560
5.647510
5.647930
5.613900
5.644200
5.800660
5.690860
5.722080
5.669830
5.727790
5.627620
5.576740
5.572980
5.614270
5.742890
5.758070
5.762540
5.659390
5.582270
5.625900
5.554030
5.679510
5.646810
5.626680
5.576380
5.606130
5.671640
5.777890
5.666100
5.556920
5.617700
5.704480
5.527330
5.691840
5.669770
5.706490
5.633070
5.663970
5.669450
5.614500
5.718970
5.656420
5.582900
5.634130
5.664250
5.649300
5.614050
5.745980
5.646240
5.701680
5.701190
5.613930
5.652130
5.680090
5.732170
5.690920
5.672820
5.694140
5.616800
5.675890
5.699010
5.661290
5.664690
5.502520
5.716370
5.656740
5.671630
5.691470
5.735830
5.621850
5.761250
5.648700
5.678300
5.621440
5.592330
5.796040
5.652480
5.600890
5.690760
5.720880
5.623160
5.756840
5.704870
5.630050
5.615230
5.654930
5.669890
5.630360
5.712600
5.681880
5.650680
5.655300
5.735240
5.664260
5.648790
5.646390
5.664030
5.700130
5.608220
5.728620
5.597840
5.642490
5.793100
5.653710
5.562400
5.681450
5.765970
5.628390
5.583490
5.727560
5.642310
5.534880
5.543770
5.655870
5.624020
5.670640
5.703380
5.701880
5.736310
5.787560
5.765300
5.759190
5.548050
5.574880
5.651930
5.706180
5.698600
5.696710
5.737230
5.712080
5.580130
5.629870
5.583790
5.602300
5.652840
5.595810
5.704740
5.669970
5.602180
5.777010
5.659370
5.638900
5.721270
5.712730
5.659000
5.611430
5.575670
5.691850
5.601130
5.804740
5.634880
5.679750
5.669670
5.697940
5.692230
5.543180
5.740950
5.620230
5.579570
5.585370
5.727490
5.609110
5.642800
5.656270
5.711200
5.610410
5.630210
5.601310
5.613700
5.689760
5.636530
5.667620
5.673290
5.653900
5.640300
5.579090
5.739120
5.635320
5.604290
5.768530
5.682700
5.676300
5.682130
5.691720
5.634520
5.666130
5.538740
5.663910
5.673470
5.733600
5.711010
5.643350
5.602430
5.667700
5.612480
5.673580
5.690760
5.708050
5.618850
5.566670
5.817330
5.567960
5.689350
5.709110
5.636020
5.666160
5.666720
5.632690
5.560250
5.572190
5.675750
5.737610
5.743770
5.654370
5.608430
5.693280
5.724860
5.607170
5.663040
5.609290
5.726940
5.531070
5.663920
5.686990
5.696390
5.597910
5.557860
5.623140
5.762770
5.770100
5.692350
5.640770
5.597350
5.696380
5.565830
5.754080
5.584820
5.698080
5.639320
5.569990
5.674020
5.681520
5.672850
5.712480
5.757720
5.659600
5.659400
5.653590
5.628260
5.622430
5.673750
5.634940
5.599070
5.708100
5.633760
5.701130
5.632900
5.642840
5.704640
5.663120
5.673880
5.623610
5.701700
5.596360
5.543180
5.681450
5.701560
5.623090
5.695170
5.653030
5.669400
5.805370
5.730000
5.693480
5.654950
5.676620
5.681090
5.701440
5.611210
5.599490
5.608760
5.671780
5.626060
5.657230
5.706700
5.643200
5.589810
5.641160
5.785700
5.622940
5.581300
5.652710
5.722580
5.720320
5.702350
5.744570
5.705130
5.654460
5.646830
5.692300
5.729010
5.630330
5.655730
5.614960
5.660400
5.656730
5.528630
5.719860
5.677450
5.708710
5.630500
5.729710
5.545280
5.708190
5.816420
5.735710
5.565560
5.514850
5.593150
5.661380
5.738280
5.572890
5.609620
5.741760
5.791050
5.699090
5.576310
5.782010
5.760500
5.648940
5.651770
5.740480
5.660090
5.583740
5.644730
5.756170
5.667420
5.741090
5.659330
5.780420
5.608450
5.741080
5.619700
5.575430
5.757830
5.651990
5.723460
5.682970
5.654940
5.532480
5.624560
5.655050
5.572200
5.761330
5.575910
5.687400
5.584080
5.575320
5.652840
5.660780
5.696920
5.560430
5.736520
5.750300
5.589510
5.595940
5.628650
5.671420
5.664310
5.535820
5.613530
5.716260
5.669170
5.689890
5.644220
5.682620
5.681590
5.762890
5.628850
5.740900
5.647370
5.577420
5.642900
5.733440
5.768450
5.703200
5.588000
5.710940
5.675350
5.678870
5.721210
5.612650
5.654010
5.662700
5.665030
5.766310
5.656300
5.603380
5.624580
5.686270
5.611130
5.680030
5.636900
5.698380
5.593170
5.665360
5.670260
5.601680
5.576060
5.707250
5.563190
5.635240
5.699690
5.654870
5.512530
5.626130
5.600380
5.659170
5.700800
5.804420
5.732480
5.598590
5.688700
5.580760
5.591620
5.649760
5.730090
5.694560
5.666670
5.796620
5.698370
5.820020
5.533020
5.697520
5.658460
5.651680
5.656180
5.609040
5.628620
5.709050
5.665110
5.555480
5.718960
5.582280
5.672400
5.701560
5.644570
5.667710
5.660920
5.685090
5.610120
5.648910
5.592850
5.649250
5.603850
5.759770
5.718720
5.629110
5.682940
5.674970
5.609850
5.699800
5.598230
5.618480
5.741220
5.601140
5.601440
5.720750
5.737610
5.633770
5.682580
5.593230
5.671880
5.762410
5.713730
5.638480
5.645210
5.699050
5.536090
5.704360
5.664110
5.650250
5.667160
5.665210
5.601000
5.693630
5.617100
5.752700
5.682170
5.632880
5.685470
5.721690
5.545150
5.663870
5.658250
5.766640
5.733990
5.606750
5.568250
5.717400
5.691610
5.546510
5.516690
5.690170
5.658350
5.627680
5.595510
5.793770
5.639400
5.606680
5.742080
5.717360
5.743800
5.752390
5.713980
5.650420
5.537720
5.621950
5.653950
5.653000
5.598390
5.722280
5.641920
5.738730
5.671000
5.672750
5.641320
5.550460
5.654170
5.696330
5.565040
5.620070
5.754070
5.730440
5.630190
5.572010
5.623730
5.740090
5.593140
5.651220
5.606710
5.663360
5.773120
5.658310
5.794830
5.686760
5.732220
5.625140
5.562560
5.610450
5.840490
5.704780
5.721610
5.738250
5.672930
5.706130
5.645500
5.537260
5.607310
5.701560
5.575790
5.661960
5.693000
5.676940
5.769810
5.635370
5.594120
5.609310
5.563290
5.801370
5.562420
5.675230
5.708990
5.685210
5.630450
5.457630
5.683750
5.606150
5.581110
5.675680
5.557740
5.689530
5.603350
5.657980
5.707570
5.658440
5.701750
5.557880
5.643180
5.612980
5.654080
5.603310
5.588430
5.684270
5.682140
5.663510
5.722680
5.640870
5.697330
5.650890
5.593540
5.634730
5.632560
5.647730
5.685700
5.689290
5.603200
5.671380
5.761250
5.685260
5.620680
5.539530
5.815250
5.569970
5.541620
5.552220
5.659310
5.639930
5.813290
5.692970
5.633380
5.685090
5.670740
5.622640
5.591600
5.589780
5.600690
5.586530
5.633770
5.655190
5.728660
5.631350
5.702500
5.612230
5.712470
5.712680
5.670590
5.623850
5.611760
5.679410
5.660720
5.614480
5.627890
5.667170
5.753360
5.749850
5.617030
5.728210
5.667730
5.606930
5.633550
5.744140
5.622370
5.711600
5.637440
5.632920
5.691240
5.710390
5.609590
5.667650
5.743700
5.676600
5.715720
5.657970
5.700720
5.637700
5.735200
5.618240
5.659760
5.730960
5.648550
5.622050
5.651810
5.701120
5.620950
5.728440
5.678540
5.661610
5.754410
5.632970
5.662740
5.662710
5.613970
5.546630
5.638350
5.630150
5.648510
5.570140
5.618140
5.548420
5.693600
5.609820
5.571360
5.662990
5.651040
5.657120
5.528720
5.689720
5.736510
5.559460
5.634130
5.795360
5.666690
5.566350
5.669330
5.724950
5.612630
5.520910
5.595210
5.743940
5.676520
5.715920
5.660420
5.726650
5.723010
5.679060
5.614570
5.745170
5.652300
5.761520
5.671900
5.619850
5.568450
5.660720
5.707140
5.702490
5.649690
5.767070
5.580870
5.663740
5.633580
5.644730
5.654150
5.618020
5.609200
5.688870
5.646690
5.619770
5.638700
5.558590
5.723370
5.738540
5.609500
5.637500
5.600220
5.747070
5.641500
5.647590
5.670100
5.693940
5.762060
5.622680
5.560170
5.645050
5.630460
5.635770
5.564710
5.638060
5.677430
5.706050
5.616770
5.617470
5.659530
5.701010
5.783080
5.569040
5.760310
5.674700
5.718640
5.551150
5.639450
5.634740
5.651310
5.641990
5.620300
5.592620
5.723750
5.733660
5.686280
5.689720
5.613080
5.641390
5.729660
5.641250
5.725470
5.608990
5.573450
5.666060
5.707740
5.668570
5.651180
5.530130
5.696760
5.760200
5.723840
5.670850
5.621990
5.798490
5.618810
5.757630
5.576860
5.681710
5.708180
5.702610
5.614390
5.743460
5.631570
5.658140
5.646420
5.593610
5.658470
5.631670
5.628930
5.668560
5.551730
5.635080
5.640200
5.648960
5.719170
5.733910
5.611690
5.511230
5.660510
5.535430
5.702290
5.622230
5.582220
5.759630
5.633280
5.762710
5.573160
5.563080
5.535520
5.626820
5.723870
5.596000
5.556610
5.685020
5.610260
5.574820
5.717620
5.705480
5.702010
5.658590
5.666470
5.675190
5.786390
5.619490
5.706850
5.664180
5.701790
5.749290
5.711070
5.665350
5.578200
5.539410
5.617960
5.549570
5.717510
5.704750
5.628570
5.723160
5.651890
5.629040
5.673310
5.621560
5.782710
5.637680
5.509540
5.582980
5.570760
5.707330
5.634780
5.801010
5.657880
5.695820
5.575550
5.634980
5.697390
5.596970
5.701230
5.724690
5.641390
5.759310
5.598650
5.754280
5.695260
5.616340
5.623390
5.640570
5.578420
5.611540
5.642060
5.674430
5.575480
5.659460
5.582120
5.671700
5.714230
5.666820
5.632620
5.771910
5.639100
5.745120
5.671220
5.597620
5.686300
5.706870
5.715280
5.582700
5.757110
5.692890
5.625140
5.545160
5.742710
5.595660
5.725810
5.761570
5.682300
5.738400
5.613740
5.683800
5.537020
5.593130
5.640510
5.633680
5.738550
5.666310
5.658960
5.660610
5.703790
5.645010
5.755250
5.603280
5.662200
5.656950
5.665060
5.746540
5.577690
5.692230
5.600740
5.750650
5.656730
5.727520
5.574390
5.727540
5.673730
5.619610
5.686140
5.665620
5.642990
5.663200
5.714290
5.634930
5.666760
5.619360
5.665600
5.667890
5.796200
5.637930
5.620660
5.556340
5.671870
5.632070
5.738060
5.691940
5.647640
5.598920
5.690030
5.568010
5.660820
5.668170
5.634130
5.779330
5.606530
5.669160
5.670060
5.631430
5.605040
5.825230
5.493650
5.690250
5.590570
5.647350
5.715890
5.677550
5.616390
5.618700
5.639640
5.640270
5.734570
5.525590
5.742350
5.603220
5.651120
5.666140
5.632900
5.667030
5.659530
5.644250
5.734280
5.560920
5.677740
5.734980
5.612320
5.679270
5.676450
5.582570
5.675750
5.699790
5.724140
5.709600
5.591640
5.676520
5.587110
5.687090
5.697730
5.688640
5.693080
5.635730
5.661210
5.696380
5.475380
5.704500
5.721480
5.671310
5.586520
5.732600
5.552080
5.587290
5.702280
5.676320
5.696410
5.610330
5.614160
5.709540
5.655840
5.730140
5.731970
5.629100
5.592800
5.650460
5.597350
5.695820
5.661040
5.629160
5.714170
5.671440
5.656000
5.585310
5.761710
5.749240
5.840610
5.555850
5.575410
5.673400
5.691880
5.582100
5.632340
5.712630
5.605070
5.650080
5.694270
5.722310
5.646100
5.532380
5.817230
5.650800
5.700400
5.734820
5.654820
5.709580
5.605440
5.540150
5.658860
5.610850
5.579830
5.716770
5.638450
5.633250
5.598530
5.582200
5.660070
5.685450
5.627360
5.684110
5.656660
5.587810
5.712120
5.717520
5.616870
5.571990
5.713840
5.708100
5.719630
5.703530
5.622360
5.602180
5.817160
5.565980
5.634980
5.718280
5.726910
5.622000
5.679200
5.667130
5.541290
5.712780
5.590780
5.703190
5.703510
5.661720
5.589710
5.707440
5.622670
5.697130
5.791790
5.765640
5.692380
5.712910
5.678080
5.608670
5.629560
5.728380
5.608670
5.600910
5.594600
5.731430
5.583910
5.677650
5.602150
5.661740
5.475830
5.670270
5.557280
5.620110
5.573060
5.674990
5.623200
5.698890
5.549740
5.635270
5.664230
5.717020
5.645170
5.540020
5.548450
5.756200
5.566220
5.575930
5.822210
5.613810
5.589590
5.651500
5.628780
5.698640
5.597080
5.651770
5.543810
5.676930
5.706660
5.596700
5.615900
5.709410
5.596160
5.689970
5.628020
5.646960
5.627990
5.616630
5.561650
5.674940
5.740650
5.674230
5.707150
5.683690
5.663220
5.610000
5.701900
5.697700
5.681270
5.682150
5.652450
5.662820
5.632940
5.792600
5.614310
5.726230
5.704000
5.598170
5.572830
5.592790
5.656910
5.657100
5.573570
5.729590
5.596100
5.709280
5.561190
5.692450
5.653930
5.623300
5.678080
5.696510
5.620040
5.682820
5.736750
5.734380
5.583150
5.583150
