5.697860
5.602330
5.636750
5.552770
5.727250
5.630900
5.743230
5.566170
5.571980
5.746290
5.618700
5.615860
5.703950
5.608230
5.666770
5.739450
5.690680
5.517780
5.657770
5.678450
5.693680
5.763910
5.672120
5.627740
5.535570
5.666070
5.755230
5.754970
5.764510
5.673280
5.589100
5.829120
5.791480
5.510550
5.586740
5.581140
5.701810
5.512280
5.527490
5.619500
5.658170
5.717330
5.601680
5.571520
5.632640
5.618090
5.671220
5.693590
5.604070
5.683170
5.701870
5.665590
5.756640
5.538380
5.663500
5.695290
5.754450
5.654520
5.545650
5.706450
5.692790
5.715070
5.666810
5.530980
5.724610
5.715510
5.626260
5.612710
5.676520
5.766310
5.616950
5.645600
5.599980
5.571650
5.631250
5.648980
5.737500
5.652730
5.635490
5.586010
5.631170
5.707130
5.722620
5.656540
5.581300
5.745780
5.662420
5.671360
5.580160
5.556580
5.736690
5.647890
5.636600
5.632100
5.652950
5.627340
5.589190
5.674480
5.805370
5.664840
5.703270
5.670500
5.687850
5.618230
5.617630
5.714590
5.668520
5.695750
5.592820
5.617500
5.676150
5.644680
5.726420
5.753440
5.663040
5.728960
5.579260
5.637800
5.700480
5.666540
5.490670
5.679480
5.693020
5.607270
5.557860
5.628620
5.725280
5.590440
5.683780
5.610570
5.654430
5.637310
5.785010
5.596050
5.646220
5.645950
5.645740
5.771450
5.645890
5.553950
5.752150
5.750340
5.640990
5.562670
5.655160
5.501290
5.527270
5.726070
5.750010
5.650770
5.641450
5.600110
5.688170
5.533210
5.758950
5.518100
5.681520
5.537910
5.584830
5.648910
5.568940
5.632220
5.608490
5.750960
5.671620
5.642660
5.640070
5.584170
5.600030
5.697350
5.673180
5.597540
5.642450
5.494290
5.585330
5.660920
5.634640
5.755490
5.681830
5.804610
5.698770
5.639970
5.590480
5.622760
5.647530
5.702350
5.692820
5.594730
5.781230
5.599290
5.637720
5.820050
5.698530
5.705800
5.637620
5.639270
5.700230
5.639290
5.622690
5.665730
5.580120
5.499940
5.653630
5.635850
5.680700
5.633960
5.576450
5.655510
5.628760
5.714600
5.692880
5.602250
5.583720
5.717840
5.646010
5.596390
5.651510
5.666600
5.669530
5.592520
5.654070
5.768460
5.697470
5.676520
5.617380
5.566710
5.655400
5.586670
5.671370
5.592270
5.678620
5.708290
5.631420
5.544030
5.726250
5.700120
5.615990
5.692070
5.638410
5.630730
5.571810
5.700730
5.593220
5.698490
5.691230
5.628110
5.714410
5.646800
5.589710
5.710800
5.675400
5.620460
5.689420
5.574970
5.656450
5.751440
5.712340
5.736020
5.579940
5.617120
5.597040
5.671520
5.785610
5.662200
5.626850
5.553080
5.519060
5.767160
5.605740
5.667650
5.664090
5.637710
5.487940
5.707520
5.645450
5.544750
5.658410
5.604160
5.639980
5.656390
5.677190
5.615120
5.629390
5.646820
5.683740
5.689830
5.531520
5.721240
5.743540
5.633740
5.559310
5.667530
5.729250
5.670240
5.699070
5.666470
5.687160
5.668940
5.633130
5.708230
5.491020
5.663340
5.668840
5.673320
5.720480
5.750060
5.664470
5.651480
5.698500
5.628580
5.650360
5.654670
5.619100
5.681210
5.531460
5.752240
5.609080
5.783140
5.682200
5.612220
5.764790
5.672540
5.741680
5.580030
5.556720
5.686290
5.691370
5.588060
5.603810
5.648840
5.681430
5.591460
5.731080
5.721740
5.711670
5.696200
5.766350
5.616530
5.711560
5.688870
5.701420
5.469900
5.723280
5.724630
5.638160
5.743240
5.754790
5.646460
5.737170
5.587160
5.638530
5.726490
5.556020
5.583910
5.725070
5.659660
5.643110
5.627690
5.565900
5.667560
5.694190
5.609260
5.698650
5.674520
5.648440
5.553950
5.642250
5.692010
5.573450
5.688510
5.727420
5.672750
5.701560
5.681470
5.671710
5.640450
5.638830
5.747110
5.655170
5.671910
5.660790
5.754240
5.785860
5.719100
5.664660
5.721740
5.636490
5.724370
5.623020
5.671250
5.643530
5.638050
5.627570
5.692280
5.707110
5.621500
5.667140
5.665130
5.619790
5.619190
5.771270
5.663410
5.605110
5.576830
5.683460
5.691090
5.600040
5.633940
5.549230
5.693860
5.672180
5.630280
5.638640
5.609770
5.618670
5.688650
5.781100
5.668850
5.675080
5.614460
5.759430
5.572660
5.601210
5.525560
5.616380
5.517970
5.585470
5.693700
5.780680
5.658130
5.585420
5.750920
5.737110
5.709030
5.599490
5.677430
5.678530
5.609170
5.749210
5.800010
5.753450
5.662550
5.694970
5.744450
5.648570
5.618380
5.774580
5.628030
5.659380
5.717340
5.608090
5.726000
5.778000
5.682990
5.578900
5.769070
5.733560
5.796660
5.650260
5.698100
5.562860
5.700570
5.708100
5.651710
5.653400
5.564300
5.636120
5.740440
5.603160
5.656910
5.723290
5.609010
5.597840
5.609270
5.611200
5.683400
5.558910
5.719680
5.675700
5.677820
5.676110
5.663220
5.644420
5.630940
5.652980
5.544780
5.687930
5.676670
5.678400
5.686560
5.706770
5.643960
5.740670
5.705120
5.664140
5.643530
5.683410
5.592700
5.576850
5.715450
5.701750
5.686490
5.637370
5.669800
5.683200
5.657640
5.620380
5.709440
5.558000
5.678150
5.657710
5.591970
5.631470
5.509270
5.687440
5.550810
5.624630
5.660670
5.563600
5.623600
5.646950
5.690020
5.649470
5.666750
5.605060
5.642010
5.750750
5.490760
5.666690
5.648410
5.622260
5.639180
5.530770
5.658020
5.630310
5.708710
5.655650
5.709270
5.584010
5.645930
5.645490
5.701900
5.707060
5.786320
5.613910
5.656930
5.633560
5.561160
5.640630
5.596920
5.605530
5.804390
5.594890
5.671690
5.718250
5.605470
5.697480
5.710250
5.761480
5.716300
5.740360
5.709120
5.652760
5.663810
5.685720
5.637060
5.599880
5.676530
5.695980
5.512090
5.593090
5.654220
5.762820
5.670280
5.633550
5.586080
5.652300
5.651300
5.820880
5.586900
5.713890
5.690980
5.599120
5.729290
5.550410
5.588690
5.614800
5.682250
5.658790
5.633650
5.749510
5.736660
5.601400
5.680350
5.638040
5.616740
5.652880
5.675430
5.808450
5.761330
5.663770
5.596940
5.632130
5.615630
5.670950
5.717370
5.655300
5.588640
5.695180
5.676340
5.673220
5.644680
5.784300
5.545900
5.746670
5.579750
5.677120
5.587220
5.826280
5.745850
5.586320
5.634030
5.728850
5.564710
5.731140
5.751220
5.480410
5.665800
5.663560
5.659620
5.540010
5.536660
5.661590
5.734450
5.722040
5.671440
5.759620
5.585090
5.665090
5.709780
5.607970
5.580260
5.651080
5.690680
5.785080
5.575990
5.593790
5.610720
5.601330
5.708160
5.724700
5.580750
5.719170
5.713780
5.622140
5.625030
5.637320
5.661200
5.631000
5.711130
5.679320
5.601500
5.623230
5.704480
5.636140
5.603630
5.658740
5.647840
5.723300
5.689520
5.687180
5.567860
5.637230
5.611350
5.628410
5.680300
5.668640
5.592660
5.670260
5.690260
5.727930
5.700330
5.633950
5.746630
5.690330
5.722320
5.781340
5.691850
5.612210
5.624820
5.667170
5.667860
5.528200
5.611600
5.736670
5.683660
5.755040
5.794800
5.597780
5.628520
5.705590
5.698340
5.630930
5.567760
5.613110
5.678810
5.708460
5.519230
5.661170
5.685230
5.744650
5.563760
5.689990
5.605020
5.617290
5.605510
5.773400
5.682400
5.566310
5.660200
5.702970
5.688800
5.673660
5.689010
5.708320
5.729140
5.594300
5.749420
5.479520
5.627360
5.692100
5.596590
5.536880
5.674120
5.711470
5.744540
5.654220
5.595000
5.741750
5.741660
5.601720
5.634140
5.697410
5.623110
5.660210
5.655340
5.702120
5.676160
5.667600
5.804150
5.640400
5.667700
5.602540
5.505140
5.720180
5.615790
5.630710
5.671520
5.522640
5.601520
5.768360
5.581010
5.690170
5.735320
5.658960
5.722840
5.808360
5.629020
5.689620
5.581020
5.670850
5.669250
5.557200
5.760360
5.667600
5.856390
5.647330
5.657550
5.538480
5.603700
5.656390
5.685520
5.569630
5.761140
5.713090
5.648030
5.704700
5.645290
5.673130
5.702790
5.684680
5.639830
5.695990
5.752010
5.641980
5.619220
5.690050
5.632750
5.654500
5.677650
5.768910
5.592640
5.618940
5.650070
5.616360
5.601360
5.636870
5.717600
5.616050
5.656430
5.631730
5.663620
5.699450
5.722370
5.741870
5.633000
5.712130
5.675220
5.569150
5.578800
5.640950
5.731420
5.634040
5.668800
5.739840
5.696850
5.667460
5.706640
5.621060
5.667480
5.648190
5.696880
5.648530
5.611730
5.738900
5.592160
5.627030
5.593130
5.522810
5.650450
5.661930
5.662390
5.630280
5.619220
5.648800
5.677310
5.611400
5.574180
5.702910
5.642660
5.754700
5.661400
5.677460
5.555100
5.688760
5.653660
5.721650
5.681350
5.650560
5.708830
5.622090
5.754360
5.604920
5.741670
5.744140
5.657580
5.561860
5.730290
5.618390
5.620150
5.772990
5.644180
5.669700
5.692320
5.666720
5.742490
5.600780
5.622040
5.655260
5.712450
5.677810
5.653650
5.498220
5.581910
5.702320
5.582550
5.596770
5.562220
5.586060
5.679090
5.657850
5.636330
5.634980
5.558830
5.599120
5.641260
5.609850
5.555740
5.618920
5.678590
5.630760
5.617850
5.605650
5.581530
5.645940
5.570290
5.673810
5.577910
5.743470
5.616180
5.709990
5.506730
5.706680
5.705470
5.618560
5.623370
5.732470
5.692110
5.657070
5.701710
5.611280
5.608960
5.713630
5.714950
5.604060
5.625050
5.629100
5.724150
5.644980
5.700150
5.659820
5.810950
5.598710
5.620610
5.628880
5.653380
5.815520
5.513010
5.674890
5.649440
5.750410
5.514070
5.625230
5.579960
5.695460
5.639290
5.617500
5.650310
5.605010
5.635000
5.734740
5.752270
5.605910
5.820880
5.660230
5.773360
5.629200
5.601810
5.668660
5.595810
5.520450
5.472210
5.664110
5.656640
5.653550
5.607630
5.753550
5.706860
5.608280
5.725620
5.544380
5.669360
5.611300
5.609420
5.581340
5.669670
5.684960
5.565400
5.812550
5.705690
5.760570
5.672250
5.670580
5.574510
5.687790
5.652280
5.584430
5.721930
5.653490
5.595840
5.609090
5.565830
5.755240
5.695830
5.592900
5.798010
5.573180
5.663550
5.598540
5.754450
5.700610
5.565570
5.675560
5.811130
5.675920
5.730860
5.707680
5.695020
5.699630
5.652740
5.531730
5.667280
5.811830
5.608880
5.524850
5.675940
5.677790
5.731640
5.657230
5.661460
5.570820
5.749110
5.643760
5.692500
5.684040
5.896780
5.534980
5.626640
5.700780
5.704890
5.861360
5.514690
5.738590
5.661110
5.634890
5.657630
5.662310
5.669680
5.651250
5.714860
5.598400
5.682690
5.755580
5.707900
5.683100
5.573600
5.657440
5.710160
5.703600
5.700280
5.647510
5.682040
5.661230
5.734740
5.833550
5.651280
5.810830
5.785720
5.679850
5.561460
5.786650
5.698770
5.659990
5.720760
5.561400
5.714870
5.599810
5.707600
5.644850
5.747100
5.657110
5.740950
5.651200
5.628740
5.585590
5.677320
5.683760
5.588320
5.634280
5.704900
5.626380
5.670270
5.750580
5.659930
5.717700
5.701130
5.668680
5.672050
5.577770
5.603190
5.660310
5.687650
5.615590
5.558340
5.520930
5.568910
5.658770
5.816360
5.617650
5.572800
5.708190
5.594400
5.614830
5.773960
5.671410
5.666600
5.633550
5.706560
5.653850
5.650350
5.708450
5.786320
5.695840
5.608660
5.724420
5.761620
5.625060
5.699150
5.694860
5.611070
5.657060
5.680690
5.541650
5.635090
5.622130
5.670730
5.632990
5.667540
5.773310
5.577960
5.546890
5.690650
5.516170
5.666150
5.610210
5.632950
5.785570
5.687220
5.631990
5.788730
5.741410
5.695900
5.672980
5.651990
5.611110
5.678930
5.680040
5.725410
5.675040
5.739290
5.728130
5.692700
5.597240
5.754380
5.675040
5.702380
5.768580
5.680290
5.684670
5.660050
5.537440
5.618050
5.538080
5.677160
5.647910
5.529880
5.618920
5.616680
5.632330
5.650610
5.728760
5.574970
5.678480
5.664620
5.637720
5.755420
5.653220
5.595000
5.607260
5.601360
5.698610
5.688670
5.692920
5.594360
5.739010
5.615600
5.590810
5.651430
5.660840
5.773070
5.679180
5.638060
5.676890
5.649590
5.596910
5.623440
5.716930
5.698570
5.630400
5.784370
5.636130
5.740350
5.712090
5.630890
5.602610
5.627440
5.594610
5.759610
5.701220
5.641400
5.615280
5.650410
5.616760
5.653650
5.581930
5.694610
5.852140
5.761150
5.681960
5.767330
5.626850
5.517940
5.612410
5.786740
5.684870
5.825910
5.687760
5.585450
5.699170
5.778030
5.535190
5.614210
5.648150
5.527690
5.581860
5.647120
5.573340
5.635260
5.679440
5.602570
5.718530
5.679760
5.664280
5.658710
5.759330
5.716730
5.639260
5.673070
5.649650
5.594660
5.531300
5.592130
5.658670
5.645280
5.711250
5.650830
5.589860
5.604280
5.735390
5.561120
5.634550
5.545770
5.675110
5.547460
5.772460
5.609070
5.636880
5.722760
5.740280
5.692750
5.662030
5.658510
5.682650
5.649950
5.622140
5.656890
5.611080
5.699050
5.612950
5.649680
5.687250
5.728040
5.685620
5.678520
5.704600
5.598160
5.611500
5.691050
5.636140
5.633610
5.612070
5.681550
5.717640
5.667720
5.731910
5.541200
5.752450
5.717920
5.641100
5.613580
5.594340
5.531520
5.615990
5.702250
5.649480
5.602030
5.592670
5.643320
5.616230
5.670990
5.734680
5.744940
5.782720
5.603940
5.650220
5.708350
5.581770
5.580020
5.676960
5.612330
5.601880
5.566670
5.698650
5.616240
5.569180
5.690340
5.742570
5.650500
5.621330
5.783210
5.636980
5.596180
5.598340
5.574800
5.745200
5.593780
5.699380
5.627080
5.640960
5.664510
5.593370
5.690180
5.638110
5.633890
5.737390
5.662420
5.524940
5.642090
5.666490
5.636060
5.743940
5.630840
5.697520
5.598830
5.680200
5.630360
5.605050
5.688270
5.670330
5.533220
5.577780
5.635180
5.767010
5.690460
5.735060
5.666740
5.644670
5.683730
5.651530
5.595400
5.669200
5.654270
5.676210
5.695310
5.676500
5.648350
5.761520
5.604180
5.672990
5.667080
5.659800
5.583550
5.671430
5.729870
5.671890
5.671560
5.782400
5.701580
5.555970
5.657780
5.709370
5.690060
5.627220
5.546520
5.669110
5.670430
5.752140
5.789490
5.700130
5.650880
5.594580
5.634110
5.655980
5.608510
5.710500
5.636760
5.648670
5.696710
5.681740
5.609460
5.668370
5.538450
5.612420
5.626800
5.679600
5.671800
5.615510
5.636640
5.690600
5.578040
5.710840
5.625220
5.673740
5.598940
5.759950
5.654960
5.696040
5.701940
5.568380
5.686280
5.650080
5.682970
5.581340
5.704320
5.678510
5.669040
5.617550
5.683320
5.611980
5.704230
5.859370
5.658920
5.600020
5.640980
5.601850
5.779350
5.613760
5.777570
5.731410
5.728640
5.569020
5.490330
5.656800
5.665370
5.650100
5.733390
5.641830
5.722880
5.563630
5.646970
5.719380
5.695580
5.750440
5.735630
5.641490
5.644750
5.718380
5.578880
5.648710
5.747450
5.637310
5.637510
5.609100
5.579950
5.673460
5.564670
5.696380
5.601950
5.586980
5.633100
5.698830
5.625480
5.710710
5.505250
5.599460
5.780830
5.771790
5.709170
5.686840
5.683740
5.543110
5.641490
5.646940
5.643880
5.669380
5.568640
5.612090
5.752470
5.651990
5.678960
5.770340
5.633910
5.572500
5.670170
5.586660
5.685080
5.602210
5.700970
5.655860
5.683510
5.604360
5.612770
5.699240
5.698610
5.616520
5.552930
5.684570
5.594290
5.668980
5.749550
5.571290
5.755440
5.573310
5.665950
5.676060
5.668180
5.670650
5.639870
5.694210
5.553790
5.644520
5.655080
5.646090
5.698270
5.575080
5.735450
5.701160
5.715830
5.571420
5.597050
5.762740
5.710980
5.728450
5.611090
5.675770
5.694780
5.638740
5.632930
5.700590
5.676750
5.657410
5.645940
5.750080
5.651930
5.641570
5.635660
5.600360
5.591360
5.674710
5.533770
5.690590
5.678270
5.680640
5.620040
5.602850
5.756870
5.609550
5.583210
5.614730
5.538520
5.644440
5.650420
5.704940
5.663330
5.659700
5.603460
5.710830
5.658090
5.571450
5.685270
5.673320
5.619240
5.603450
5.635420
5.676880
5.701950
5.598460
5.533000
5.565940
5.567420
5.705520
5.608890
5.674810
5.766500
5.577100
5.705080
5.489240
5.641120
5.662290
5.694580
5.588580
5.716120
5.718780
5.760260
5.649010
5.589750
5.699930
5.708950
5.641110
5.631580
5.616560
5.603460
5.696800
5.609980
5.661720
5.704460
5.740910
5.644490
5.689640
5.666610
5.596720
5.731630
5.810260
5.629410
5.634730
5.569130
5.706190
5.662490
5.653750
5.725740
5.523130
5.572180
5.764670
5.635880
5.535480
5.772440
5.618220
5.653370
5.714990
5.656080
5.724530
5.502930
5.664570
5.690160
5.738130
5.594180
5.595810
5.733060
5.601780
5.560560
5.579510
5.649610
5.679060
5.602170
5.671320
5.707740
5.602420
5.752670
5.588170
5.724540
5.702680
5.617470
5.773950
5.656480
5.684380
5.610880
5.723240
5.668770
5.647090
5.610670
5.625320
5.702170
5.637710
5.670900
5.619980
5.585210
5.533190
5.705610
5.684780
5.653370
5.618410
5.671260
5.676840
5.726340
5.500460
5.624530
5.723060
5.703660
5.648570
5.652780
5.604300
5.629900
5.702200
5.674780
5.643420
5.604040
5.640590
5.765920
5.732880
5.617880
5.751700
5.660430
5.740620
5.617500
5.595620
5.574910
5.650730
5.618820
5.627170
5.584550
5.653310
5.614250
5.547890
5.517420
5.628250
5.676940
5.660810
5.694270
5.707100
5.647000
5.590810
5.621920
5.628080
5.688990
5.723880
5.683910
5.672310
5.710110
5.608600
5.592910
5.662560
5.641740
5.642450
5.624800
5.689490
5.690280
5.652770
5.669600
5.805650
5.683940
5.597440
5.717640
5.625550
5.653080
5.694530
5.743800
5.690160
5.718350
5.544410
5.685230
5.675150
5.806540
5.752270
5.661240
5.570370
5.728650
5.591890
5.691740
5.561890
5.695290
5.553750
5.706020
5.649390
5.597670
5.668750
5.643380
5.623670
5.829690
5.799110
5.742590
5.661220
5.752040
5.683590
5.744120
5.726710
5.769430
5.707240
5.678690
5.683310
5.633870
5.704620
5.664760
5.584660
5.658580
5.584090
5.550450
5.803430
5.655130
5.650400
5.596490
5.592860
5.660410
5.705110
5.665880
5.649080
5.599890
5.678680
5.639150
5.674210
5.566930
5.754030
5.607720
5.682090
5.660680
5.765720
5.660450
5.759060
5.592300
5.623190
5.654140
5.519150
5.529770
5.653760
5.659370
5.675800
5.704030
5.626180
5.720980
5.564910
5.677710
5.704400
5.773760
5.680690
5.682170
5.632770
5.558880
5.550150
5.684430
5.592040
5.731130
5.592870
5.695500
5.825530
5.645810
5.669630
5.720520
5.648470
5.633700
5.630870
5.622270
5.657270
5.719540
5.688580
5.661040
5.638970
5.624570
5.658350
5.612430
5.644780
5.669290
5.644530
5.609950
5.717360
5.694620
5.641980
5.739840
5.729020
5.669410
5.655910
5.702180
5.646140
5.816290
5.792040
5.602150
5.624260
5.639740
5.592990
5.667400
5.617130
5.611270
5.641150
5.610140
5.729970
5.521110
5.744330
5.656610
5.715150
5.575930
5.673640
5.653110
5.694840
5.684610
5.629780
5.739390
5.744840
5.784330
5.609870
5.617660
5.528460
5.638070
5.646390
5.650310
5.616760
5.597500
5.607310
5.668920
5.545220
5.688150
5.652460
5.654670
5.610060
5.677110
5.523990
5.579770
5.631790
5.733550
5.749770
5.712630
5.698850
5.646960
5.711500
5.610640
5.685390
5.708330
5.652460
5.723920
5.786210
5.658110
5.696370
5.616020
5.649120
5.615600
5.613990
5.677760
5.642500
5.663670
5.717550
5.758620
5.725040
5.692280
5.747060
5.585550
5.723500
5.601300
5.740960
5.622260
5.674380
5.640000
5.709810
5.613910
5.661950
5.666790
5.670480
5.607710
5.666000
5.594140
5.711690
5.654420
5.580480
5.734860
5.645580
5.743170
5.734350
5.639840
5.679630
5.634520
5.642050
5.703550
5.564060
5.616930
5.708720
5.672320
5.566460
5.664340
5.785360
5.668800
5.750560
5.805870
5.720570
5.731450
5.724440
5.660600
5.630840
5.649340
5.790080
5.675440
5.725460
5.652530
5.696860
5.684030
5.786440
5.528220
5.689340
5.709750
5.711570
5.794210
5.724240
5.614730
5.640670
5.723230
5.505400
5.698980
5.704680
5.756410
5.619310
5.565600
5.723270
5.628150
5.716490
5.699930
5.701240
5.593940
5.689250
5.673810
5.624040
5.665890
5.624860
5.580830
5.701320
5.581940
5.609020
5.693920
5.554920
5.673790
5.617060
5.654880
5.782000
5.550530
5.625800
5.688760
5.653060
5.515620
5.645320
5.607610
5.567910
5.712370
5.569850
5.615590
5.687860
5.654340
5.723570
5.761870
5.600780
5.665360
5.753930
5.614100
5.720540
5.697220
5.658850
5.687200
5.714160
5.649040
5.750280
5.574990
5.658470
5.596570
5.718590
5.663010
5.642530
5.786290
5.665870
5.658200
5.647660
5.718240
5.596080
5.739550
5.552420
5.701070
5.761350
5.704110
5.714070
5.704730
5.765150
5.617470
5.584360
5.694310
5.576770
5.596160
5.649730
5.771920
5.731430
5.721140
5.707100
5.664740
5.731020
5.606390
5.575920
5.626670
5.637500
5.744730
5.812490
5.692720
5.578820
5.565190
5.597950
5.630130
5.710360
5.621080
5.629210
5.682500
5.599430
5.657260
5.636100
5.650500
5.677780
5.665810
5.639320
5.600730
5.617150
5.761000
5.617850
5.561790
5.562390
5.758570
5.666910
5.564490
5.670640
5.589950
5.594430
5.675860
5.688680
5.638280
5.824980
5.658840
5.558510
5.664910
5.477990
5.692990
5.631360
5.657650
5.707640
5.593720
5.711480
5.663320
5.607270
5.660480
5.719040
5.626670
5.633410
5.722860
5.593650
5.530960
5.649800
5.593030
5.696150
5.605410
5.478680
5.611860
5.615580
5.669160
5.737120
5.624180
5.826250
5.754660
5.575800
5.600130
5.692010
5.602940
5.639530
5.668270
5.632270
5.647330
5.697170
5.685640
5.660130
5.612040
5.640340
5.569670
5.739430
5.697750
5.603020
5.812540
5.636060
5.759840
5.611790
5.953930
5.709600
5.686400
5.719020
5.713360
5.587540
5.625610
5.580310
5.678640
5.628270
5.703220
5.598720
5.595780
5.681080
5.685670
5.573770
5.644180
5.720300
5.547230
5.577860
5.723950
5.752440
5.630290
5.791350
5.610510
5.607410
5.542160
5.578310
5.701740
5.630290
5.655740
5.753720
5.729720
5.667040
5.809940
5.623850
5.541610
5.676970
5.706530
5.628050
5.783810
5.674880
5.675770
5.649130
5.632420
5.631210
5.597020
5.492710
5.718580
5.622820
5.695450
5.677580
5.622490
5.722620
5.663130
5.744960
5.732090
5.599910
5.718050
5.636480
5.547140
5.651390
5.645420
5.688950
5.626380
5.729090
5.652660
5.746230
5.865720
5.749650
5.779130
5.734620
5.534220
5.564200
5.728490
5.782150
5.608920
5.666570
5.556240
5.726110
5.782680
5.595510
5.710630
5.679350
5.687460
5.609000
5.735560
5.655400
5.697670
5.630370
5.632440
5.643010
5.699600
5.661390
5.632570
5.664570
5.676350
5.716670
5.677730
5.646040
5.611470
5.622330
5.832340
5.611730
5.646640
5.720730
5.616210
5.691350
5.701350
5.687460
5.679050
5.650570
5.578310
5.654250
5.716450
5.730110
5.672350
5.697030
5.561200
5.621230
5.645430
5.579810
5.768970
5.585160
5.806180
5.681290
5.651090
5.723330
5.633800
5.734250
5.823860
5.694130
5.625840
5.701970
5.716430
5.724150
5.693500
5.750130
5.633070
5.601230
5.633340
5.671400
5.745070
5.594430
5.601560
5.764600
5.569810
5.621140
5.653300
5.748910
5.512440
5.635780
5.620920
5.638860
5.588720
5.745070
5.615180
5.592510
5.638630
5.547940
5.704630
5.778680
5.655900
5.579920
5.671960
5.784610
5.631910
5.718630
5.764950
5.527110
5.695950
5.565420
5.570540
5.600000
5.677490
5.515430
5.622440
5.694220
5.712520
5.721230
5.614560
5.581630
5.678090
5.617960
5.660170
5.640100
5.656070
5.687510
5.562370
5.692300
5.717150
5.642660
5.653560
5.645770
5.683160
5.639760
5.532350
5.707620
5.576500
5.700230
5.596700
5.719230
5.638430
5.613040
5.691020
5.679460
5.565590
5.659730
5.691380
5.652500
5.731570
5.496900
5.761530
5.839490
5.715990
5.649460
5.893070
5.642010
5.609330
5.645690
5.677360
5.570060
5.672560
5.605000
5.770900
5.576310
5.757450
5.622660
5.680660
5.658450
5.618920
5.682280
5.654680
5.730380
5.587090
5.706940
5.667250
5.604410
5.683080
5.621310
5.568340
5.853010
5.659660
5.639420
5.657690
5.650430
5.760070
5.608930
5.663110
5.690340
5.659140
5.777110
5.589940
5.605310
5.579130
5.800910
5.653430
5.692060
5.566060
5.631200
5.645200
5.580050
5.729020
5.750420
5.726280
5.650530
5.774140
5.616980
5.608540
5.652030
5.572940
5.574810
5.662150
5.577350
5.737050
5.585220
5.684970
5.592800
5.666490
5.814360
5.576180
5.684500
5.516250
5.625350
5.620470
5.689360
5.661700
5.653320
5.608400
5.632280
5.729470
5.635700
5.766060
5.646190
5.590890
5.701570
5.653300
5.576700
5.649020
5.613260
5.717780
5.672700
5.621530
5.653550
5.740330
5.685730
5.762470
5.556570
5.587330
5.738270
5.611390
5.683420
5.672280
5.534810
5.561990
5.644730
5.679050
5.742760
5.714420
5.671370
5.575400
5.576520
5.660160
5.728050
5.625760
5.587290
5.665540
5.685840
5.652400
5.569720
5.747880
5.726980
5.645120
5.710660
5.642270
5.608210
5.723660
5.695000
5.641250
5.545300
5.707340
5.654490
5.636640
5.638850
5.546960
5.760380
5.637900
5.635720
5.731910
5.612370
5.706820
5.550230
5.566850
5.662150
5.592510
5.683850
5.701110
5.625370
5.667370
5.605550
5.649000
5.655050
5.628820
5.722730
5.655070
5.571770
5.684570
5.620430
5.736130
5.597540
5.622490
5.725640
5.521810
5.707560
5.566260
5.685190
5.641440
5.644410
5.677130
5.622600
5.557490
5.695880
5.624500
5.711770
5.622580
5.726900
5.545950
5.750500
5.708800
5.543370
5.707070
5.627080
5.781260
5.621690
5.690570
5.558070
5.637640
5.743190
5.654030
5.758300
5.728600
5.657690
5.686380
5.677050
5.681920
5.662780
5.708070
5.631820
5.676050
5.637260
5.779760
5.628890
5.585650
5.657560
5.689680
5.693750
5.607290
5.699080
5.784690
5.728260
5.674370
5.700100
5.687040
5.598500
5.626090
5.570670
5.645130
5.673200
5.777680
5.668280
5.663620
5.687310
5.730570
5.663440
5.698140
5.503520
5.682130
5.694510
5.638220
5.609790
5.664110
5.760530
5.652680
5.652570
5.556020
5.555330
5.759130
5.612880
5.632070
5.670790
5.661530
5.587050
5.635940
5.680630
5.614710
5.678510
5.624340
5.621690
5.612270
5.584730
5.664120
5.688910
5.652120
5.674100
5.675430
5.567870
5.681040
5.658250
5.705640
5.693340
5.690390
5.693450
5.604600
5.670650
5.635510
5.625110
5.545210
5.712290
5.657150
5.695410
5.728640
5.691770
5.718870
5.640860
5.634460
5.829360
5.697650
5.656600
5.696030
5.626160
5.706200
5.602320
5.558300
5.679750
5.757920
5.743940
5.817860
5.684060
5.679010
5.627140
5.714300
5.764180
5.680990
5.633900
5.753700
5.595590
5.644360
5.576020
5.624220
5.667590
5.655510
5.654100
5.650210
5.751130
5.667130
5.628340
5.706140
5.799260
5.642180
5.596040
5.584640
5.763120
5.706400
5.613680
5.620950
5.697610
5.691740
5.697830
5.645110
5.704900
5.611620
5.752880
5.672090
5.694290
5.642050
5.860280
5.726090
5.602860
5.650710
5.613090
5.661680
5.568010
5.729870
5.740510
5.556020
5.656200
5.774800
5.607990
5.530760
5.558840
5.667790
5.736460
5.639480
5.709770
5.630360
5.682190
5.582200
5.565760
5.700420
5.697400
5.735240
5.599880
5.714810
5.581540
5.754080
5.584130
5.659010
5.754320
5.685520
5.881120
5.591830
5.676020
5.653140
5.541330
5.705170
5.699090
5.694840
5.773510
5.678860
5.653670
5.497790
5.679030
5.684580
5.646350
5.663650
5.655580
5.778300
5.651030
5.630840
5.742410
5.704110
5.693620
5.675910
5.759370
5.608540
5.639500
5.666520
5.687810
5.713690
5.725930
5.649110
5.561040
5.687470
5.615290
5.662640
5.754810
5.732270
5.596640
5.653150
5.637330
5.727190
5.714540
5.649890
5.766540
5.677180
5.757890
5.646860
5.637400
5.741740
5.582390
5.698840
5.606870
5.705300
5.672530
5.732920
5.676750
5.734270
5.760500
5.653020
5.607110
5.676020
5.729940
5.615970
5.692110
5.602240
5.744260
5.711180
5.671500
5.599680
5.726660
5.691310
5.605530
5.728940
5.604180
5.666150
5.610000
5.745810
5.690550
5.565180
5.538880
5.669860
5.562260
5.659290
5.589330
5.607500
5.604280
5.749920
5.689180
5.576600
5.739420
5.689100
5.693110
5.764080
5.672990
5.681680
5.650670
5.733160
5.714800
5.649490
5.611940
5.555440
5.717780
5.557850
5.736610
5.715550
5.608750
5.823400
5.582410
5.666690
5.669500
5.726260
5.705580
5.639420
5.626520
5.590790
5.637030
5.691760
5.760970
5.675360
5.729550
5.770900
5.713500
5.681210
5.865870
5.708420
5.624440
5.636070
5.658920
5.576550
5.640100
5.515040
5.732340
5.526960
5.551760
5.717510
5.589450
5.555340
5.733730
5.755110
5.683620
5.827000
5.832840
5.674690
5.605210
5.570090
5.675920
5.733020
5.660660
5.643700
5.668520
5.584860
5.684600
5.714730
5.591630
5.613900
5.572190
5.476110
5.755210
5.636160
5.740250
5.660540
5.672540
5.618400
5.692700
5.737760
5.606200
5.619960
5.668640
5.610650
5.747240
5.712860
5.705300
5.510070
5.703980
5.526320
5.588210
5.611730
5.611630
5.767970
5.592750
5.623410
5.539860
5.757770
5.654120
5.742860
5.626900
5.631570
5.641450
5.743020
5.624030
5.526350
5.530230
5.592300
5.617920
5.690230
5.709700
5.742890
5.778790
5.684200
5.662570
5.604610
5.539560
5.700950
5.591980
5.762630
5.535100
5.607500
5.627790
5.665960
5.707560
5.539670
5.621820
5.735450
5.664470
5.682120
5.638020
5.709540
5.709960
5.675220
5.654240
5.667680
5.691030
5.626730
5.575390
5.645050
5.746930
5.580070
5.684070
5.666130
5.540550
5.670620
5.783060
5.817100
5.657130
5.724870
5.704480
5.605980
5.668680
5.674120
5.595880
5.705450
5.574180
5.616630
5.647000
5.671870
5.751450
5.637870
5.664350
5.671740
5.633300
5.675890
5.688570
5.637200
5.558450
5.761220
5.717200
5.697160
5.602200
5.685890
5.693670
5.640520
5.617650
5.627530
5.616430
5.802760
5.754560
5.699700
5.715770
5.554630
5.671690
5.568290
5.733050
5.647980
5.678280
5.740710
5.649540
5.533220
5.672010
5.678730
5.686050
5.629630
5.698010
5.699880
5.715380
5.592400
5.701280
5.718060
5.679990
5.720180
5.551060
5.624240
5.608580
5.820220
5.586300
5.593070
5.488800
5.650100
5.670230
5.593490
5.708540
5.659830
5.621550
5.664590
5.680260
5.647930
5.567460
5.693500
5.592900
5.597510
5.627940
5.560010
5.582930
5.679840
5.618990
5.622950
5.599140
5.657440
5.639940
5.690840
5.575690
5.633420
5.710430
5.721570
5.750230
5.726010
5.675750
5.678460
5.666240
5.520510
5.619850
5.599750
5.599830
5.701270
5.621320
5.760040
5.711280
5.731590
5.642370
5.677440
5.585480
5.640840
5.652910
5.641190
5.571960
5.680050
5.700100
5.773920
5.725700
5.673760
5.597940
5.579070
5.811040
5.644930
5.607320
5.725160
5.683600
5.526970
5.522150
5.608740
5.672370
5.742390
5.684110
5.769000
5.551060
5.652610
5.626460
5.622610
5.736930
5.683750
5.601250
5.680840
5.674620
5.658230
5.555560
5.620750
5.637500
5.605570
5.605390
5.690730
5.619240
5.658020
5.677790
5.695750
5.612650
5.715560
5.674570
5.618510
5.655270
5.698480
5.747470
5.557590
5.687350
5.700480
5.642150
5.645100
5.713240
5.666570
5.652440
5.654470
5.686590
5.802510
5.554670
5.695450
5.693670
5.715410
5.669810
5.544910
5.665150
5.639140
5.692480
5.611330
5.661400
5.683240
5.766340
5.676690
5.743610
5.659560
5.629440
5.636100
5.619750
5.718220
5.619770
5.638580
5.572950
5.572560
5.693490
5.529190
5.715680
5.789310
5.541250
5.682820
5.688420
5.612860
5.616000
5.605690
5.603190
5.654030
5.771770
5.687430
5.586930
5.664780
5.673600
5.743220
5.746950
5.641920
5.574660
5.596310
5.684780
5.685610
5.663730
5.556790
5.739250
5.671910
5.705190
5.763060
5.636240
5.676530
5.700090
5.742460
5.593250
5.661170
5.754530
5.669350
5.647470
5.658070
5.642850
5.616510
5.750970
5.684120
5.687740
5.700080
5.585460
5.646090
5.723510
5.652660
5.708330
5.642590
5.744690
5.680890
5.676200
5.642860
5.580300
5.548820
5.715160
5.627810
5.680900
5.657150
5.590740
5.724320
5.663470
5.680690
5.700440
5.642470
5.702410
5.773130
5.574240
5.558170
5.835380
5.646020
5.791210
5.650140
5.727790
5.743080
5.574930
5.688460
5.620150
5.618160
5.754110
5.648020
5.718980
5.678100
5.650010
5.707670
5.697950
5.614990
5.640930
5.634590
5.707200
5.676780
5.660220
5.673410
5.678500
5.651090
5.684640
5.685200
5.675600
5.739200
5.690150
5.695170
5.608210
5.646150
5.691400
5.723630
5.644430
5.687500
5.713910
5.611670
5.661390
5.719910
5.723640
5.647410
5.692380
5.675790
5.609060
5.628420
5.574670
5.666580
5.641200
5.594470
5.662030
5.663100
5.562550
5.652420
5.699290
5.696660
5.731160
5.682660
5.564610
5.681040
5.646910
5.674150
5.732600
5.643510
5.639020
5.535120
5.620740
5.764140
5.641390
5.706010
5.734840
5.737950
5.648140
5.563930
5.593990
5.526740
5.663420
5.686850
5.650000
5.730830
5.669710
5.693820
5.644280
5.716390
5.694320
5.641800
5.769870
5.775080
5.696550
5.721840
5.696210
5.595560
5.585480
5.620840
5.575130
5.735880
5.695010
5.641050
5.693460
5.616940
5.821590
5.641480
5.655960
5.629740
5.747090
5.646710
5.690190
5.683680
5.769220
5.666890
5.663480
5.660250
5.637050
5.661500
5.744590
5.615270
5.665720
5.684300
5.814150
5.677860
5.654690
5.691960
5.615500
5.636130
5.600120
5.594520
5.510470
5.623180
5.818630
5.648460
5.684370
5.689380
5.641800
5.715140
5.578080
5.704330
5.695970
5.724080
5.577620
5.620990
5.741950
5.661700
5.649080
5.734210
5.611390
5.718220
5.694820
5.758790
5.690350
5.867280
5.622610
5.725360
5.717360
5.821650
5.705260
5.699160
5.705360
5.628750
5.687040
5.654430
5.708810
5.756290
5.617900
5.751990
5.753260
5.732930
5.633170
5.636840
5.643150
5.618870
5.616590
5.707300
5.678060
5.670620
5.660810
5.588690
5.605060
5.603360
5.605660
5.653470
5.649890
5.595210
5.671230
5.683450
5.659710
5.624090
5.601920
5.649630
5.562630
5.610540
5.673550
5.649010
5.590310
5.599590
5.687010
5.639240
5.635080
5.759660
5.541670
5.751230
5.556200
5.705460
5.588940
5.674000
5.700370
5.639310
5.648760
5.614420
5.493690
5.806220
5.569920
5.697280
5.523780
5.538930
5.611690
5.681000
5.745770
5.717690
5.648550
5.761060
5.678210
5.731630
5.601820
5.588920
5.685320
5.716240
5.706770
5.672060
5.597010
5.654650
5.607650
5.683400
5.702170
5.621750
5.730170
5.747990
5.742600
5.644930
5.575650
5.618040
5.682000
5.696660
5.859400
5.798120
5.670650
5.640840
5.635990
5.642320
5.674810
5.800240
5.639920
5.545470
5.691660
5.718760
5.620660
5.518350
5.625080
5.516950
5.568250
5.603760
5.767960
5.690560
5.803830
5.725570
5.662350
5.682800
5.731490
5.625160
5.686860
5.658820
5.622280
5.695150
5.642660
5.710070
5.609110
5.644750
5.729800
5.623300
5.614800
5.574200
5.639970
5.699750
5.571070
5.583850
5.612990
5.712510
5.838250
5.723530
5.666090
5.510570
5.657830
5.563140
5.779250
5.677750
5.625390
5.716820
5.802800
5.725040
5.571390
5.681000
5.624470
5.642020
5.750490
5.658590
5.741530
5.647900
5.668330
5.760230
5.705910
5.643460
5.698980
5.635120
5.662130
5.684540
5.726910
5.690320
5.766870
5.657030
5.631230
5.670100
5.668190
5.544680
5.659080
5.636740
5.670670
5.726110
5.621490
5.671340
5.608900
5.677650
5.596960
5.697680
5.674590
5.607710
5.784740
5.541970
5.676150
5.670120
5.596380
5.738340
5.715670
5.593100
5.707690
5.650560
5.760330
5.633840
5.706420
5.558510
5.740370
5.588630
5.678090
5.626710
5.519830
5.606360
5.662430
5.767440
5.653580
5.635180
5.630590
5.689350
5.593650
5.583140
5.543860
5.440770
5.676100
5.721230
5.645570
5.672400
5.597940
5.614650
5.772420
5.607970
5.659570
5.755190
5.690250
5.721020
5.714840
5.633240
5.641670
5.517740
5.734510
5.590320
5.625980
5.531200
5.564810
5.613770
5.724270
5.540290
5.669710
5.657360
5.738120
5.633220
5.543530
5.637420
5.664840
5.717120
5.742140
5.584540
5.601800
5.524670
5.722910
5.503890
5.630190
5.715150
5.574500
5.661080
5.729600
5.643930
5.733570
5.702350
5.674810
5.599540
5.783690
5.695480
5.669050
5.741240
5.735440
5.754480
5.683510
5.748760
5.620500
5.615070
5.697510
5.585890
5.713290
5.732250
5.628970
5.757440
5.605880
5.648940
5.768350
5.683310
5.710370
5.643620
5.654560
5.727650
5.707080
5.659340
5.597820
5.627690
5.686460
5.704840
5.714290
5.616450
5.670940
5.634120
5.626530
5.681330
5.679570
5.735110
5.763440
5.565700
5.642680
5.589670
5.753910
5.812130
5.604510
5.706320
5.678470
5.720420
5.741170
5.638240
5.652560
5.700580
5.672850
5.728430
5.569450
5.637090
5.642360
5.619160
5.675410
5.672270
5.694690
5.663440
5.620970
5.578090
5.701650
5.689610
5.810290
5.605000
5.731140
5.630470
5.712920
5.615220
5.675230
5.708810
5.534400
5.714860
5.734380
5.710030
5.616650
5.690060
5.616420
5.821730
5.605890
5.600340
5.671950
5.637010
5.665510
5.680920
5.640830
5.548880
5.705150
5.649810
5.660630
5.709150
5.578160
5.675680
5.706580
5.725250
5.553830
5.735310
5.750210
5.634010
5.626650
5.650790
5.653980
5.652130
5.696950
5.566270
5.636360
5.721880
5.578130
5.607420
5.755410
5.790620
5.613170
5.634960
5.599170
5.678500
5.643890
5.547800
5.684520
5.624450
5.687960
5.668450
5.659810
5.694250
5.759530
5.678460
5.666140
5.585340
5.717980
5.615680
5.674240
5.742030
5.795760
5.731610
5.572030
5.656670
5.573840
5.726050
5.620270
5.798420
5.591960
5.719110
5.753110
5.695730
5.622260
5.790430
5.614590
5.729530
5.627460
5.597230
5.552310
5.576070
5.625090
5.695020
5.710130
5.684340
5.697000
5.719110
5.680320
5.783020
5.695010
5.506780
5.689660
5.646730
5.642200
5.682280
5.553570
5.606360
5.631040
5.714110
5.664430
5.625650
5.622030
5.642990
5.725020
5.738010
5.615080
5.648030
5.634460
5.747520
5.739630
5.649070
5.783800
5.627560
5.707230
5.761660
5.752590
5.708900
5.626300
5.777130
5.620710
5.694900
5.648580
5.723080
5.694600
5.754620
5.642120
5.613690
5.683030
5.573830
5.681880
5.622120
5.674790
5.636100
5.656920
5.713010
5.608250
5.650420
5.583810
5.645000
5.709180
5.729360
5.686820
5.604120
5.695130
5.714140
5.613240
5.742830
5.700910
5.683900
5.656470
5.626450
5.696300
5.670770
5.740240
5.669710
5.597490
5.693050
5.745610
5.706980
5.576580
5.708860
5.669450
5.674010
5.627170
5.737720
5.534940
5.638550
5.619130
5.694320
5.632710
5.682220
5.668070
5.657930
5.715520
5.701550
5.688810
5.716240
5.585520
5.651400
5.717060
5.733860
5.748470
5.674340
5.562490
5.578250
5.593810
5.656620
5.740780
5.764740
5.670560
5.613970
5.634440
5.565530
5.625510
5.704340
5.644140
5.626210
5.694250
5.619490
5.690460
5.639070
5.686940
5.626340
5.752340
5.607590
5.603750
5.773480
5.611910
5.635660
5.673680
5.725130
5.673020
5.511300
5.591630
5.719900
5.594050
5.535030
5.684350
5.631660
5.625640
5.626390
5.647330
5.657620
5.674480
5.646610
5.813810
5.656530
5.649600
5.549620
5.579060
5.640330
5.777410
5.576560
5.675310
5.657370
5.694290
5.770130
5.759130
5.687420
5.562400
5.741980
5.755150
5.640540
5.635370
5.636470
5.524590
5.591900
5.491260
5.809770
5.701440
5.670120
5.789920
5.602770
5.494300
5.612740
5.576610
5.587350
5.662940
5.718220
5.610620
5.559220
5.681330
5.683440
5.779330
5.594720
5.774120
5.535890
5.689140
5.699890
5.610320
5.703760
5.639420
5.696980
5.645680
5.617380
5.625120
5.525750
5.517570
5.685220
5.776950
5.646250
5.656710
5.734180
5.641210
5.748410
5.641680
5.748930
5.589680
5.631660
5.672280
5.663750
5.715050
5.584850
5.669630
5.674610
5.684800
5.718200
5.592030
5.635900
5.693270
5.635610
5.673400
5.725740
5.704890
5.712070
5.606530
5.614740
5.575690
5.687120
5.660500
5.656030
5.627000
5.731250
5.571850
5.791340
5.639410
5.752960
5.628070
5.765320
5.646600
5.611240
5.632800
5.693590
5.680010
5.642310
5.570110
5.640020
5.751820
5.729520
5.588070
5.598950
5.718880
5.663270
5.675980
5.725360
5.614880
5.773000
5.675620
5.614110
5.802420
5.668040
5.635120
5.547680
5.569160
5.701380
5.617200
5.519720
5.558600
5.568210
5.603740
5.641400
5.692940
5.578010
5.622250
5.720700
5.681380
5.778790
5.695800
5.600600
5.620010
5.714820
5.626000
5.763740
5.666750
5.743590
5.773550
5.614510
5.780030
5.718930
5.694800
5.716650
5.771120
5.736640
5.708730
5.717350
5.767130
5.659330
5.766130
5.681120
5.682560
5.619420
5.690700
5.628340
5.658540
5.660590
5.702730
5.677420
5.608370
5.720730
5.598400
5.703410
5.679710
5.595680
5.654890
5.520230
5.669980
5.639880
5.678170
5.733420
5.709820
5.671820
5.671350
5.706690
5.694770
5.661390
5.654700
5.646790
5.535350
5.673340
5.684940
5.660840
5.681590
5.708300
5.640120
5.553850
5.675690
5.556730
5.720180
5.618580
5.757650
5.603910
5.570000
5.642890
5.644010
5.692260
5.713390
5.663000
5.605120
5.478140
5.684950
5.637770
5.596320
5.681330
5.684410
5.724250
5.746020
5.608700
5.628510
5.699060
5.696990
5.604040
5.731830
5.663980
5.662820
5.712960
5.671770
5.647850
5.657760
5.557640
5.601980
5.696990
5.650130
5.690970
5.612790
5.740120
5.744520
5.680630
5.639180
5.701400
5.708930
5.635860
5.659740
5.664600
5.634810
5.626070
5.734910
5.622540
5.691820
5.772280
5.625660
5.685480
5.691570
5.671090
5.636310
5.621630
5.706060
5.618280
5.674160
5.781120
5.584950
5.721510
5.636570
5.786670
5.547260
5.828770
5.727120
5.731570
5.629980
5.628800
5.707290
5.647610
5.763600
5.639290
5.661100
5.682550
5.666590
5.656700
5.500310
5.662200
5.728990
5.667880
5.693370
5.576690
5.687660
5.638530
5.647650
5.591090
5.641600
5.601420
5.666380
5.752600
5.630570
5.574280
5.630640
5.594860
5.659090
5.650940
5.623160
5.728430
5.710320
5.728970
5.579280
5.650000
5.725400
5.601070
5.670300
5.652670
5.709590
5.618820
5.679380
5.625300
5.492240
5.630280
5.685690
5.576580
5.665480
5.651190
5.681100
5.774340
5.683510
5.534550
5.661600
5.579610
5.594860
5.588890
5.668520
5.666050
5.646850
5.608480
5.637800
5.663580
5.666260
5.548830
5.671510
5.814600
5.671600
5.591170
5.635390
5.693350
5.562850
5.494440
5.684480
5.566190
5.736270
5.735940
5.578840
5.633060
5.702320
5.634110
5.719870
5.645050
5.768120
5.604440
5.657130
5.661330
5.612380
5.714400
5.642930
5.618350
5.668980
5.660650
5.693820
5.744430
5.735420
5.677470
5.553600
5.596140
5.671390
5.638620
5.591360
5.666980
5.714910
5.636330
5.684890
5.677560
5.669350
5.620270
5.759920
5.623180
5.736760
5.647410
5.606980
5.788070
5.631280
5.580690
5.621650
5.634650
5.688400
5.599770
5.758550
5.640430
5.704670
5.663060
5.598060
5.692530
5.754080
5.652690
5.536210
5.793480
5.601040
5.603020
5.761940
5.551090
5.563180
5.739740
5.706420
5.630090
5.582200
5.656450
5.629510
5.699250
5.664280
5.733900
5.674050
5.654180
5.632170
5.692070
5.629200
5.695670
5.692940
5.590340
5.615960
5.658010
5.638160
5.600250
5.679890
5.785280
5.700800
5.742440
5.605180
5.647610
5.652640
5.735380
5.707540
5.693610
5.673350
5.655760
5.712480
5.699620
5.643010
5.637420
5.702160
5.679630
5.629980
5.746440
5.694390
5.592020
5.701250
5.713520
5.697390
5.623910
5.727650
5.622790
5.646810
5.663310
5.620540
5.679670
5.629890
5.777630
5.637900
5.749180
5.618750
5.614070
5.739220
5.618990
5.675830
5.614430
5.620190
5.782980
5.704010
5.512320
5.714520
5.652610
5.710150
5.608220
5.668000
5.556090
5.541250
5.693040
5.721000
5.680090
5.661330
5.540830
5.677530
5.630410
5.701760
5.724450
5.760090
5.729620
5.665740
5.642860
5.673200
5.696700
5.603660
5.574860
5.613030
5.565550
5.676780
5.829700
5.590830
5.625210
5.656210
5.638570
5.654570
5.733030
5.695300
5.665960
5.615640
5.615900
5.716840
5.658810
5.663860
5.760460
5.642380
5.698880
5.729110
5.617390
5.623080
5.657260
5.708400
5.595380
5.666860
5.629550
5.650080
5.703780
5.621940
5.748900
5.616860
5.619440
5.647790
5.733970
5.628650
5.601580
5.635380
5.680980
5.586380
5.704860
5.614160
5.605420
5.668520
5.639260
5.564990
5.707240
5.742720
5.610100
5.686250
5.661830
5.698460
5.653420
5.832930
5.626370
5.675240
5.616570
5.548750
5.641240
5.566250
5.723860
5.657530
5.640570
5.690230
5.791780
5.680400
5.613250
5.789380
5.702760
5.674920
5.700740
5.735780
5.667370
5.718780
5.634170
5.825170
5.692690
5.612810
5.654630
5.587710
5.605180
5.513330
5.625730
5.756520
5.749060
5.638240
5.724720
5.656670
5.639210
5.622610
5.670510
5.573530
5.698260
5.670390
5.626890
5.774030
5.676450
5.675850
5.629900
5.671740
5.705300
5.707000
5.733340
5.630610
5.710620
5.723260
5.660610
5.666600
5.717460
5.750360
5.669020
5.670030
5.608690
5.654280
5.608740
5.658240
5.690180
5.607480
5.728820
5.567910
5.740010
5.733800
5.750600
5.670010
5.616400
5.605120
5.587130
5.747970
5.607560
5.596290
5.716900
5.662090
5.766190
5.594870
5.530780
5.622250
5.820560
5.689170
5.486110
5.638710
5.711170
5.606520
5.682720
5.692140
5.723730
5.608740
5.633930
5.615030
5.671490
5.732910
5.612650
5.671610
5.723080
5.687420
5.697920
5.759700
5.702570
5.672880
5.618730
5.684010
5.612000
5.722950
5.672770
5.633560
5.668960
5.698130
5.674290
5.621510
5.685140
5.594560
5.616140
5.612850
5.664580
5.609490
5.709450
5.645760
5.501630
5.741200
5.630810
5.726810
5.596210
5.624840
5.663500
5.575810
5.698440
5.589810
5.645410
5.766180
5.621520
5.682270
5.513450
5.732500
5.680010
5.646690
5.766590
5.619210
5.601230
5.637370
5.679100
5.717090
5.633510
5.681620
5.619820
5.550860
5.769460
5.756490
5.573480
5.663310
5.717620
5.674590
5.738590
5.569230
5.637130
5.690420
5.768660
5.603320
5.711880
5.691920
5.601040
5.640330
5.711790
5.676660
5.628660
5.659630
5.762500
5.723710
5.517080
5.655360
5.679870
5.654940
5.691370
5.625040
5.634070
5.629990
5.591680
5.894330
5.625360
5.659720
5.684960
5.741640
5.574600
5.777530
5.632030
5.621520
5.731680
5.621700
5.678730
5.633220
5.705820
5.755440
5.657720
5.599350
5.715590
5.669560
5.658090
5.541140
5.600640
5.738940
5.641950
5.606430
5.588120
5.658460
5.717450
5.619100
5.654630
5.703510
5.734520
5.624390
5.786500
5.770420
5.714320
5.651870
5.468680
5.731390
5.635200
5.722290
5.783590
5.722250
5.694140
5.730150
5.607080
5.798570
5.725030
5.662930
5.549010
5.649190
5.609650
5.695610
5.743530
5.688160
5.804070
5.698720
5.728580
5.679040
5.656710
5.658870
5.657920
5.715810
5.735080
5.580300
5.684670
5.720700
5.649570
5.744080
5.760880
5.607330
5.574350
5.729020
5.634010
5.692940
5.637290
5.606710
5.676970
5.756030
5.689590
5.693750
5.631890
5.605570
5.602070
5.707660
5.662760
5.660120
5.680550
5.704630
5.599070
5.658010
5.562930
5.728590
5.731420
5.660670
5.665640
5.591740
5.677020
5.427530
5.561330
5.619640
5.602810
5.676330
5.642080
5.588840
5.591110
5.677670
5.645010
5.752610
5.565920
5.699410
5.705370
5.602640
5.670150
5.565430
5.619190
5.776570
5.572430
5.597880
5.730280
5.693530
5.746290
5.711500
5.677940
5.634270
5.653820
5.630670
5.629620
5.685500
5.571170
5.822200
5.583230
5.616870
5.700200
5.683840
5.642880
5.594700
5.776280
5.747150
5.677230
5.636890
5.798430
5.686800
5.570780
5.659600
5.807410
5.596890
5.725290
5.520730
5.598850
5.746320
5.729500
5.719020
5.560800
5.661740
5.567770
5.637530
5.608620
5.716910
5.703020
5.716910
5.613630
5.663470
5.700690
5.722850
5.671570
5.629260
5.693700
5.688010
5.645780
5.668170
5.714770
5.718940
5.632160
5.713020
5.591730
5.746710
5.794230
5.646090
5.661850
5.675100
5.681590
5.685730
5.701030
5.528690
5.619400
5.694460
5.538210
5.539800
5.685300
5.710920
5.641350
5.707130
5.639770
5.823230
5.647940
5.620150
5.634370
5.736760
5.620790
5.614390
5.681840
5.678960
5.651860
5.649180
5.687580
5.671460
5.683600
5.734880
5.587550
5.688880
5.726000
5.616350
5.584010
5.640370
5.764730
5.690510
5.610500
5.647200
5.615770
5.756970
5.734200
5.748540
5.781940
5.700850
5.798620
5.611560
5.603770
5.683240
5.657030
5.505490
5.624190
5.638950
5.638500
5.644770
5.652430
5.640510
5.625900
5.746990
5.630620
5.678690
5.659040
5.606610
5.664320
5.653020
5.615630
5.751670
5.738950
5.640800
5.650420
5.709920
5.543040
5.721530
5.685310
5.651270
5.686440
5.723290
5.776230
5.694320
5.637940
5.671060
5.680930
5.752050
5.709390
5.683380
5.665680
5.741610
5.719180
5.614370
5.618370
5.831920
5.684760
5.774170
5.666990
5.688470
5.625630
5.602170
5.732200
5.758580
5.614010
5.714740
5.717780
5.733700
5.633970
5.736240
5.628100
5.645290
5.623220
5.643690
5.754230
5.783470
5.693150
5.650220
5.640670
5.639720
5.715540
5.638390
5.614850
5.667620
5.675060
5.810190
5.720090
5.666740
5.659290
5.631910
5.643700
5.781990
5.609450
5.635640
5.729220
5.714040
5.619190
5.671210
5.526860
5.622540
5.677930
5.681690
5.683480
5.691840
5.661770
5.564620
5.736160
5.634460
5.764630
5.713950
5.651240
5.651170
5.777170
5.777170
