5.756080
5.702390
5.694370
5.657910
5.516380
5.720010
5.599300
5.506480
5.740420
5.610020
5.594000
5.697480
5.731230
5.656200
5.692190
5.646240
5.655830
5.684360
5.713680
5.557160
5.719550
5.716060
5.576460
5.548370
5.603450
5.742730
5.711920
5.663780
5.688450
5.666880
5.604510
5.606430
5.670990
5.680310
5.676310
5.596140
5.776600
5.674560
5.660520
5.786900
5.695280
5.642440
5.727670
5.540120
5.594560
5.711670
5.625400
5.708650
5.663010
5.580070
5.815620
5.690690
5.567390
5.646400
5.648560
5.711030
5.614300
5.690680
5.606950
5.499530
5.600410
5.736990
5.690820
5.695710
5.555370
5.735970
5.642050
5.551730
5.675840
5.633360
5.551270
5.735200
5.608450
5.644400
5.635120
5.665450
5.570120
5.733120
5.640280
5.690640
5.728280
5.543020
5.535540
5.664150
5.653410
5.710180
5.703160
5.547580
5.669850
5.699780
5.678820
5.777770
5.727760
5.641520
5.729790
5.733660
5.639400
5.595700
5.635210
5.606620
5.507210
5.661120
5.605470
5.577730
5.649160
5.617290
5.575240
5.662180
5.719960
5.673580
5.637240
5.596690
5.679640
5.650160
5.673290
5.706950
5.796540
5.615760
5.628860
5.633160
5.668350
5.693000
5.674810
5.733850
5.675580
5.563560
5.561930
5.609580
5.592180
5.721290
5.701270
5.621920
5.721190
5.633360
5.605670
5.614740
5.637200
5.685480
5.628840
5.651880
5.535270
5.687850
5.763340
5.669850
5.576230
5.739190
5.822240
5.739230
5.702480
5.695260
5.617570
5.600000
5.636570
5.658840
5.664600
5.588250
5.716480
5.755780
5.674110
5.626330
5.688540
5.700870
5.618800
5.677160
5.595530
5.763290
5.576600
5.609000
5.707890
5.644440
5.672430
5.688550
5.766470
5.599440
5.553800
5.691140
5.601570
5.684340
5.703400
5.721960
5.581010
5.698140
5.597660
5.647790
5.700780
5.645700
5.583380
5.553230
5.633560
5.649230
5.555960
5.577900
5.541560
5.613660
5.599340
5.660890
5.627710
5.584430
5.608210
5.545620
5.636880
5.677050
5.701450
5.677930
5.663240
5.712490
5.829560
5.723170
5.638210
5.612150
5.580320
5.749790
5.687450
5.591790
5.661170
5.556350
5.577150
5.667360
5.769660
5.742240
5.720570
5.545660
5.682440
5.575520
5.730190
5.684040
5.636600
5.650820
5.699460
5.664110
5.541910
5.635710
5.603820
5.652120
5.701620
5.665040
5.809770
5.635710
5.615750
5.714530
5.728560
5.737390
5.743500
5.610090
5.724880
5.646070
5.664850
5.656240
5.664750
5.617910
5.793350
5.635380
5.692410
5.679900
5.747980
5.556240
5.689060
5.729310
5.609420
5.641990
5.490520
5.666290
5.598620
5.625060
5.689330
5.644720
5.667770
5.692100
5.683300
5.658830
5.639260
5.782700
5.579880
5.736410
5.655230
5.587580
5.651350
5.640400
5.744110
5.692970
5.647400
5.581800
5.642430
5.686720
5.618870
5.567800
5.614560
5.778100
5.638030
5.686860
5.594330
5.658790
5.638780
5.653750
5.671240
5.570840
5.693930
5.663270
5.595640
5.644810
5.635410
5.668470
5.708970
5.614370
5.618290
5.718930
5.674510
5.709330
5.636010
5.712940
5.693870
5.688870
5.685910
5.649050
5.752170
5.714960
5.632420
5.611870
5.575770
5.656100
5.670730
5.628990
5.568310
5.702830
5.691240
5.766040
5.709770
5.760850
5.550190
5.621560
5.666900
5.692330
5.587150
5.699820
5.440200
5.620030
5.662080
5.602830
5.750820
5.697290
5.646210
5.585430
5.695110
5.684080
5.659070
5.691260
5.608920
5.739440
5.644190
5.614070
5.691250
5.634750
5.696510
5.696510
5.658720
5.677630
5.729810
5.677910
5.761360
5.687400
5.830110
5.653740
5.640150
5.674140
5.683700
5.634700
5.688700
5.625510
5.563210
5.678990
5.571160
5.794630
5.669960
5.739700
5.758810
5.648220
5.619000
5.708950
5.605260
5.614610
5.652140
5.639790
5.678340
5.664730
5.644620
5.657290
5.685760
5.651330
5.627420
5.720630
5.715110
5.683420
5.695150
5.642010
5.553150
5.654030
5.739140
5.645820
5.611940
5.722380
5.626120
5.568420
5.707140
5.546270
5.632420
5.652060
5.584080
5.672530
5.573620
5.739830
5.732890
5.701470
5.740330
5.668380
5.516630
5.708920
5.716090
5.636330
5.782470
5.684830
5.732210
5.671310
5.843160
5.694860
5.587250
5.770320
5.613450
5.737730
5.678910
5.710020
5.620080
5.672830
5.536130
5.628530
5.644680
5.667250
5.654790
5.630540
5.666740
5.623170
5.670800
5.583620
5.618580
5.606570
5.769260
5.668020
5.658670
5.626800
5.630660
5.680920
5.701860
5.717360
5.563760
5.586510
5.717840
5.635580
5.701000
5.687530
5.625040
5.583490
5.558060
5.588790
5.605010
5.637370
5.737600
5.606670
5.626390
5.757990
5.634380
5.596950
5.648450
5.810070
5.519910
5.664460
5.646010
5.617840
5.557530
5.633380
5.598060
5.530370
5.649330
5.639160
5.587600
5.719700
5.673280
5.654760
5.681150
5.622510
5.649160
5.786310
5.708780
5.766710
5.603160
5.657340
5.640700
5.771990
5.707360
5.668230
5.600610
5.638280
5.657820
5.708180
5.642680
5.624480
5.609490
5.687970
5.536690
5.605970
5.654850
5.693650
5.623850
5.733390
5.730860
5.617290
5.587190
5.588170
5.682620
5.697020
5.603250
5.810020
5.587350
5.647890
5.710570
5.703190
5.652780
5.725200
5.610280
5.661680
5.617550
5.630270
5.534560
5.702150
5.707760
5.695390
5.743760
5.551060
5.582080
5.629670
5.702410
5.597680
5.735540
5.692190
5.677470
5.694210
5.660420
5.649380
5.591310
5.742550
5.646680
5.659630
5.637770
5.658250
5.634250
5.664920
5.754700
5.635030
5.541150
5.549690
5.669710
5.662160
5.623180
5.644930
5.595540
5.620400
5.637010
5.643150
5.531710
5.741030
5.607390
5.664650
5.520530
5.771920
5.732680
5.644930
5.659370
5.675160
5.626670
5.670930
5.641680
5.685290
5.551040
5.639740
5.721790
5.596930
5.576950
5.598100
5.631230
5.691910
5.661420
5.712400
5.573840
5.619180
5.713030
5.597200
5.677050
5.753210
5.645180
5.541380
5.720100
5.653320
5.681250
5.665750
5.626970
5.601140
5.580170
5.626080
5.808490
5.673330
5.728690
5.642080
5.649090
5.623020
5.709930
5.784160
5.551650
5.720690
5.700780
5.608430
5.737420
5.644450
5.678470
5.608760
5.774030
5.579280
5.691170
5.495770
5.627070
5.690740
5.698870
5.618890
5.637760
5.693020
5.515070
5.735700
5.737010
5.737310
5.576320
5.651220
5.633490
5.653490
5.565870
5.744970
5.753590
5.785130
5.671000
5.705910
5.714720
5.617160
5.753430
5.712670
5.727850
5.590100
5.751010
5.572760
5.634200
5.688600
5.699650
5.702440
5.507290
5.621520
5.652940
5.643620
5.564300
5.671480
5.558990
5.731890
5.725080
5.714100
5.527000
5.657890
5.682400
5.687760
5.667310
5.618810
5.648380
5.571060
5.647480
5.719230
5.623380
5.713460
5.642710
5.543640
5.583470
5.561880
5.674840
5.671700
5.619730
5.846760
5.639840
5.713680
5.617650
5.602200
5.605690
5.597570
5.732090
5.583990
5.778880
5.643010
5.655790
5.484150
5.702340
5.727120
5.602010
5.526300
5.671380
5.614160
5.683470
5.632540
5.637670
5.591930
5.660310
5.677650
5.668680
5.631980
5.686460
5.800080
5.696220
5.644650
5.654930
5.709750
5.572310
5.595840
5.626150
5.683040
5.628950
5.771410
5.689020
5.618290
5.623320
5.571000
5.689360
5.752680
5.696200
5.715610
5.649270
5.605730
5.524930
5.666210
5.506610
5.626070
5.715420
5.651860
5.674610
5.646180
5.599420
5.754730
5.738220
5.586200
5.648400
5.612820
5.601320
5.777530
5.744990
5.607480
5.634120
5.704760
5.603630
5.624560
5.684350
5.645650
5.711030
5.634020
5.638670
5.685610
5.675050
5.626970
5.712430
5.724080
5.716590
5.676900
5.608950
5.628970
5.723240
5.710660
5.578080
5.537850
5.587450
5.659520
5.646560
5.686320
5.609860
5.631360
5.623640
5.654040
5.737040
5.642910
5.647260
5.698450
5.711480
5.862520
5.501390
5.604380
5.627130
5.669190
5.638100
5.650990
5.732420
5.708480
5.595370
5.641610
5.605340
5.652150
5.735840
5.638940
5.724430
5.757270
5.701210
5.651430
5.755340
5.705800
5.684610
5.742070
5.800940
5.637910
5.640020
5.661150
5.689270
5.686460
5.640830
5.682770
5.696960
5.786190
5.528070
5.614130
5.658480
5.687220
5.640360
5.621780
5.672910
5.741580
5.695530
5.686690
5.658560
5.661640
5.754290
5.633950
5.683210
5.527500
5.491640
5.712360
5.725400
5.711050
5.670700
5.680450
5.592990
5.592810
5.656650
5.738260
5.648660
5.675260
5.627790
5.570600
5.670200
5.637070
5.529600
5.735170
5.607600
5.633820
5.637560
5.685850
5.673240
5.717550
5.741660
5.640710
5.706600
5.731860
5.562790
5.562480
5.645140
5.717730
5.665040
5.631990
5.722790
5.634150
5.712300
5.617710
5.628670
5.584420
5.730400
5.753140
5.668150
5.545460
5.775430
5.652620
5.669870
5.754170
5.698910
5.551280
5.635860
5.713280
5.668080
5.690830
5.701980
5.636210
5.647950
5.675990
5.789700
5.628340
5.745480
5.582590
5.648880
5.696100
5.647660
5.723520
5.692920
5.729910
5.580140
5.681130
5.745120
5.703360
5.587940
5.692410
5.666890
5.604900
5.599160
5.716420
5.711000
5.691860
5.758260
5.627020
5.669510
5.682730
5.559760
5.514820
5.650590
5.642410
5.551490
5.666960
5.621270
5.637000
5.750190
5.632050
5.656590
5.741220
5.633020
5.692840
5.627470
5.732280
5.632480
5.601240
5.709860
5.544390
5.644960
5.680130
5.604370
5.661050
5.740910
5.591310
5.611250
5.583100
5.702810
5.656010
5.726640
5.678190
5.599780
5.633710
5.716930
5.687660
5.646910
5.573270
5.746720
5.675760
5.784780
5.582150
5.635070
5.739300
5.641570
5.613460
5.603470
5.636070
5.755750
5.748790
5.635370
5.734250
5.737120
5.647160
5.637970
5.729180
5.640990
5.662550
5.653750
5.631080
5.626000
5.628370
5.632050
5.631430
5.615560
5.599540
5.589820
5.681670
5.547260
5.661510
5.728960
5.666190
5.682480
5.612830
5.674860
5.597360
5.669610
5.635320
5.607050
5.584120
5.648730
5.680570
5.564400
5.695050
5.684900
5.697930
5.674480
5.761330
5.665140
5.542360
5.758130
5.576330
5.636100
5.636670
5.665840
5.676730
5.736500
5.643370
5.767730
5.667750
5.787970
5.564710
5.699580
5.531590
5.607970
5.667500
5.641060
5.628360
5.675400
5.602790
5.564450
5.584920
5.683320
5.529780
5.630680
5.555180
5.606760
5.568850
5.660780
5.707180
5.600570
5.691700
5.560160
5.558110
5.665200
5.690120
5.604730
5.686660
5.686640
5.754790
5.719400
5.643520
5.585360
5.692540
5.606790
5.653360
5.616670
5.690580
5.659860
5.616120
5.599530
5.795850
5.713030
5.620830
5.765240
5.688910
5.692590
5.626650
5.719950
5.831890
5.687420
5.641830
5.672690
5.742540
5.725480
5.795380
5.585660
5.754730
5.669200
5.575500
5.817220
5.684370
5.650320
5.687900
5.633990
5.648550
5.624370
5.523520
5.593800
5.645770
5.652270
5.616820
5.691000
5.607460
5.577960
5.656340
5.614710
5.556320
5.658850
5.688560
5.666110
5.666560
5.679450
5.611870
5.669790
5.615360
5.596990
5.753680
5.643030
5.710760
5.784160
5.577020
5.576260
5.653570
5.667430
5.657100
5.678240
5.742730
5.718310
5.738590
5.603300
5.617230
5.609300
5.714490
5.663250
5.691980
5.704120
5.668910
5.659350
5.599550
5.693200
5.639640
5.580220
5.675140
5.648310
5.737590
5.695620
5.589470
5.666430
5.616120
5.657250
5.612430
5.636200
5.784840
5.726250
5.700080
5.547090
5.602930
5.579490
5.699050
5.723100
5.660770
5.686360
5.638750
5.722090
5.717280
5.652920
5.699880
5.643300
5.716290
5.594820
5.577250
5.664560
5.494920
5.610910
5.630910
5.589090
5.675800
5.789760
5.621450
5.719590
5.659790
5.742000
5.573930
5.661600
5.656470
5.620430
5.560440
5.682420
5.701480
5.664180
5.707790
5.784190
5.631200
5.635920
5.645380
5.701380
5.658690
5.744910
5.523980
5.818710
5.633360
5.643290
5.591500
5.680110
5.664790
5.714490
5.648000
5.573410
5.823530
5.625910
5.757240
5.625530
5.588640
5.434240
5.536520
5.709080
5.667610
5.673850
5.740190
5.616020
5.551660
5.624160
5.599480
5.668150
5.608650
5.681400
5.644650
5.579360
5.786550
5.598620
5.651630
5.638870
5.619260
5.617330
5.672590
5.572130
5.687430
5.624790
5.634190
5.650110
5.657960
5.495390
5.507850
5.641790
5.650080
5.615740
5.626470
5.822010
5.683670
5.613320
5.742490
5.706650
5.683060
5.731870
5.688340
5.749490
5.807960
5.615960
5.627040
5.708100
5.565290
5.583440
5.626170
5.627010
5.584410
5.718540
5.697560
5.624930
5.594690
5.650410
5.609330
5.706860
5.720770
5.652720
5.564680
5.761700
5.602190
5.634780
5.531170
5.638260
5.750630
5.694250
5.611110
5.559650
5.702160
5.676910
5.552860
5.773550
5.603580
5.660490
5.643820
5.577290
5.691310
5.565840
5.865420
5.652390
5.692530
5.686360
5.618220
5.583170
5.607760
5.697290
5.598950
5.714640
5.567160
5.703600
5.851680
5.567540
5.643390
5.636420
5.590620
5.628860
5.547520
5.579130
5.695120
5.729290
5.729180
5.688820
5.600060
5.565080
5.672910
5.675520
5.673540
5.632350
5.601540
5.588340
5.637940
5.671220
5.657670
5.690880
5.711570
5.710430
5.727230
5.569190
5.663800
5.735550
5.615780
5.558780
5.669050
5.584380
5.614620
5.610170
5.609410
5.696280
5.712380
5.659270
5.662480
5.709260
5.624600
5.744630
5.629640
5.755510
5.708650
5.680080
5.585580
5.566230
5.632090
5.560950
5.742410
5.566890
5.640150
5.608040
5.656190
5.710310
5.743530
5.658290
5.768720
5.671230
5.667080
5.636330
5.601890
5.706940
5.644420
5.666300
5.551680
5.669990
5.618720
5.593930
5.687830
5.738420
5.633930
5.621020
5.722840
5.726350
5.610840
5.620140
5.528940
5.724390
5.631520
5.652810
5.562480
5.628090
5.657120
5.663720
5.643040
5.723900
5.666890
5.694900
5.708470
5.663930
5.530350
5.634630
5.670160
5.531770
5.617780
5.714940
5.685750
5.689150
5.615770
5.638070
5.649770
5.591220
5.653640
5.573910
5.690970
5.683730
5.817500
5.718120
5.720820
5.697670
5.501820
5.550140
5.667570
5.709610
5.563440
5.615050
5.813240
5.713660
5.612240
5.601440
5.803720
5.618550
5.755960
5.641670
5.620090
5.675540
5.756650
5.709920
5.609540
5.697270
5.753380
5.600100
5.583190
5.686690
5.765660
5.638280
5.661660
5.660460
5.749010
5.577330
5.679760
5.701470
5.686460
5.767620
5.661030
5.606520
5.683760
5.498050
5.705260
5.566030
5.600830
5.658300
5.672500
5.625600
5.579900
5.701080
5.647170
5.745360
5.746470
5.637610
5.628760
5.717950
5.748420
5.725560
5.731030
5.798940
5.603140
5.608830
5.544480
5.660740
5.627000
5.523050
5.742800
5.780990
5.660730
5.775500
5.649080
5.704500
5.726030
5.694080
5.633330
5.554270
5.659440
5.703940
5.681930
5.655570
5.659790
5.590100
5.721440
5.581950
5.632930
5.668010
5.697120
5.681260
5.643260
5.792910
5.627130
5.665190
5.587800
5.658390
5.631500
5.588030
5.605220
5.648790
5.644790
5.685130
5.734190
5.745310
5.620390
5.516010
5.687230
5.699030
5.697000
5.628490
5.610240
5.704590
5.598780
5.644730
5.733730
5.739180
5.601540
5.676930
5.601650
5.616890
5.657570
5.620100
5.653830
5.759930
5.721860
5.695580
5.645300
5.622820
5.737720
5.593430
5.769500
5.562800
5.633100
5.793200
5.621290
5.591080
5.595580
5.504550
5.651340
5.630480
5.622840
5.657500
5.617710
5.529370
5.631170
5.722750
5.613520
5.722130
5.595230
5.616590
5.691120
5.528380
5.632740
5.688950
5.795350
5.593630
5.660380
5.504710
5.755120
5.720200
5.612040
5.606140
5.616500
5.704910
5.618050
5.610220
5.616510
5.616610
5.665040
5.741040
5.701200
5.760350
5.697900
5.753020
5.649050
5.779980
5.579330
5.603380
5.647820
5.678210
5.549170
5.686270
5.533940
5.744290
5.756420
5.687890
5.584610
5.638000
5.610480
5.640560
5.676800
5.536420
5.585520
5.600300
5.657330
5.511210
5.656670
5.645080
5.674930
5.706480
5.639040
5.676740
5.663390
5.714290
5.664200
5.676290
5.719160
5.654860
5.595930
5.677160
5.540960
5.721670
5.654110
5.591590
5.656100
5.605170
5.647150
5.682200
5.630870
5.818850
5.662410
5.712900
5.591750
5.617020
5.632170
5.653900
5.563230
5.632590
5.705240
5.651510
5.572550
5.668090
5.724730
5.586790
5.689970
5.687930
5.584160
5.624030
5.620380
5.699140
5.642030
5.571140
5.536510
5.573850
5.588650
5.619770
5.658950
5.622480
5.799810
5.676340
5.644940
5.676850
5.656460
5.591170
5.698400
5.459730
5.575200
5.666170
5.748950
5.744400
5.580700
5.630910
5.652310
5.722050
5.665640
5.721320
5.570710
5.740970
5.550670
5.636210
5.628660
5.636150
5.639690
5.619110
5.807600
5.745310
5.711240
5.723810
5.731040
5.661300
5.564750
5.836360
5.594830
5.681390
5.717690
5.764140
5.650180
5.632370
5.633390
5.699840
5.647580
5.729470
5.710630
5.844210
5.704050
5.676790
5.583100
5.618440
5.669510
5.560250
5.742260
5.698650
5.629830
5.774540
5.683000
5.691030
5.781390
5.616120
5.589810
5.733750
5.649440
5.659190
5.643730
5.701880
5.704130
5.574070
5.611760
5.690270
5.642990
5.693690
5.627100
5.754630
5.725500
5.732340
5.752700
5.604610
5.672940
5.668370
5.650540
5.726350
5.662990
5.718260
5.621020
5.689020
5.500370
5.645670
5.675160
5.604210
5.610660
5.663090
5.665890
5.614430
5.536790
5.704750
5.683330
5.641870
5.652530
5.630020
5.544510
5.708060
5.709150
5.672870
5.737230
5.703210
5.774730
5.693590
5.761320
5.693510
5.654740
5.581900
5.610460
5.597490
5.650090
5.648760
5.684550
5.741950
5.787260
5.644310
5.658540
5.692460
5.764730
5.678220
5.654250
5.672550
5.660010
5.665840
5.586180
5.652780
5.677060
5.707780
5.659290
5.614430
5.762450
5.651270
5.625950
5.673540
5.647560
5.595030
5.593770
5.656120
5.680260
5.626940
5.643830
5.599980
5.621070
5.677010
5.644820
5.575940
5.584030
5.709890
5.626710
5.676290
5.686020
5.656880
5.689340
5.675150
5.697600
5.671420
5.519900
5.664850
5.671500
5.603140
5.630750
5.744210
5.737590
5.665710
5.628510
5.619440
5.684090
5.590980
5.586850
5.737980
5.656650
5.734860
5.651300
5.566340
5.636590
5.651670
5.546240
5.682720
5.716390
5.580590
5.592870
5.727770
5.614130
5.623690
5.624800
5.702600
5.684360
5.658960
5.724990
5.722420
5.681870
5.628430
5.644680
5.679360
5.743260
5.670900
5.580020
5.691900
5.564280
5.675530
5.614080
5.515040
5.682890
5.746720
5.612640
5.544940
5.636760
5.659070
5.618370
5.625290
5.731910
5.701360
5.687350
5.702380
5.638380
5.708890
5.687130
5.645390
5.694750
5.577020
5.578750
5.656270
5.718740
5.680820
5.679060
5.640810
5.605790
5.708880
5.651770
5.784570
5.669690
5.633520
5.549790
5.682410
5.654890
5.645440
5.694660
5.616960
5.661900
5.712910
5.734580
5.642300
5.746750
5.722060
5.728650
5.725190
5.598480
5.499290
5.683630
5.777250
5.653560
5.585540
5.665920
5.766160
5.774440
5.593950
5.620600
5.670520
5.628270
5.739760
5.568610
5.609230
5.588270
5.653420
5.692160
5.670300
5.640800
5.651130
5.751710
5.671840
5.653960
5.661210
5.734850
5.544330
5.670160
5.712350
5.634200
5.610270
5.651900
5.680300
5.701900
5.615390
5.755500
5.596230
5.746230
5.698710
5.668440
5.618570
5.669470
5.588230
5.714660
5.687540
5.629920
5.690410
5.665180
5.597850
5.625180
5.602820
5.749080
5.611660
5.676710
5.618690
5.612640
5.682580
5.647150
5.517250
5.672690
5.640410
5.680060
5.688690
5.649970
5.712590
5.625810
5.643420
5.650780
5.485460
5.634130
5.726660
5.682340
5.714920
5.681960
5.635380
5.664070
5.804530
5.769840
5.690330
5.595290
5.612600
5.726010
5.573890
5.684900
5.750630
5.655220
5.518720
5.707200
5.666780
5.632800
5.790590
5.715920
5.601510
5.595610
5.691880
5.545440
5.618130
5.500430
5.749980
5.647870
5.669960
5.691040
5.667420
5.779190
5.596280
5.522060
5.631470
5.644840
5.617940
5.727320
5.662790
5.575460
5.619990
5.539620
5.665700
5.711660
5.476380
5.733690
5.580250
5.662970
5.686320
5.608820
5.652390
5.630390
5.719850
5.620480
5.575630
5.627830
5.653040
5.823840
5.588900
5.704490
5.700310
5.646620
5.679810
5.601750
5.762200
5.662800
5.575890
5.760430
5.675480
5.668350
5.671960
5.643950
5.720110
5.571380
5.593700
5.659070
5.719460
5.673300
5.751200
5.604750
5.647170
5.622040
5.698140
5.631660
5.704910
5.637570
5.700440
5.575040
5.708030
5.687580
5.506010
5.680940
5.704230
5.617220
5.716140
5.656160
5.680190
5.729900
5.708710
5.572550
5.671670
5.604150
5.759340
5.798990
5.594790
5.722010
5.545280
5.586030
5.574970
5.775570
5.680470
5.656700
5.641060
5.732480
5.676780
5.641270
5.510440
5.655040
5.708010
5.591140
5.755380
5.644780
5.667330
5.654130
5.484270
5.739510
5.571920
5.600850
5.573200
5.645800
5.747520
5.611920
5.664590
5.559640
5.712890
5.628290
5.708380
5.586880
5.599800
5.742650
5.757720
5.703620
5.546070
5.759520
5.611670
5.730180
5.678510
5.708730
5.854710
5.624810
5.603840
5.642180
5.647100
5.642180
5.740600
5.603930
5.686720
5.536960
5.669630
5.730820
5.702240
5.669980
5.674310
5.641400
5.717970
5.632960
5.807130
5.693110
5.669960
5.627310
5.700910
5.645400
5.646190
5.738260
5.585090
5.735500
5.767630
5.665350
5.676530
5.658300
5.646790
5.732200
5.654010
5.537310
5.605660
5.466110
5.551220
5.634760
5.738240
5.547000
5.718940
5.660920
5.610130
5.743280
5.586330
5.639910
5.620760
5.642500
5.636530
5.779440
5.695210
5.675950
5.724580
5.769780
5.742230
5.598010
5.694870
5.601250
5.558850
5.609210
5.781750
5.807280
5.694270
5.689760
5.614420
5.507660
5.631440
5.762450
5.664040
5.540610
5.593620
5.671280
5.654660
5.754860
5.664340
5.628790
5.712220
5.535210
5.739880
5.637850
5.674480
5.572830
5.669330
5.721730
5.732800
5.778600
5.707460
5.768970
5.805070
5.603620
5.724970
5.617440
5.574140
5.606330
5.738680
5.543330
5.627150
5.760060
5.579200
5.654010
5.592140
5.638660
5.584410
5.694450
5.677880
5.588740
5.656190
5.649000
5.721060
5.695820
5.786110
5.665930
5.619340
5.533870
5.668670
5.702130
5.645040
5.711840
5.684600
5.599100
5.633610
5.640010
5.590140
5.659590
5.695600
5.612870
5.746660
5.619910
5.685120
5.680740
5.763870
5.637580
5.753360
5.625080
5.623880
5.567030
5.683610
5.626930
5.696790
5.684060
5.670330
5.683690
5.584850
5.664900
5.630420
5.639330
5.666370
5.698660
5.706380
5.727300
5.638740
5.704880
5.667730
5.655440
5.640940
5.711790
5.667510
5.653770
5.649700
5.706760
5.625470
5.620910
5.731620
5.614580
5.601560
5.653180
5.624230
5.614240
5.773980
5.673030
5.832610
5.766620
5.800640
5.638740
5.677240
5.629290
5.725390
5.610990
5.694100
5.748130
5.737320
5.682520
5.641890
5.640880
5.709260
5.752690
5.587930
5.775690
5.656330
5.643060
5.550380
5.705000
5.589360
5.829920
5.589730
5.645030
5.570330
5.801670
5.620710
5.605530
5.716240
5.603140
5.553070
5.610550
5.631460
5.662000
5.659320
5.739370
5.641990
5.793690
5.553690
5.688420
5.589070
5.724070
5.580620
5.674510
5.826910
5.758660
5.573090
5.736520
5.694590
5.639220
5.563140
5.715040
5.720330
5.682290
5.675980
5.672990
5.604790
5.623950
5.700530
5.698970
5.673420
5.669310
5.674460
5.714270
5.604240
5.677940
5.677580
5.734930
5.595250
5.569630
5.643650
5.709400
5.698350
5.702770
5.711220
5.665420
5.743950
5.650170
5.851880
5.699590
5.656190
5.626700
5.639920
5.705910
5.694720
5.647740
5.782210
5.634330
5.720480
5.645190
5.694170
5.664690
5.656230
5.729270
5.688100
5.612980
5.653360
5.647030
5.642970
5.709490
5.616370
5.614510
5.675450
5.715020
5.668150
5.619360
5.590210
5.755060
5.674990
5.622030
5.741670
5.695960
5.813130
5.630260
5.591840
5.666840
5.714690
5.755120
5.740940
5.605180
5.660550
5.649120
5.687750
5.649650
5.653680
5.644400
5.717160
5.675950
5.702610
5.536300
5.644230
5.555930
5.649590
5.662640
5.629080
5.568230
5.611830
5.587140
5.533920
5.484320
5.670100
5.574170
5.606680
5.646940
5.788650
5.691530
5.586400
5.676670
5.509950
5.613790
5.668250
5.564320
5.612940
5.654920
5.631430
5.669490
5.661360
5.709440
5.656770
5.769410
5.601060
5.620390
5.619990
5.550460
5.669310
5.693320
5.628270
5.766370
5.681920
5.620780
5.787260
5.583680
5.746810
5.546450
5.639760
5.613350
5.679790
5.672190
5.649280
5.675100
5.656390
5.660850
5.737620
5.626050
5.599570
5.684590
5.646270
5.528990
5.531320
5.627840
5.697190
5.730250
5.643950
5.615530
5.749480
5.578220
5.682670
5.790900
5.603400
5.630050
5.630170
5.713540
5.748340
5.620870
5.556060
5.679390
5.624820
5.576050
5.620060
5.719070
5.727160
5.638850
5.628500
5.727180
5.695840
5.626690
5.705720
5.656670
5.552940
5.622450
5.646040
5.753280
5.701390
5.714480
5.651520
5.664520
5.732630
5.599460
5.670370
5.604640
5.759140
5.645320
5.603080
5.753740
5.656660
5.678630
5.655220
5.583920
5.622080
5.691780
5.552860
5.728650
5.618330
5.582200
5.673100
5.707420
5.728730
5.758860
5.791790
5.619850
5.621880
5.651400
5.685200
5.707930
5.668910
5.633590
5.596790
5.589970
5.582700
5.719440
5.595820
5.681260
5.570720
5.577020
5.641600
5.624750
5.541070
5.661240
5.696000
5.726940
5.721400
5.699730
5.749940
5.653920
5.695310
5.473170
5.528450
5.697340
5.657740
5.567900
5.641850
5.682850
5.683530
5.645180
5.680980
5.685590
5.603920
5.663460
5.732890
5.721790
5.799440
5.622230
5.595840
5.655620
5.630290
5.764240
5.543450
5.698250
5.646100
5.472570
5.671860
5.607170
5.522690
5.652860
5.648290
5.677700
5.708070
5.619900
5.626850
5.657190
5.643410
5.709050
5.529710
5.644300
5.734500
5.720660
5.687010
5.676740
5.601620
5.681070
5.737230
5.752710
5.708080
5.687030
5.680080
5.691720
5.696640
5.640540
5.705960
5.606810
5.595340
5.675430
5.571520
5.617910
5.661170
5.641360
5.563620
5.633750
5.704170
5.778490
5.666400
5.700550
5.805760
5.513810
5.636180
5.621600
5.683610
5.742680
5.759020
5.548980
5.600860
5.549050
5.762470
5.732720
5.445500
5.784190
5.594270
5.697840
5.721890
5.602980
5.597690
5.607210
5.791770
5.737870
5.662890
5.696900
5.602010
5.627710
5.594800
5.667400
5.580080
5.738580
5.645220
5.541600
5.722180
5.631850
5.775440
5.774780
5.652690
5.634130
5.657570
5.600760
5.552400
5.592020
5.677280
5.640620
5.656350
5.695480
5.564580
5.600760
5.687500
5.728410
5.674340
5.651150
5.612990
5.639340
5.614990
5.506990
5.716190
5.656030
5.598300
5.660200
5.824700
5.646820
5.518240
5.710920
5.784990
5.722740
5.589290
5.570920
5.714580
5.607130
5.622980
5.606870
5.677010
5.662770
5.702080
5.669210
5.509100
5.640620
5.691940
5.597950
5.701330
5.700760
5.730750
5.640820
5.635680
5.730750
5.573000
5.549240
5.632590
5.699270
5.608630
5.714700
5.733000
5.675630
5.682600
5.651230
5.677160
5.487980
5.696310
5.548330
5.652010
5.617810
5.658580
5.703520
5.682190
5.607140
5.724270
5.687110
5.756900
5.669920
5.754130
5.710700
5.718440
5.587270
5.629170
5.654670
5.736540
5.608420
5.730720
5.682900
5.665620
5.511890
5.712630
5.755030
5.702710
5.567820
5.748630
5.680150
5.633440
5.607300
5.601420
5.610890
5.755640
5.624830
5.711010
5.622550
5.513380
5.565640
5.626440
5.708290
5.708990
5.727020
5.564370
5.670710
5.737320
5.552270
5.713020
5.664020
5.613070
5.610820
5.684460
5.623030
5.691390
5.710730
5.708060
5.822020
5.809670
5.720720
5.682110
5.602050
5.744560
5.648330
5.500240
5.697910
5.627080
5.588300
5.683100
5.730270
5.539180
5.617580
5.692680
5.647410
5.790220
5.631300
5.673360
5.632790
5.620760
5.620690
5.709460
5.582600
5.640190
5.718630
5.645510
5.509920
5.702320
5.644420
5.596780
5.811500
5.612610
5.618860
5.638030
5.693680
5.653380
5.651760
5.625320
5.597970
5.711250
5.747970
5.646440
5.652180
5.640290
5.482850
5.581370
5.610380
5.578330
5.697900
5.600430
5.588990
5.738620
5.691280
5.608490
5.670250
5.751500
5.592140
5.677600
5.590840
5.558210
5.621780
5.658440
5.701180
5.653110
5.684800
5.652880
5.768800
5.590050
5.635670
5.633880
5.648810
5.714210
5.674590
5.697450
5.770530
5.628300
5.663270
5.579900
5.666210
5.635020
5.618460
5.643240
5.636870
5.675150
5.680930
5.676110
5.714540
5.648110
5.770930
5.702240
5.609830
5.767310
5.672020
5.652280
5.612660
5.660000
5.645580
5.680190
5.727200
5.598130
5.699640
5.688090
5.760420
5.644630
5.718480
5.664030
5.731370
5.665760
5.530320
5.642050
5.663190
5.668070
5.627160
5.664340
5.741360
5.728930
5.674780
5.747110
5.700450
5.638090
5.722460
5.817050
5.606560
5.632240
5.691410
5.680160
5.631030
5.612960
5.715250
5.621640
5.756150
5.678690
5.600740
5.573410
5.672110
5.527470
5.672820
5.629890
5.705790
5.631770
5.620650
5.630200
5.462030
5.607700
5.679630
5.704570
5.701640
5.615570
5.748480
5.711460
5.727130
5.683240
5.651700
5.569530
5.699510
5.717310
5.563330
5.641330
5.748570
5.635030
5.614560
5.574730
5.709240
5.631160
5.741920
5.557480
5.588800
5.588080
5.666970
5.694350
5.702270
5.854150
5.679430
5.616710
5.605200
5.696170
5.808150
5.752950
5.764320
5.824640
5.588130
5.627980
5.678730
5.702720
5.595750
5.605040
5.628380
5.684520
5.608840
5.732370
5.725090
5.658520
5.676100
5.765200
5.728770
5.654420
5.710980
5.657360
5.730680
5.592910
5.613910
5.663430
5.600250
5.679280
5.681210
5.625140
5.637390
5.618070
5.675210
5.523730
5.592150
5.758220
5.658790
5.728990
5.594980
5.596920
5.675370
5.765900
5.643920
5.710080
5.568360
5.714540
5.751810
5.640680
5.651190
5.719070
5.721940
5.630150
5.632950
5.689490
5.729510
5.675050
5.621750
5.565810
5.694470
5.584570
5.586960
5.703660
5.608010
5.684330
5.751510
5.671360
5.755940
5.732940
5.624310
5.760590
5.593410
5.586830
5.741360
5.739790
5.698290
5.692960
5.708310
5.601550
5.671550
5.788810
5.599770
5.683000
5.703800
5.638610
5.768700
5.709710
5.685980
5.699820
5.705820
5.604600
5.788540
5.787400
5.648270
5.633790
5.639790
5.664120
5.619300
5.669560
5.666930
5.648870
5.812060
5.585550
5.677530
5.685670
5.758200
5.707190
5.692600
5.609850
5.625580
5.782480
5.505770
5.652600
5.659710
5.675490
5.676530
5.705690
5.619480
5.644920
5.596880
5.548580
5.578660
5.565950
5.682150
5.737330
5.638400
5.606670
5.754500
5.633280
5.607220
5.818870
5.669040
5.522050
5.683880
5.811250
5.626820
5.689440
5.540930
5.623060
5.712500
5.718770
5.655800
5.741270
5.721050
5.553090
5.645670
5.628200
5.619990
5.665430
5.702950
5.657750
5.717680
5.616440
5.711400
5.760460
5.737770
5.759840
5.678080
5.632620
5.653320
5.558880
5.623050
5.727520
5.503990
5.678960
5.753300
5.753440
5.668130
5.592180
5.633320
5.555250
5.656900
5.686900
5.763230
5.699290
5.683230
5.512420
5.644150
5.551110
5.538520
5.665890
5.610440
5.736080
5.615850
5.647500
5.683880
5.570160
5.670780
5.712670
5.752100
5.677000
5.689990
5.723490
5.640020
5.653270
5.671350
5.725730
5.717340
5.662200
5.667710
5.692290
5.732830
5.804140
5.775210
5.658080
5.683940
5.747700
5.586790
5.642720
5.734450
5.745250
5.673500
5.678280
5.711120
5.552010
5.610310
5.592580
5.583760
5.739770
5.586020
5.660870
5.603230
5.695610
5.708950
5.662300
5.683670
5.757930
5.705950
5.515010
5.612880
5.660360
5.807620
5.669500
5.632080
5.622400
5.631000
5.618470
5.774790
5.608480
5.597000
5.758180
5.676990
5.705140
5.588130
5.595370
5.597730
5.684730
5.649340
5.744980
5.644170
5.659530
5.603710
5.621620
5.633120
5.738930
5.689700
5.767590
5.699730
5.571360
5.644390
5.738550
5.763540
5.617610
5.753660
5.529140
5.761190
5.639700
5.641550
5.738460
5.586600
5.570840
5.660620
5.543360
5.609980
5.586890
5.460190
5.613760
5.575910
5.665010
5.575380
5.656100
5.641060
5.703410
5.658930
5.576820
5.637330
5.571270
5.788960
5.703780
5.637850
5.596500
5.754900
5.663570
5.658680
5.719760
5.631130
5.615690
5.631180
5.555700
5.744530
5.623920
5.732090
5.720740
5.728770
5.721610
5.631220
5.550360
5.791730
5.509460
5.624900
5.567610
5.592500
5.681260
5.625930
5.732620
5.694410
5.656680
5.612220
5.654610
5.771990
5.638440
5.631410
5.610720
5.576120
5.646460
5.591920
5.626110
5.688650
5.569500
5.604060
5.617430
5.618000
5.596020
5.653600
5.591270
5.686760
5.692900
5.739140
5.662880
5.694580
5.572510
5.729590
5.777410
5.593440
5.719580
5.623310
5.708760
5.619170
5.619540
5.696010
5.732510
5.709130
5.529400
5.668900
5.646790
5.626610
5.615690
5.643570
5.592690
5.722920
5.549640
5.585650
5.553430
5.699470
5.655450
5.646460
5.633480
5.685140
5.696540
5.760380
5.672940
5.594940
5.687020
5.798830
5.572240
5.613180
5.666480
5.489300
5.661710
5.498530
5.574420
5.645870
5.662620
5.592540
5.723510
5.615500
5.696500
5.619850
5.722650
5.600040
5.645170
5.684230
5.697610
5.614510
5.665510
5.604270
5.690460
5.625730
5.675290
5.623730
5.714060
5.592810
5.631080
5.658100
5.610570
5.551210
5.644740
5.773840
5.572360
5.638660
5.628400
5.641150
5.605990
5.603940
5.629100
5.666550
5.694620
5.601160
5.566830
5.590370
5.648020
5.734860
5.680640
5.648000
5.708170
5.674080
5.687920
5.627600
5.676870
5.608730
5.567110
5.659980
5.705550
5.616570
5.757170
5.657930
5.554070
5.715480
5.682970
5.656620
5.635940
5.690580
5.674030
5.710340
5.636760
5.681840
5.598860
5.668590
5.700240
5.590270
5.565370
5.610280
5.715470
5.664070
5.610150
5.678180
5.688910
5.653730
5.611520
5.671080
5.626390
5.593540
5.649530
5.705310
5.700160
5.563370
5.642390
5.649280
5.727650
5.633410
5.523230
5.705710
5.547470
5.629470
5.632320
5.638570
5.707230
5.712790
5.710790
5.684840
5.689950
5.775820
5.712990
5.788020
5.612940
5.735790
5.649230
5.589560
5.591250
5.653200
5.821870
5.585130
5.618240
5.576980
5.667200
5.564270
5.591390
5.609800
5.657720
5.595830
5.651040
5.653850
5.630790
5.748120
5.699650
5.609350
5.606070
5.626630
5.627130
5.665050
5.658660
5.588290
5.745000
5.770460
5.571660
5.492740
5.640170
5.766030
5.577680
5.600030
5.593110
5.746530
5.633900
5.622400
5.662080
5.681430
5.555470
5.529740
5.723500
5.740830
5.700960
5.676920
5.644150
5.596660
5.605410
5.633620
5.550820
5.794240
5.561670
5.676570
5.703800
5.713710
5.712840
5.576810
5.655260
5.537420
5.764050
5.669120
5.676490
5.616350
5.692040
5.730740
5.614000
5.699100
5.694460
5.674630
5.673750
5.717310
5.632720
5.746530
5.510480
5.580780
5.730390
5.720030
5.698180
5.653040
5.685880
5.629940
5.690210
5.679840
5.714140
5.707400
5.579180
5.589220
5.733160
5.578900
5.696180
5.672980
5.723640
5.592560
5.661930
5.702280
5.639000
5.641000
5.671320
5.739180
5.608000
5.604310
5.708240
5.638240
5.600600
5.638660
5.722580
5.535390
5.612240
5.557490
5.676210
5.713250
5.715390
5.702390
5.640360
5.614060
5.588220
5.575440
5.643300
5.680920
5.697850
5.655650
5.636470
5.632140
5.698900
5.534520
5.575730
5.681890
5.605430
5.604030
5.667540
5.606980
5.598200
5.702880
5.664210
5.654620
5.553150
5.664580
5.642680
5.608680
5.679420
5.649820
5.633400
5.643030
5.642730
5.583420
5.655500
5.669590
5.602030
5.535310
5.570550
5.600240
5.642030
5.584990
5.670740
5.607380
5.646080
5.699940
5.665540
5.711300
5.788480
5.661050
5.652600
5.702050
5.545970
5.650350
5.633300
5.587750
5.635310
5.685000
5.686790
5.515190
5.721820
5.693640
5.673780
5.579640
5.637700
5.714070
5.756320
5.717070
5.625260
5.705590
5.620830
5.699090
5.618360
5.643900
5.731670
5.676020
5.601300
5.641650
5.661670
5.729900
5.613980
5.583010
5.649690
5.677120
5.618560
5.556440
5.762970
5.733120
5.640350
5.737540
5.537910
5.658170
5.557030
5.671490
5.664680
5.529760
5.675410
5.616940
5.546760
5.583630
5.613310
5.631510
5.637080
5.767390
5.688830
5.647500
5.696590
5.699870
5.618890
5.597340
5.651130
5.675380
5.676310
5.517720
5.543670
5.611850
5.742500
5.809480
5.693660
5.730610
5.709490
5.585820
5.663670
5.592180
5.665660
5.698230
5.672810
5.631360
5.701010
5.665280
5.700810
5.678770
5.570410
5.614340
5.640200
5.552980
5.647350
5.669470
5.669950
5.657460
5.679550
5.602270
5.654170
5.691010
5.622030
5.641960
5.581240
5.687400
5.688490
5.586680
5.588480
5.621880
5.619670
5.597850
5.686470
5.887750
5.528830
5.540100
5.760030
5.586950
5.650570
5.655360
5.690010
5.647980
5.568330
5.711540
5.629200
5.744560
5.634150
5.620300
5.883570
5.668530
5.695360
5.628350
5.723810
5.759060
5.645080
5.634860
5.663820
5.657130
5.648510
5.677840
5.685870
5.738860
5.683080
5.758600
5.652350
5.712170
5.564420
5.689670
5.683940
5.647620
5.690860
5.661170
5.580060
5.597250
5.648180
5.449710
5.619160
5.542130
5.605500
5.594000
5.653350
5.677630
5.695010
5.656250
5.583510
5.656130
5.635230
5.665100
5.708080
5.677050
5.632370
5.612760
5.518090
5.606600
5.599320
5.675060
5.714480
5.744050
5.607160
5.661480
5.657290
5.724050
5.677800
5.647540
5.653880
5.825240
5.650130
5.697790
5.725050
5.632320
5.553100
5.669120
5.715180
5.667980
5.721920
5.564110
5.660490
5.608040
5.602440
5.747590
5.666360
5.638100
5.651490
5.630680
5.636160
5.771990
5.632130
5.478470
5.708870
5.581350
5.643140
5.697890
5.528510
5.661210
5.592690
5.520710
5.603450
5.568520
5.596020
5.646520
5.723130
5.726630
5.650160
5.762130
5.577850
5.645640
5.852800
5.678400
5.671790
5.664030
5.612030
5.696210
5.607610
5.781830
5.498540
5.740630
5.719750
5.662480
5.583920
5.666270
5.650070
5.702600
5.662940
5.813620
5.701330
5.622540
5.588210
5.665130
5.677610
5.557640
5.670040
5.691880
5.625220
5.705560
5.692750
5.706410
5.669930
5.597410
5.646330
5.679790
5.689260
5.703080
5.584860
5.755870
5.532510
5.549190
5.566060
5.712950
5.620500
5.619900
5.718980
5.656240
5.610920
5.636810
5.687890
5.667620
5.661190
5.686100
5.736560
5.673280
5.610710
5.639060
5.710190
5.616700
5.526580
5.579030
5.568040
5.612430
5.686730
5.675120
5.698190
5.713590
5.679550
5.725510
5.638720
5.646970
5.626690
5.695420
5.621570
5.584300
5.735350
5.734940
5.564480
5.787370
5.603600
5.676920
5.679740
5.727870
5.704140
5.649420
5.622740
5.715780
5.596190
5.651130
5.638900
5.667860
5.671920
5.546610
5.640480
5.638220
5.645800
5.735210
5.675560
5.656300
5.676670
5.689600
5.531100
5.631320
5.550140
5.684350
5.645910
5.679250
5.680450
5.625090
5.640330
5.676290
5.731520
5.730320
5.609880
5.692690
5.681310
5.663240
5.608290
5.608710
5.736870
5.551870
5.745340
5.673650
5.629420
5.710010
5.595750
5.632390
5.601930
5.733780
5.710950
5.658070
5.599790
5.700020
5.727610
5.741280
5.781390
5.626310
5.746930
5.694960
5.718170
5.658160
5.635170
5.676910
5.758510
5.771750
5.618030
5.588890
5.604790
5.648480
5.659760
5.674380
5.605210
5.666550
5.765810
5.707120
5.731020
5.776060
5.635330
5.657660
5.745530
5.809940
5.576490
5.607040
5.690770
5.635020
5.682000
5.613690
5.707830
5.712130
5.584100
5.522290
5.632940
5.500110
5.611210
5.637730
5.797540
5.680660
5.625700
5.631540
5.780000
5.683780
5.638320
5.568930
5.659810
5.601680
5.475320
5.736790
5.698590
5.639140
5.728370
5.583010
5.602660
5.701220
5.687370
5.661760
5.654390
5.666550
5.618290
5.637450
5.660250
5.705260
5.594550
5.650600
5.742950
5.757690
5.661620
5.714880
5.650670
5.613600
5.555560
5.645120
5.692590
5.647380
5.679820
5.594540
5.719290
5.626870
5.737550
5.684810
5.822800
5.802090
5.742730
5.819370
5.702420
5.593130
5.627140
5.689410
5.630800
5.515670
5.705960
5.506890
5.628480
5.646910
5.769680
5.609330
5.727800
5.738080
5.685700
5.665120
5.607190
5.678560
5.778310
5.551470
5.687890
5.594460
5.618270
5.583730
5.658750
5.857570
5.839480
5.638160
5.673430
5.552510
5.678440
5.630020
5.567840
5.692450
5.676240
5.667320
5.513510
5.718700
5.733500
5.601630
5.659800
5.658260
5.529310
5.641740
5.657050
5.680190
5.568700
5.608070
5.658510
5.653980
5.584430
5.726890
5.651360
5.825540
5.676340
5.630450
5.661240
5.583490
5.629720
5.714430
5.614340
5.594980
5.676450
5.719120
5.678520
5.668430
5.614320
5.700050
5.674910
5.703810
5.683750
5.842190
5.659820
5.635680
5.592520
5.662340
5.621710
5.714020
5.552930
5.638320
5.646300
5.613580
5.600620
5.618290
5.590750
5.719370
5.611270
5.629840
5.634940
5.608480
5.682830
5.614550
5.747680
5.675480
5.678520
5.672750
5.631720
5.624770
5.663290
5.596160
5.615030
5.597940
5.644660
5.645020
5.668490
5.781580
5.633640
5.701930
5.633720
5.581570
5.706610
5.695820
5.638590
5.793020
5.707060
5.658490
5.787840
5.684970
5.666380
5.683050
5.603200
5.689410
5.738640
5.549930
5.626590
5.651060
5.699380
5.503240
5.644960
5.653430
5.700760
5.590460
5.643430
5.712330
5.629200
5.619100
5.743740
5.673680
5.615880
5.585490
5.672140
5.764710
5.670890
5.700860
5.708700
5.656660
5.673900
5.628210
5.666780
5.648740
5.668830
5.560920
5.600380
5.577520
5.678580
5.484760
5.680780
5.663800
5.577580
5.655610
5.693740
5.724410
5.690640
5.821950
5.676840
5.676150
5.642770
5.618390
5.606820
5.643330
5.577710
5.514420
5.646910
5.688870
5.765040
5.601590
5.727240
5.668280
5.608130
5.721440
5.683570
5.708600
5.799900
5.627670
5.734980
5.704400
5.652510
5.653150
5.572440
5.768520
5.682780
5.746980
5.644280
5.595630
5.710350
5.585150
5.685900
5.567710
5.736280
5.583850
5.664730
5.642450
5.608120
5.617900
5.597600
5.519850
5.725810
5.659160
5.572880
5.668910
5.807030
5.655120
5.532840
5.727170
5.708260
5.718100
5.721720
5.682070
5.606830
5.584630
5.622310
5.670030
5.660770
5.799240
5.746980
5.650040
5.581240
5.608820
5.734000
5.764500
5.692850
5.611460
5.637830
5.757590
5.713060
5.711020
5.731840
5.622090
5.711620
5.751430
5.727160
5.614060
5.630740
5.773220
5.628030
5.541340
5.541790
5.763820
5.750600
5.598250
5.550450
5.688890
5.590860
5.758810
5.701640
5.578540
5.663750
5.659380
5.702840
5.618760
5.642010
5.733390
5.678750
5.499130
5.599760
5.521520
5.689320
5.696890
5.668830
5.691170
5.740540
5.731810
5.631790
5.569780
5.718230
5.636460
5.668460
5.725320
5.684650
5.697580
5.568620
5.688180
5.706210
5.600330
5.682000
5.616150
5.759290
5.629310
5.603310
5.592880
5.757840
5.656130
5.655920
5.804330
5.678540
5.676130
5.641370
5.696260
5.575530
5.670640
5.629300
5.652190
5.675070
5.792190
5.579670
5.533760
5.696030
5.698410
5.535170
5.580240
5.718070
5.662390
5.685150
5.618080
5.517220
5.786080
5.600060
5.590880
5.585740
5.679580
5.767670
5.662850
5.535960
5.650500
5.646750
5.571690
5.596540
5.733790
5.760950
5.689160
5.678180
5.650940
5.788760
5.639760
5.628720
5.608920
5.718710
5.657900
5.689820
5.671630
5.690970
5.706810
5.680930
5.741770
5.556390
5.723790
5.648540
5.598650
5.781300
5.664110
5.688210
5.701950
5.710260
5.558460
5.669630
5.656630
5.625710
5.687240
5.616650
5.763690
5.733930
5.798320
5.696820
5.813830
5.819220
5.693540
5.758480
5.697120
5.678190
5.757740
5.660110
5.679900
5.578170
5.617310
5.758300
5.615850
5.682920
5.571820
5.632570
5.573830
5.770170
5.696740
5.714850
5.666700
5.757260
5.696580
5.631130
5.675290
5.653670
5.584690
5.619350
5.589930
5.714420
5.628910
5.670600
5.793470
5.696930
5.709720
5.685350
5.662040
5.739930
5.626690
5.599720
5.780190
5.577460
5.554690
5.641670
5.673670
5.609970
5.644230
5.644450
5.608140
5.711320
5.627770
5.616620
5.528950
5.591120
5.718280
5.585940
5.748790
5.623860
5.641040
5.642280
5.553180
5.610450
5.717860
5.698470
5.683880
5.566450
5.626030
5.646660
5.541500
5.634860
5.721690
5.776550
5.639830
5.708750
5.725020
5.652710
5.632200
5.695200
5.634130
5.743190
5.675780
5.620640
5.634480
5.690750
5.645670
5.608090
5.645400
5.673230
5.739290
5.695380
5.708800
5.597300
5.578770
5.653160
5.703160
5.580260
5.655460
5.658790
5.790590
5.670810
5.652140
5.559030
5.767340
5.686630
5.692820
5.672540
5.736630
5.751440
5.630350
5.608090
5.607670
5.728840
5.583580
5.765220
5.720380
5.632810
5.751230
5.616000
5.674410
5.658070
5.651100
5.745090
5.643580
5.663870
5.740260
5.560260
5.659390
5.625290
5.751580
5.687220
5.674700
5.694430
5.767080
5.584290
5.665170
5.623210
5.680290
5.656310
5.599610
5.770210
5.665150
5.655920
5.609160
5.672930
5.721120
5.751640
5.574760
5.605920
5.633770
5.676770
5.601000
5.644600
5.618210
5.670480
5.559040
5.709360
5.633630
5.747170
5.567470
5.679700
5.669490
5.714420
5.763020
5.649630
5.654730
5.608950
5.647210
5.618300
5.671330
5.744300
5.573160
5.610390
5.717740
5.689360
5.666040
5.754420
5.580490
5.665690
5.680050
5.708890
5.687890
5.587630
5.703010
5.626650
5.716370
5.713000
5.708100
5.704520
5.651980
5.752750
5.581900
5.775940
5.662440
5.706790
5.711980
5.559730
5.722560
5.702020
5.553590
5.702640
5.818090
5.785110
5.518120
5.606980
5.660270
5.626880
5.733550
5.632630
5.603700
5.750920
5.758100
5.602970
5.560670
5.568990
5.647020
5.654860
5.784920
5.679270
5.618710
5.598340
5.692170
5.770020
5.727210
5.686880
5.728870
5.594200
5.647980
5.664290
5.663800
5.664880
5.643540
5.723170
5.744930
5.770110
5.575990
5.658640
5.656930
5.617780
5.529460
5.683110
5.603000
5.615490
5.645070
5.632480
5.680220
5.608390
5.541080
5.627130
5.639940
5.671830
5.553490
5.591780
5.648330
5.654730
5.610520
5.652450
5.663110
5.707370
5.660150
5.624650
5.560570
5.659560
5.670820
5.778600
5.647730
5.588160
5.606960
5.657340
5.685820
5.710420
5.721270
5.848320
5.771480
5.590840
5.726630
5.657700
5.727820
5.622240
5.684560
5.574400
5.685450
5.689660
5.677140
5.701480
5.495970
5.671000
5.686190
5.631420
5.693560
5.776720
5.744680
5.750190
5.614910
5.662630
5.629940
5.706330
5.725410
5.579690
5.642870
5.621650
5.722910
5.635220
5.620800
5.610940
5.631290
5.611830
5.687610
5.698350
5.588250
5.533430
5.635100
5.716750
5.572830
5.702740
5.584200
5.524770
5.615840
5.656120
5.736170
5.693000
5.503070
5.643770
5.674850
5.713250
5.575610
5.568830
5.652150
5.745770
5.695290
5.644050
5.716640
5.642860
5.763620
5.753680
5.685230
5.644190
5.771940
5.659120
5.635250
5.631000
5.701070
5.633870
5.639090
5.693530
5.631760
5.624780
5.717420
5.567630
5.711080
5.644340
5.667180
5.697140
5.669690
5.594540
5.696250
5.729090
5.582800
5.581590
5.727320
5.587370
5.717990
5.705170
5.627450
5.603880
5.682280
5.580730
5.547130
5.630190
5.626580
5.660520
5.669890
5.671250
5.697360
5.549710
5.660470
5.584110
5.740390
5.636040
5.693850
5.717940
5.775260
5.580850
5.720150
5.636660
5.705720
5.639390
5.687760
5.654190
5.694690
5.637420
5.632900
5.685060
5.565180
5.576700
5.650770
5.688780
5.635560
5.779530
5.629770
5.661980
5.693890
5.668860
5.609170
5.666000
5.715220
5.613870
5.604450
5.660280
5.599710
5.555260
5.679240
5.615520
5.680360
5.626020
5.609310
5.591860
5.724340
5.661770
5.750080
5.685780
5.622900
5.633770
5.675090
5.800440
5.527410
5.733630
5.610780
5.740120
5.657100
5.767340
5.654120
5.608500
5.609530
5.636620
5.555450
5.563190
5.806950
5.726650
5.652320
5.617030
5.604590
5.530370
5.573730
5.596610
5.636270
5.633460
5.720800
5.769340
5.818450
5.795820
5.524810
5.704210
5.678200
5.628340
5.676360
5.791130
5.719180
5.645960
5.720920
5.606250
5.554810
5.591480
5.669120
5.734190
5.634300
5.668280
5.697470
5.680540
5.557320
5.651700
5.635860
5.760540
5.586810
5.785190
5.795350
5.548760
5.584890
5.685170
5.639770
5.726600
5.809930
5.680720
5.675740
5.716880
5.673470
5.571140
5.679790
5.643260
5.655040
5.649660
5.585230
5.666160
5.595770
5.684900
5.607470
5.691640
5.847740
5.579580
5.769740
5.707140
5.608140
5.629870
5.586940
5.726670
5.610890
5.677720
5.665020
5.635140
5.716670
5.661480
5.721760
5.720900
5.717100
5.680490
5.629750
5.736740
5.691530
5.643690
5.680170
5.689320
5.629590
5.724680
5.576120
5.675940
5.723140
5.650550
5.630270
5.703660
5.707640
5.790220
5.768370
5.639770
5.612490
5.716470
5.683290
5.624460
5.646640
5.520580
5.657440
5.597430
5.743490
5.638030
5.628870
5.595930
5.768480
5.715150
5.779270
5.611640
5.593970
5.674130
5.620600
5.653840
5.633140
5.611460
5.590590
5.711420
5.537140
5.719950
5.573590
5.758990
5.639390
5.618330
5.693120
5.621880
5.642110
5.641250
5.798800
5.717980
5.634990
5.646710
5.534370
5.599470
5.640010
5.640010
