5.553170
5.716750
5.653730
5.672950
5.677970
5.696170
5.619440
5.585440
5.623610
5.697840
5.697320
5.690030
5.603270
5.725330
5.591970
5.633250
5.639830
5.634980
5.681030
5.650480
5.608980
5.691540
5.708980
5.663160
5.649330
5.649450
5.628770
5.602430
5.562150
5.766650
5.602750
5.597720
5.590010
5.751050
5.771160
5.625560
5.666190
5.719360
5.739730
5.441900
5.665190
5.551820
5.750290
5.635740
5.684990
5.694660
5.635000
5.614730
5.678680
5.633970
5.681900
5.682680
5.717280
5.657510
5.659670
5.623140
5.606690
5.671440
5.706560
5.808940
5.753510
5.669310
5.644120
5.677200
5.665120
5.752420
5.685250
5.632550
5.722030
5.723620
5.622680
5.646390
5.734230
5.609380
5.612980
5.762430
5.738900
5.764870
5.730350
5.719890
5.641130
5.589150
5.595360
5.649070
5.645860
5.596330
5.645280
5.763020
5.688070
5.585910
5.587790
5.690600
5.639550
5.727250
5.636580
5.622280
5.567320
5.630800
5.660960
5.797970
5.724600
5.581800
5.640170
5.603850
5.632730
5.565520
5.604910
5.634450
5.615960
5.669850
5.643420
5.755280
5.740840
5.719120
5.697370
5.744470
5.617400
5.676710
5.564050
5.573920
5.733260
5.591160
5.778990
5.659870
5.650140
5.751760
5.640100
5.625140
5.711870
5.684950
5.656550
5.655440
5.692860
5.656480
5.693780
5.695130
5.724820
5.589550
5.558140
5.629170
5.599660
5.684800
5.627860
5.679140
5.577280
5.694330
5.648790
5.591290
5.552790
5.691760
5.711460
5.724010
5.631660
5.770210
5.595570
5.644810
5.637350
5.688660
5.629120
5.607570
5.632410
5.610350
5.609310
5.632290
5.714110
5.687560
5.602360
5.709600
5.611190
5.706090
5.738600
5.479200
5.651570
5.620370
5.636200
5.702570
5.585720
5.808810
5.643700
5.729390
5.569510
5.680910
5.706920
5.676040
5.690270
5.608230
5.684310
5.656420
5.583990
5.663080
5.618660
5.706590
5.775640
5.574940
5.648990
5.554550
5.716090
5.717960
5.720210
5.672600
5.679690
5.687780
5.627940
5.728010
5.743420
5.513940
5.612800
5.708750
5.617150
5.608020
5.658350
5.643090
5.859750
5.692440
5.585720
5.649890
5.737980
5.575320
5.661020
5.686290
5.694910
5.654480
5.531280
5.689040
5.693440
5.642650
5.598470
5.639760
5.761750
5.680480
5.727670
5.670550
5.761830
5.692700
5.582240
5.708450
5.710850
5.654770
5.602560
5.629800
5.592360
5.693340
5.679090
5.736920
5.614470
5.851890
5.598930
5.655960
5.570110
5.739620
5.600980
5.630830
5.658400
5.643930
5.562520
5.545260
5.650900
5.633310
5.576260
5.618770
5.763420
5.629440
5.669400
5.647460
5.726750
5.633650
5.552800
5.765500
5.627550
5.602210
5.697990
5.693490
5.709590
5.767290
5.690090
5.623680
5.746880
5.590450
5.668970
5.504340
5.567620
5.848070
5.583950
5.735510
5.669950
5.673340
5.688790
5.633030
5.770320
5.661890
5.747490
5.614040
5.675990
5.542080
5.682650
5.619150
5.600060
5.523490
5.643820
5.649120
5.698550
5.572600
5.694610
5.632400
5.743730
5.659970
5.609880
5.785380
5.593500
5.615650
5.682820
5.648350
5.665590
5.706010
5.739100
5.604970
5.749720
5.660470
5.741820
5.648330
5.678930
5.766210
5.663970
5.697230
5.496260
5.699640
5.791910
5.668650
5.644200
5.622690
5.554800
5.775290
5.636720
5.520580
5.651830
5.627820
5.848430
5.516200
5.708320
5.627240
5.662280
5.675450
5.626960
5.456540
5.738590
5.657420
5.734180
5.635240
5.692210
5.588600
5.593670
5.665100
5.594240
5.601550
5.591560
5.574560
5.653760
5.699420
5.661400
5.663830
5.702380
5.643630
5.717920
5.620750
5.631130
5.588640
5.648430
5.654770
5.548240
5.711290
5.656660
5.646900
5.677750
5.602880
5.554460
5.713130
5.760380
5.678850
5.732570
5.726730
5.775980
5.634680
5.606580
5.707350
5.828390
5.652210
5.635860
5.686250
5.665350
5.649540
5.571590
5.632640
5.663400
5.664650
5.707280
5.662610
5.667610
5.660980
5.748380
5.686950
5.679420
5.695290
5.639970
5.699150
5.708260
5.576350
5.774800
5.804930
5.613200
5.659620
5.752300
5.663000
5.645580
5.694410
5.642240
5.730210
5.687680
5.552630
5.653000
5.679640
5.694770
5.715540
5.624810
5.643950
5.616250
5.706160
5.733280
5.586520
5.666650
5.651290
5.702370
5.685730
5.669360
5.683730
5.698130
5.608200
5.603790
5.621990
5.622860
5.739810
5.696460
5.663120
5.547250
5.685460
5.679760
5.741800
5.703950
5.672620
5.624090
5.617080
5.705800
5.650030
5.686720
5.698020
5.618480
5.711480
5.653310
5.567940
5.567890
5.534730
5.593080
5.781220
5.763170
5.837300
5.623770
5.661830
5.709910
5.780350
5.658910
5.670680
5.626310
5.645580
5.723250
5.649160
5.638380
5.556200
5.692490
5.722680
5.596170
5.642940
5.709900
5.703280
5.667730
5.617180
5.668190
5.653410
5.715280
5.723430
5.657740
5.639900
5.667020
5.582720
5.653350
5.731360
5.765180
5.649150
5.698390
5.689630
5.596480
5.707340
5.743300
5.705310
5.659560
5.609500
5.685510
5.721590
5.732640
5.636880
5.660500
5.725400
5.632530
5.587810
5.608610
5.568430
5.729230
5.645810
5.699930
5.710810
5.681360
5.630780
5.685870
5.607190
5.661040
5.632910
5.662560
5.668790
5.772090
5.568520
5.590790
5.712760
5.672520
5.545700
5.871090
5.678340
5.651860
5.746820
5.740620
5.637770
5.576430
5.578700
5.625320
5.638210
5.708710
5.709990
5.599720
5.711520
5.556030
5.606480
5.782390
5.692640
5.659870
5.690260
5.613790
5.696400
5.787250
5.596150
5.612430
5.727050
5.658230
5.672670
5.679510
5.577950
5.714800
5.748300
5.628610
5.587060
5.598950
5.677790
5.640660
5.601130
5.723370
5.655420
5.770510
5.561950
5.639160
5.557300
5.614910
5.683400
5.559990
5.673700
5.630900
5.720790
5.635680
5.755750
5.588000
5.690980
5.713640
5.622280
5.667580
5.721760
5.614300
5.634180
5.748950
5.647430
5.699150
5.714810
5.729750
5.587350
5.670260
5.675640
5.595560
5.646960
5.765550
5.592170
5.612200
5.563480
5.673040
5.652780
5.618960
5.687030
5.592670
5.599650
5.780560
5.671890
5.684030
5.574730
5.632920
5.549070
5.663090
5.786970
5.776580
5.711490
5.728980
5.753810
5.657490
5.560680
5.643170
5.663410
5.787850
5.633240
5.692430
5.654530
5.635120
5.626920
5.624630
5.592590
5.617920
5.665480
5.639100
5.690710
5.669870
5.704080
5.634540
5.699790
5.559220
5.630230
5.677030
5.664320
5.571310
5.600820
5.773080
5.788500
5.595670
5.717540
5.568690
5.680500
5.662240
5.617040
5.678660
5.795440
5.699380
5.526480
5.677440
5.721460
5.699410
5.644530
5.583900
5.566290
5.664730
5.652450
5.705310
5.538160
5.636710
5.648220
5.540390
5.675490
5.715850
5.758130
5.539880
5.675640
5.746180
5.600100
5.719810
5.834250
5.718660
5.677810
5.693840
5.690560
5.596220
5.645860
5.654710
5.589200
5.856830
5.606620
5.655360
5.530390
5.595870
5.746800
5.848620
5.668710
5.606420
5.727000
5.691270
5.690210
5.673240
5.669530
5.687450
5.689750
5.621020
5.661630
5.688240
5.628600
5.613230
5.524040
5.641520
5.730090
5.616190
5.729000
5.613390
5.760810
5.528670
5.621920
5.693550
5.659840
5.762170
5.681210
5.768530
5.734870
5.558420
5.686020
5.623520
5.668880
5.570650
5.789170
5.617750
5.727150
5.804590
5.669000
5.676290
5.751180
5.711700
5.548890
5.655920
5.787490
5.605350
5.661820
5.531210
5.802400
5.596110
5.772290
5.515810
5.565970
5.654140
5.640590
5.629140
5.667660
5.651350
5.630000
5.678630
5.681290
5.457990
5.688010
5.629750
5.670630
5.677960
5.670630
5.623650
5.617740
5.563340
5.699160
5.553890
5.657050
5.559230
5.573910
5.667390
5.836120
5.619210
5.632270
5.623760
5.639150
5.686960
5.623780
5.562250
5.561810
5.706650
5.638700
5.718610
5.708790
5.686080
5.574690
5.674200
5.715560
5.570710
5.613920
5.666740
5.606700
5.602290
5.743430
5.634470
5.699340
5.577740
5.642310
5.652230
5.730810
5.663810
5.674120
5.613910
5.661460
5.552780
5.617070
5.624220
5.629700
5.666090
5.620000
5.659700
5.632240
5.535520
5.619370
5.611120
5.538750
5.537580
5.671800
5.639040
5.643270
5.736950
5.732180
5.599790
5.668840
5.590610
5.611890
5.743700
5.587570
5.623340
5.621430
5.702730
5.665390
5.609380
5.643950
5.526410
5.593730
5.628030
5.603020
5.642140
5.636560
5.803820
5.646190
5.670910
5.639040
5.625600
5.520420
5.674170
5.622430
5.649560
5.696280
5.613430
5.775030
5.695320
5.617670
5.689350
5.681670
5.654240
5.575630
5.673650
5.664030
5.671080
5.659950
5.729720
5.580100
5.589270
5.688340
5.752780
5.583540
5.623160
5.662200
5.638350
5.612680
5.712370
5.806820
5.709820
5.733360
5.673120
5.596000
5.671440
5.613600
5.781480
5.643700
5.701070
5.700030
5.718320
5.728500
5.554850
5.657330
5.660820
5.758860
5.678960
5.618320
5.667670
5.647880
5.725370
5.714160
5.659880
5.605420
5.623830
5.729520
5.760170
5.638270
5.777720
5.634660
5.674050
5.647830
5.642520
5.620690
5.639120
5.778230
5.672650
5.629270
5.743830
5.759990
5.613970
5.525590
5.709830
5.603750
5.681720
5.634690
5.671310
5.641170
5.690760
5.682400
5.740200
5.678410
5.810620
5.636450
5.690590
5.621040
5.607640
5.617720
5.637640
5.694080
5.715920
5.607170
5.708640
5.636380
5.647120
5.743580
5.618530
5.587850
5.707510
5.717980
5.583080
5.528430
5.589830
5.705120
5.720430
5.638140
5.605340
5.666630
5.727270
5.713340
5.628590
5.617850
5.565890
5.672420
5.734680
5.609620
5.675100
5.693710
5.628090
5.661030
5.726760
5.651060
5.663340
5.706590
5.717030
5.650180
5.588220
5.742630
5.594240
5.606630
5.574340
5.664120
5.579090
5.705310
5.702100
5.676000
5.636660
5.684490
5.631240
5.584630
5.702570
5.786080
5.742150
5.839590
5.748660
5.590890
5.758740
5.649270
5.650790
5.692300
5.700000
5.702400
5.628740
5.613380
5.653660
5.668170
5.755060
5.628320
5.725130
5.623840
5.669040
5.700120
5.659970
5.624710
5.575020
5.674420
5.663290
5.719700
5.593790
5.778010
5.691940
5.618790
5.569240
5.770370
5.698710
5.725250
5.496700
5.668410
5.729040
5.542620
5.662090
5.666660
5.704370
5.648160
5.612040
5.643430
5.536760
5.686380
5.732950
5.629040
5.728320
5.638150
5.639180
5.622610
5.581470
5.759550
5.541920
5.705030
5.574400
5.652540
5.660030
5.707760
5.585520
5.650210
5.579820
5.680030
5.684830
5.577270
5.613050
5.595010
5.568910
5.788920
5.755180
5.724500
5.718280
5.623210
5.652040
5.728740
5.669670
5.614760
5.773570
5.672490
5.710780
5.722230
5.646470
5.769860
5.649880
5.626080
5.711870
5.658030
5.667650
5.620980
5.671660
5.703840
5.570800
5.700970
5.630750
5.708150
5.672840
5.656840
5.671020
5.563640
5.596880
5.648890
5.719860
5.597710
5.638230
5.560990
5.692930
5.667150
5.607770
5.588260
5.689320
5.551130
5.630350
5.714560
5.646780
5.624260
5.608330
5.659860
5.731160
5.657150
5.752860
5.679170
5.610040
5.668920
5.608940
5.659860
5.687480
5.627700
5.754710
5.642250
5.620020
5.614720
5.714650
5.651920
5.764850
5.615930
5.670550
5.686940
5.551770
5.731200
5.625270
5.626190
5.712180
5.674360
5.658980
5.670330
5.830130
5.624380
5.543800
5.714680
5.673400
5.687040
5.684380
5.680500
5.626200
5.736040
5.624540
5.768020
5.768320
5.593690
5.710530
5.727710
5.673910
5.635430
5.691620
5.667180
5.769640
5.561420
5.609080
5.647730
5.709670
5.692590
5.622870
5.613040
5.622780
5.755660
5.684900
5.667020
5.663950
5.725420
5.725020
5.653700
5.751210
5.717500
5.617630
5.818740
5.683170
5.630480
5.637770
5.695760
5.586300
5.621200
5.675250
5.601240
5.661810
5.710350
5.791080
5.520410
5.717870
5.651010
5.641010
5.670250
5.638300
5.602040
5.593010
5.610700
5.675640
5.763850
5.608310
5.593540
5.616430
5.646380
5.658080
5.680400
5.700520
5.704550
5.734800
5.667540
5.684610
5.623210
5.615300
5.723730
5.725100
5.625040
5.662540
5.602790
5.724500
5.611930
5.668370
5.789970
5.677770
5.634050
5.615200
5.602150
5.591430
5.755420
5.700170
5.691420
5.653710
5.617100
5.645190
5.664960
5.759250
5.696810
5.644620
5.645790
5.622940
5.588450
5.669830
5.700640
5.666290
5.674950
5.666300
5.654030
5.646810
5.602100
5.580800
5.591460
5.640830
5.710950
5.651300
5.586780
5.614540
5.670030
5.673830
5.645880
5.703940
5.723420
5.668280
5.683700
5.719190
5.724790
5.419600
5.603460
5.500450
5.611150
5.713360
5.681850
5.694800
5.689530
5.722780
5.640080
5.665540
5.465610
5.588740
5.685490
5.500420
5.725490
5.619830
5.713010
5.610810
5.596290
5.666350
5.524690
5.659540
5.585760
5.732560
5.617740
5.622800
5.746190
5.694270
5.653280
5.624710
5.629500
5.730010
5.642580
5.538360
5.534090
5.685010
5.734660
5.688860
5.606390
5.582320
5.745130
5.583940
5.602000
5.717870
5.728370
5.623070
5.646300
5.665610
5.651870
5.612900
5.655550
5.692080
5.624200
5.607320
5.662720
5.636600
5.645850
5.735490
5.681440
5.702970
5.712320
5.600710
5.652410
5.536630
5.624450
5.674340
5.638640
5.596330
5.646510
5.530150
5.722130
5.688490
5.654670
5.627310
5.551920
5.604670
5.684350
5.627220
5.664330
5.765420
5.719600
5.553440
5.690970
5.707970
5.665400
5.681730
5.765980
5.712220
5.770700
5.625360
5.586590
5.720000
5.623170
5.754760
5.752430
5.623870
5.580100
5.677710
5.657600
5.634080
5.566340
5.586830
5.608500
5.670820
5.646970
5.630150
5.666140
5.703280
5.656790
5.645670
5.642970
5.656430
5.708360
5.648430
5.794810
5.644520
5.760360
5.765310
5.702890
5.685790
5.639970
5.687630
5.581150
5.653360
5.763960
5.715430
5.545080
5.578340
5.593530
5.609820
5.665390
5.548410
5.700890
5.703610
5.672040
5.701570
5.718180
5.719050
5.595220
5.568670
5.662870
5.573850
5.683360
5.735200
5.733800
5.623780
5.619620
5.609710
5.561940
5.575600
5.678610
5.605750
5.631370
5.617470
5.599310
5.620860
5.676880
5.603860
5.724430
5.614100
5.627920
5.755590
5.562010
5.630860
5.547110
5.621520
5.683240
5.531250
5.681080
5.730590
5.598480
5.638730
5.698300
5.725200
5.636550
5.736050
5.635220
5.761060
5.711620
5.587260
5.674930
5.658860
5.616660
5.538440
5.602850
5.564960
5.674090
5.708210
5.663000
5.562840
5.671680
5.599940
5.660870
5.643110
5.808530
5.565310
5.683790
5.627290
5.610950
5.672680
5.713360
5.696530
5.649550
5.701400
5.647230
5.787330
5.623840
5.576010
5.657570
5.677930
5.596570
5.808830
5.591580
5.647370
5.697030
5.749020
5.663940
5.606610
5.642080
5.660240
5.718940
5.721110
5.615790
5.654500
5.576050
5.652750
5.693250
5.643410
5.716320
5.605800
5.590630
5.656930
5.618120
5.697600
5.612230
5.699560
5.691310
5.696170
5.633650
5.760220
5.668910
5.643300
5.616990
5.695400
5.671970
5.794280
5.797450
5.712650
5.772780
5.745520
5.660300
5.634190
5.737940
5.717550
5.662740
5.736640
5.650280
5.686320
5.665080
5.665610
5.596270
5.671160
5.581360
5.661430
5.589120
5.631330
5.595980
5.719660
5.739480
5.557810
5.682680
5.627930
5.668590
5.616220
5.666210
5.650980
5.625250
5.625260
5.668020
5.699300
5.549520
5.683340
5.630990
5.645280
5.632380
5.694190
5.721160
5.533940
5.562920
5.663850
5.685380
5.609940
5.637270
5.612100
5.637520
5.631130
5.654550
5.714960
5.593040
5.675580
5.744760
5.639160
5.652360
5.465070
5.630060
5.628690
5.686090
5.603230
5.609010
5.596160
5.572530
5.613980
5.715020
5.725990
5.626740
5.694120
5.599050
5.601430
5.759460
5.721410
5.727080
5.684710
5.697400
5.610260
5.687820
5.730610
5.489790
5.671390
5.617940
5.654440
5.717270
5.643910
5.644270
5.773800
5.688840
5.707840
5.707370
5.705250
5.679170
5.638460
5.816470
5.569660
5.662690
5.721000
5.688190
5.820210
5.558020
5.677530
5.575210
5.563590
5.573980
5.821930
5.614810
5.641910
5.666060
5.717780
5.719280
5.577340
5.636440
5.627520
5.638630
5.621690
5.691750
5.692800
5.606030
5.659630
5.592330
5.623240
5.705620
5.499300
5.651130
5.652290
5.607680
5.713200
5.728360
5.552140
5.602700
5.709420
5.597050
5.848910
5.549740
5.634310
5.708180
5.706420
5.629020
5.619200
5.635940
5.691550
5.680210
5.592900
5.703120
5.573740
5.565340
5.682200
5.645870
5.675900
5.578000
5.606380
5.643410
5.454660
5.767940
5.693980
5.700660
5.736290
5.811130
5.675060
5.677360
5.566150
5.651560
5.731340
5.656760
5.543120
5.613020
5.658600
5.601380
5.576180
5.671680
5.625290
5.700070
5.697630
5.758500
5.511900
5.790920
5.641740
5.657050
5.648660
5.640400
5.736520
5.605550
5.441000
5.664860
5.642820
5.670410
5.678290
5.639360
5.693790
5.742610
5.650210
5.666890
5.613400
5.576520
5.621480
5.691900
5.708560
5.629750
5.615880
5.606100
5.615290
5.631890
5.640570
5.625260
5.577200
5.388670
5.760970
5.646440
5.607580
5.691640
5.692160
5.600150
5.680930
5.686670
5.666150
5.626380
5.695100
5.611440
5.758050
5.655970
5.630290
5.714930
5.699470
5.690990
5.636000
5.651920
5.687780
5.593140
5.602000
5.629790
5.706020
5.678900
5.812610
5.618440
5.537970
5.654770
5.769790
5.558780
5.665210
5.755800
5.616990
5.704060
5.577780
5.623740
5.678640
5.732730
5.675050
5.562330
5.663840
5.664960
5.814800
5.691730
5.683310
5.627260
5.644860
5.665740
5.673680
5.574520
5.684840
5.653500
5.766520
5.572260
5.708110
5.659950
5.553710
5.565060
5.633710
5.774590
5.613780
5.734250
5.708910
5.543970
5.768080
5.640150
5.630970
5.717370
5.700280
5.653770
5.730640
5.681500
5.624980
5.675720
5.721500
5.532110
5.727890
5.702450
5.503970
5.631010
5.698680
5.566840
5.685100
5.671950
5.831540
5.690940
5.713780
5.675540
5.741330
5.650870
5.671540
5.568210
5.548670
5.612970
5.658490
5.713760
5.602050
5.617940
5.677920
5.673480
5.627890
5.600970
5.662940
5.781860
5.648370
5.657000
5.615760
5.698480
5.686640
5.639280
5.590910
5.652110
5.739990
5.583760
5.567190
5.621910
5.703150
5.764640
5.510350
5.583930
5.736120
5.706220
5.656940
5.694920
5.644430
5.677820
5.632170
5.816120
5.785210
5.650150
5.564090
5.689020
5.625120
5.620780
5.677720
5.577900
5.708320
5.659020
5.697270
5.663720
5.643180
5.767660
5.587920
5.719830
5.675140
5.822230
5.665020
5.617970
5.600370
5.661260
5.719130
5.682830
5.504130
5.729670
5.761410
5.645560
5.661330
5.737840
5.609900
5.719090
5.653360
5.736750
5.651740
5.650520
5.676980
5.617790
5.667500
5.545700
5.609140
5.649300
5.824520
5.523890
5.636080
5.682590
5.585950
5.490270
5.654570
5.630300
5.571630
5.610780
5.588050
5.684620
5.681090
5.691120
5.611570
5.737900
5.659820
5.667810
5.691550
5.691560
5.559380
5.671270
5.720740
5.776260
5.641620
5.611650
5.624560
5.664690
5.698900
5.689580
5.689700
5.697520
5.834900
5.749220
5.649680
5.594830
5.730610
5.616090
5.671910
5.716410
5.628360
5.807600
5.744490
5.664840
5.644190
5.629880
5.627600
5.730600
5.622900
5.615200
5.646950
5.721670
5.700870
5.614290
5.732680
5.661680
5.653940
5.714950
5.659820
5.615420
5.685350
5.547440
5.701960
5.692360
5.633480
5.735270
5.713730
5.605370
5.626510
5.551230
5.627220
5.639090
5.619530
5.771260
5.676040
5.718030
5.615460
5.695410
5.659660
5.837260
5.716150
5.658940
5.640000
5.632030
5.643530
5.591820
5.722650
5.611480
5.633060
5.539990
5.605080
5.789850
5.718150
5.593930
5.676340
5.600220
5.675210
5.557660
5.592830
5.712560
5.631520
5.583950
5.632110
5.757680
5.638400
5.700600
5.644460
5.676690
5.586070
5.581670
5.604640
5.570080
5.653520
5.628070
5.601150
5.643370
5.587540
5.769590
5.723640
5.694350
5.692950
5.641410
5.607520
5.668790
5.682290
5.738760
5.771320
5.678270
5.492400
5.569890
5.752950
5.645710
5.611720
5.673530
5.735390
5.705810
5.705370
5.690010
5.774330
5.675870
5.633280
5.685980
5.666920
5.605480
5.669190
5.598180
5.893300
5.683020
5.636440
5.662700
5.644060
5.606780
5.717090
5.580690
5.705200
5.676810
5.661070
5.632990
5.725230
5.640470
5.722280
5.693800
5.771840
5.706890
5.601140
5.549200
5.541580
5.678440
5.766340
5.615320
5.709550
5.635030
5.727710
5.642660
5.640130
5.547460
5.681690
5.716450
5.634620
5.633870
5.599570
5.631920
5.741780
5.748560
5.620640
5.707730
5.554860
5.544460
5.784210
5.651750
5.595290
5.768450
5.565530
5.596270
5.575680
5.768730
5.781000
5.740340
5.694060
5.789470
5.691340
5.577470
5.642370
5.665330
5.691670
5.632600
5.731820
5.815630
5.599240
5.571840
5.525570
5.761710
5.774760
5.727260
5.633330
5.574510
5.653580
5.781650
5.634290
5.722420
5.690700
5.613790
5.713420
5.656410
5.638670
5.677880
5.726900
5.744820
5.621770
5.810940
5.570290
5.649710
5.716160
5.692500
5.585360
5.618730
5.651710
5.755830
5.634520
5.685760
5.651290
5.596910
5.651010
5.736690
5.671110
5.674000
5.599400
5.667880
5.551980
5.609970
5.712240
5.714170
5.672730
5.562570
5.703510
5.718340
5.633490
5.645270
5.625360
5.570290
5.654120
5.608900
5.589930
5.671750
5.727120
5.595390
5.574710
5.626420
5.705410
5.784390
5.567470
5.583820
5.627540
5.623660
5.747740
5.611170
5.666800
5.612510
5.684120
5.696970
5.694870
5.603830
5.631960
5.710480
5.573890
5.675010
5.621620
5.587510
5.692260
5.719850
5.683740
5.676430
5.580630
5.702980
5.604800
5.760740
5.614620
5.580150
5.735880
5.675570
5.722870
5.716230
5.622140
5.571470
5.689630
5.782020
5.699460
5.659690
5.548500
5.635070
5.624990
5.710460
5.613490
5.669620
5.599100
5.676300
5.589280
5.654240
5.706150
5.511430
5.631430
5.548890
5.669460
5.546230
5.637290
5.676480
5.595440
5.718540
5.686790
5.803330
5.677300
5.683540
5.651320
5.692160
5.558760
5.540260
5.704170
5.630450
5.668770
5.602650
5.653670
5.769500
5.640850
5.632810
5.569870
5.659260
5.610030
5.614500
5.611580
5.614060
5.655930
5.658350
5.675070
5.689180
5.664500
5.727940
5.714780
5.663120
5.677090
5.689400
5.676450
5.639560
5.611950
5.695050
5.560470
5.648970
5.694160
5.713110
5.809410
5.709060
5.611390
5.702900
5.747920
5.607490
5.739030
5.654150
5.674540
5.603180
5.629460
5.578080
5.609110
5.789450
5.616500
5.634030
5.605340
5.700830
5.644100
5.601580
5.679890
5.681310
5.647420
5.626260
5.710060
5.676510
5.768710
5.654470
5.649100
5.675760
5.684660
5.805570
5.689900
5.587940
5.687690
5.636820
5.611940
5.649000
5.629270
5.598140
5.550870
5.630140
5.633120
5.673570
5.616130
5.723610
5.582790
5.604300
5.700240
5.647480
5.642940
5.625980
5.661520
5.566250
5.494150
5.716410
5.731390
5.687070
5.654810
5.689910
5.659180
5.676480
5.668160
5.681380
5.720990
5.684360
5.602360
5.642400
5.604320
5.741140
5.698520
5.627380
5.635780
5.594930
5.581150
5.659930
5.625420
5.664160
5.587750
5.593800
5.597780
5.638600
5.698430
5.684160
5.665830
5.634340
5.541050
5.653210
5.613410
5.677480
5.553460
5.693850
5.551320
5.631480
5.699680
5.672400
5.653870
5.621120
5.605070
5.606740
5.555460
5.655920
5.633970
5.696640
5.723320
5.521710
5.787580
5.614030
5.710710
5.643580
5.747950
5.716360
5.616580
5.632530
5.649820
5.623560
5.565980
5.734610
5.625890
5.731300
5.692280
5.677110
5.617620
5.589790
5.678020
5.650410
5.644000
5.604820
5.837870
5.765020
5.642760
5.689390
5.610530
5.664170
5.614230
5.683820
5.715410
5.701750
5.672370
5.590100
5.714090
5.625500
5.793310
5.630510
5.570600
5.635380
5.531660
5.745850
5.621420
5.667210
5.786760
5.752240
5.591470
5.655970
5.721070
5.629490
5.789880
5.713140
5.667490
5.495710
5.649500
5.641350
5.624420
5.746950
5.634710
5.596820
5.701950
5.573060
5.579030
5.616810
5.638580
5.894810
5.541670
5.617150
5.614130
5.646300
5.703770
5.648000
5.631170
5.655250
5.670140
5.610320
5.501990
5.769910
5.546250
5.720710
5.606140
5.655550
5.642110
5.673120
5.653540
5.714130
5.655120
5.635620
5.643050
5.546880
5.709880
5.691390
5.611480
5.645570
5.593510
5.635080
5.720430
5.633760
5.604600
5.722450
5.650250
5.661130
5.635140
5.657990
5.732040
5.725600
5.623650
5.611310
5.672350
5.648540
5.640670
5.569720
5.641980
5.562870
5.688200
5.617930
5.810650
5.674440
5.653050
5.657480
5.739310
5.638680
5.524190
5.675680
5.682530
5.679790
5.697520
5.606210
5.598340
5.644480
5.870760
5.611220
5.693390
5.604750
5.678110
5.724410
5.576540
5.674930
5.616270
5.761500
5.606410
5.564610
5.628590
5.603150
5.624700
5.716840
5.647600
5.631180
5.680580
5.740960
5.689840
5.766780
5.803160
5.672270
5.698340
5.705520
5.666580
5.758840
5.617280
5.645940
5.565400
5.741490
5.721130
5.655970
5.579660
5.653180
5.563200
5.657110
5.707090
5.615410
5.671370
5.650120
5.672160
5.742950
5.620260
5.591610
5.654500
5.730050
5.677210
5.627280
5.689350
5.508770
5.595960
5.658380
5.676730
5.690020
5.583650
5.687090
5.702190
5.610290
5.612010
5.582990
5.581040
5.602400
5.615770
5.692080
5.598730
5.709750
5.688400
5.716490
5.625700
5.655280
5.693450
5.667260
5.548810
5.696220
5.748940
5.606380
5.461290
5.673150
5.688040
5.696780
5.679960
5.585750
5.730860
5.578590
5.564090
5.627670
5.642060
5.529090
5.603470
5.717200
5.767590
5.680160
5.720150
5.652610
5.747930
5.659650
5.633560
5.697230
5.737450
5.665380
5.723890
5.620990
5.613470
5.685120
5.704630
5.565510
5.630110
5.687270
5.658050
5.634500
5.583350
5.590810
5.618340
5.682370
5.724930
5.646360
5.710410
5.748170
5.649420
5.659310
5.614390
5.625040
5.606530
5.623740
5.813270
5.706010
5.677410
5.556120
5.628790
5.727800
5.833720
5.591970
5.659360
5.587470
5.637500
5.725010
5.653120
5.492270
5.607320
5.750170
5.645350
5.424620
5.649020
5.575560
5.539150
5.580450
5.603660
5.736710
5.651190
5.535200
5.704040
5.601270
5.643250
5.681240
5.619040
5.700850
5.733860
5.738810
5.643710
5.573900
5.693460
5.715920
5.714900
5.617410
5.745330
5.637540
5.703870
5.843080
5.512390
5.579640
5.682640
5.614980
5.636070
5.596150
5.709060
5.580060
5.594060
5.603090
5.565550
5.644450
5.662940
5.707750
5.644870
5.568560
5.688240
5.654530
5.771430
5.565370
5.654730
5.493570
5.641450
5.576300
5.741300
5.628190
5.739400
5.752070
5.669680
5.648650
5.614040
5.673590
5.622110
5.763300
5.608940
5.648490
5.678380
5.605600
5.706950
5.718150
5.572080
5.681380
5.604950
5.596100
5.628660
5.665450
5.580340
5.657370
5.578300
5.655760
5.735280
5.658290
5.678420
5.721610
5.679520
5.590100
5.614660
5.609080
5.673780
5.748000
5.596290
5.651400
5.607150
5.578850
5.637150
5.695650
5.642830
5.737290
5.786410
5.553460
5.643870
5.776950
5.682430
5.603100
5.595890
5.659320
5.626650
5.705250
5.728280
5.674070
5.666910
5.707430
5.569540
5.645410
5.562660
5.652920
5.621830
5.633240
5.714170
5.709150
5.675720
5.655730
5.565740
5.634270
5.599080
5.733650
5.657410
5.714250
5.607590
5.657520
5.625330
5.728960
5.577590
5.683910
5.869590
5.772710
5.669140
5.565170
5.719650
5.587100
5.689880
5.588810
5.670550
5.715480
5.644420
5.721450
5.673090
5.680400
5.677090
5.673920
5.630740
5.733600
5.683320
5.682990
5.628100
5.566040
5.638800
5.655140
5.627030
5.501280
5.736250
5.585650
5.676490
5.663400
5.620660
5.672160
5.630670
5.651000
5.710190
5.607320
5.695910
5.623600
5.545220
5.571700
5.730820
5.619680
5.743180
5.539390
5.692380
5.675540
5.572300
5.740890
5.570350
5.691670
5.676440
5.770620
5.722180
5.788310
5.671570
5.596240
5.723570
5.660600
5.618150
5.671850
5.734290
5.686790
5.684570
5.598130
5.637340
5.663270
5.578230
5.676820
5.601510
5.673220
5.785540
5.663760
5.643510
5.659370
5.741120
5.611110
5.569450
5.653640
5.637890
5.566270
5.717610
5.592110
5.750200
5.722170
5.626960
5.606560
5.665410
5.700970
5.649500
5.662150
5.543990
5.590430
5.700180
5.742270
5.618130
5.739030
5.592710
5.538690
5.771700
5.628120
5.658320
5.651670
5.635700
5.639810
5.693890
5.759510
5.610040
5.720440
5.555480
5.687020
5.716400
5.687200
5.653480
5.778230
5.561130
5.700290
5.759200
5.618190
5.669400
5.643540
5.611850
5.652420
5.629420
5.594720
5.662840
5.641500
5.570640
5.672050
5.655290
5.562110
5.766650
5.678430
5.735460
5.697320
5.545680
5.518660
5.729730
5.746210
5.711020
5.607180
5.609860
5.630910
5.610230
5.788020
5.655500
5.634930
5.498750
5.721240
5.714350
5.708110
5.725440
5.681740
5.615400
5.565360
5.637250
5.683050
5.740840
5.533570
5.684000
5.740900
5.756670
5.633250
5.716340
5.617310
5.656550
5.621040
5.554820
5.712070
5.726900
5.710820
5.682060
5.551830
5.508070
5.640510
5.690660
5.683850
5.559620
5.627460
5.688440
5.591970
5.614090
5.670410
5.777580
5.615730
5.811560
5.537780
5.723110
5.782660
5.573290
5.784930
5.552300
5.566450
5.737920
5.652490
5.713300
5.620190
5.736250
5.648390
5.716090
5.603760
5.649590
5.734890
5.626000
5.605560
5.612400
5.620940
5.639340
5.699340
5.666950
5.597390
5.609310
5.623770
5.631270
5.649000
5.663860
5.715410
5.720350
5.620170
5.707070
5.740360
5.661540
5.642520
5.668520
5.760870
5.611910
5.721300
5.607000
5.600320
5.660600
5.560600
5.699050
5.548870
5.634670
5.730100
5.660390
5.679780
5.646550
5.643580
5.477050
5.682010
5.600960
5.626160
5.722690
5.539320
5.642120
5.597480
5.570160
5.603580
5.583180
5.549990
5.737220
5.739850
5.756410
5.759690
5.762610
5.574920
5.655650
5.674370
5.636990
5.680960
5.746340
5.602500
5.664950
5.697170
5.693380
5.652880
5.743910
5.700730
5.635270
5.718670
5.557090
5.865290
5.573610
5.579850
5.629800
5.635320
5.671100
5.625800
5.628090
5.708530
5.683120
5.686710
5.719890
5.687680
5.714180
5.601810
5.590720
5.635830
5.717780
5.631540
5.711830
5.627340
5.702760
5.613460
5.657270
5.674260
5.679060
5.677960
5.663710
5.685020
5.666420
5.675750
5.768730
5.702530
5.618670
5.629100
5.583350
5.743630
5.592410
5.544460
5.701700
5.549520
5.685260
5.858070
5.646790
5.725400
5.643390
5.577390
5.664010
5.656320
5.623840
5.704130
5.643440
5.764320
5.734320
5.739200
5.556060
5.612980
5.715320
5.619120
5.630540
5.715660
5.745890
5.662910
5.664730
5.610840
5.666540
5.589530
5.685490
5.648590
5.612140
5.591870
5.669650
5.694300
5.674990
5.677710
5.629600
5.632220
5.653450
5.720790
5.666860
5.672100
5.657280
5.592690
5.574790
5.746440
5.700070
5.753590
5.562900
5.837250
5.706880
5.644470
5.663740
5.676060
5.707700
5.662630
5.655920
5.796510
5.684220
5.695530
5.618500
5.766760
5.750130
5.613590
5.713500
5.704490
5.613850
5.743530
5.700950
5.888820
5.642340
5.624840
5.630660
5.576640
5.698940
5.608440
5.621910
5.656990
5.800090
5.578250
5.779800
5.660690
5.682180
5.678840
5.697290
5.700690
5.635210
5.660430
5.665150
5.716720
5.707230
5.526610
5.693640
5.679750
5.757910
5.484800
5.662350
5.623240
5.641440
5.677880
5.654150
5.651480
5.790520
5.665830
5.721940
5.652350
5.659780
5.759350
5.518020
5.606230
5.680820
5.681690
5.689830
5.611350
5.547360
5.673690
5.686910
5.691570
5.622300
5.672660
5.652820
5.768430
5.754220
5.594720
5.584720
5.587250
5.760580
5.685690
5.640460
5.663500
5.596310
5.683590
5.566090
5.674080
5.577060
5.586240
5.529610
5.697520
5.615970
5.657100
5.613410
5.748110
5.667220
5.558340
5.704600
5.596810
5.543740
5.678240
5.625180
5.678650
5.609010
5.591660
5.631130
5.724230
5.625930
5.885690
5.739750
5.561380
5.644480
5.674880
5.728040
5.650170
5.645120
5.590750
5.644850
5.658620
5.734270
5.749480
5.605810
5.703940
5.685840
5.612070
5.750210
5.621060
5.715180
5.674780
5.707630
5.759870
5.650090
5.607480
5.631390
5.748480
5.690740
5.710080
5.671200
5.599040
5.582200
5.685760
5.650860
5.676680
5.714520
5.660990
5.622010
5.653290
5.711120
5.571540
5.622290
5.831330
5.552800
5.853860
5.623260
5.613340
5.709800
5.766970
5.716650
5.576090
5.705090
5.675310
5.701360
5.706680
5.666120
5.602710
5.604230
5.574520
5.747200
5.627260
5.767060
5.627280
5.588230
5.641540
5.678750
5.652340
5.702750
5.609080
5.646800
5.803280
5.725830
5.656470
5.682550
5.664880
5.663260
5.636680
5.665970
5.724450
5.664560
5.626120
5.672900
5.717230
5.562680
5.698220
5.631850
5.567490
5.646310
5.691100
5.652990
5.746500
5.641490
5.704750
5.735570
5.542630
5.534440
5.605620
5.609250
5.661620
5.713210
5.703640
5.693390
5.684760
5.738630
5.695390
5.591580
5.858640
5.608110
5.621770
5.658500
5.693560
5.719210
5.660520
5.788560
5.523150
5.670170
5.695900
5.684340
5.600320
5.691650
5.660770
5.607180
5.669280
5.719590
5.628180
5.646210
5.594440
5.690900
5.703850
5.753510
5.621050
5.657510
5.639680
5.587140
5.626460
5.688540
5.690290
5.539780
5.673540
5.543360
5.693470
5.586320
5.629240
5.714960
5.595650
5.640970
5.652670
5.797700
5.683170
5.593600
5.685370
5.530750
5.629220
5.647900
5.675170
5.623750
5.694940
5.548700
5.654910
5.603950
5.683990
5.634460
5.651080
5.636590
5.674090
5.673020
5.571430
5.653360
5.676480
5.688540
5.660820
5.652430
5.579500
5.653460
5.654860
5.656150
5.768510
5.728140
5.650920
5.700400
5.694320
5.743180
5.731530
5.621950
5.695480
5.604520
5.661580
5.642570
5.696700
5.589510
5.642290
5.598130
5.642460
5.623820
5.696300
5.651640
5.642330
5.665580
5.636590
5.605170
5.650490
5.644650
5.586260
5.753660
5.674550
5.623720
5.706780
5.693240
5.617550
5.654940
5.632710
5.634500
5.662240
5.817330
5.588920
5.634610
5.568450
5.732530
5.600830
5.693610
5.643520
5.777550
5.687770
5.670010
5.639830
5.668690
5.766120
5.713100
5.650440
5.682990
5.683390
5.628700
5.605810
5.636820
5.586310
5.659900
5.694760
5.563480
5.651780
5.603550
5.647400
5.685370
5.689390
5.722280
5.485520
5.701610
5.564060
5.611860
5.679410
5.682610
5.578300
5.683900
5.613950
5.650560
5.730120
5.781110
5.783030
5.637960
5.593570
5.615980
5.624840
5.698130
5.663810
5.643550
5.588350
5.665560
5.586010
5.575900
5.634000
5.512250
5.756230
5.678920
5.699660
5.631950
5.604530
5.641790
5.640770
5.619890
5.604380
5.612700
5.719940
5.653050
5.651070
5.709070
5.642520
5.609910
5.581220
5.548350
5.716190
5.625290
5.599470
5.641520
5.573960
5.553370
5.641620
5.721210
5.559450
5.748280
5.669770
5.743720
5.690440
5.563690
5.570610
5.732020
5.692260
5.775570
5.580160
5.589260
5.626000
5.696440
5.709170
5.666500
5.651360
5.685100
5.663550
5.724490
5.771840
5.586130
5.718250
5.678220
5.622640
5.622370
5.732180
5.587490
5.751570
5.627560
5.699490
5.667450
5.672470
5.695960
5.681290
5.674570
5.699140
5.692040
5.686180
5.551340
5.624010
5.678570
5.555690
5.692090
5.780620
5.592210
5.656020
5.775730
5.819900
5.645720
5.654690
5.633720
5.605040
5.702500
5.652130
5.710940
5.729030
5.739200
5.746320
5.618710
5.688240
5.605930
5.667700
5.706400
5.569790
5.700170
5.496310
5.535830
5.662280
5.712820
5.661830
5.747840
5.780600
5.723410
5.597700
5.618690
5.612740
5.696350
5.532930
5.571320
5.616730
5.674480
5.649100
5.689710
5.693930
5.673780
5.637610
5.725780
5.686710
5.566100
5.643660
5.678520
5.611950
5.742880
5.676740
5.584060
5.684170
5.716140
5.689330
5.563560
5.830480
5.568690
5.631940
5.809820
5.683000
5.575940
5.674530
5.577950
5.739890
5.720080
5.697080
5.630470
5.569750
5.705210
5.765470
5.658120
5.564410
5.654830
5.710010
5.681870
5.666120
5.594720
5.669090
5.762580
5.548700
5.575930
5.649000
5.679250
5.696460
5.739410
5.616270
5.712190
5.711660
5.668330
5.679070
5.676420
5.661010
5.776360
5.603400
5.647390
5.589920
5.650370
5.754260
5.770270
5.662010
5.579980
5.654920
5.673180
5.819410
5.695540
5.695530
5.685600
5.662750
5.688320
5.609440
5.644300
5.682850
5.606640
5.709650
5.753050
5.672830
5.642110
5.561520
5.626610
5.653110
5.613380
5.678340
5.561440
5.768010
5.680530
5.702010
5.640650
5.666160
5.730280
5.694760
5.617290
5.749980
5.668200
5.608250
5.527990
5.756020
5.686200
5.625770
5.666490
5.637130
5.644900
5.659400
5.740760
5.654660
5.587520
5.782890
5.732590
5.619650
5.768890
5.609490
5.631630
5.726860
5.701700
5.583390
5.586620
5.678360
5.588870
5.710600
5.621660
5.703210
5.610620
5.672220
5.580360
5.829890
5.671880
5.672480
5.611060
5.707990
5.666050
5.640390
5.676700
5.649190
5.675900
5.643770
5.742270
5.720440
5.706270
5.589930
5.680900
5.711620
5.754350
5.654770
5.601650
5.764220
5.623330
5.755590
5.626310
5.656830
5.623130
5.686860
5.751470
5.549070
5.650310
5.646220
5.596010
5.712600
5.654780
5.624510
5.572550
5.556770
5.747450
5.716030
5.568360
5.798370
5.636700
5.744700
5.617320
5.655160
5.747610
5.724000
5.583440
5.700250
5.715560
5.547690
5.697510
5.640540
5.616030
5.745150
5.569090
5.606250
5.594490
5.651610
5.620120
5.665080
5.720070
5.774940
5.555630
5.729060
5.609260
5.622380
5.611570
5.743670
5.713440
5.681150
5.673920
5.605080
5.732140
5.621480
5.555490
5.651790
5.635950
5.567320
5.645360
5.684070
5.558430
5.751370
5.645790
5.661680
5.621070
5.665130
5.648030
5.689420
5.641210
5.582060
5.723560
5.630270
5.537210
5.669540
5.607140
5.726870
5.603780
5.624260
5.615460
5.631530
5.697860
5.668770
5.571450
5.739210
5.615490
5.637860
5.571710
5.614720
5.722380
5.529320
5.716510
5.742750
5.620060
5.682430
5.686900
5.701690
5.617820
5.619110
5.669790
5.684290
5.646110
5.690290
5.761130
5.595210
5.737080
5.663010
5.580520
5.672920
5.619900
5.659900
5.701140
5.702700
5.510150
5.724110
5.612010
5.707010
5.656680
5.732980
5.773510
5.643680
5.644950
5.612070
5.689950
5.643150
5.697440
5.697400
5.776170
5.575120
5.638350
5.620550
5.591550
5.585410
5.727470
5.668140
5.631130
5.622020
5.704030
5.707190
5.541620
5.639690
5.670830
5.606570
5.677570
5.695330
5.742520
5.649450
5.671050
5.600650
5.641600
5.762630
5.642410
5.685920
5.592040
5.705800
5.606790
5.641450
5.711930
5.729700
5.641050
5.627250
5.751710
5.554950
5.709130
5.667490
5.730000
5.727170
5.592500
5.623880
5.583860
5.680140
5.660660
5.719460
5.640480
5.742620
5.695930
5.710890
5.762240
5.749900
5.776040
5.570550
5.786800
5.663290
5.605270
5.588500
5.652030
5.634760
5.532070
5.665540
5.623270
5.777730
5.679630
5.660240
5.711950
5.695790
5.701130
5.670850
5.740240
5.684050
5.513310
5.650030
5.669450
5.697220
5.738360
5.637910
5.634850
5.661360
5.551920
5.710420
5.650370
5.582110
5.702430
5.612280
5.727510
5.660160
5.651210
5.688230
5.632140
5.682940
5.553990
5.734800
5.662050
5.586760
5.580510
5.613760
5.744410
5.708010
5.672360
5.593780
5.685250
5.677300
5.667100
5.666800
5.684680
5.673170
5.684320
5.748850
5.686740
5.680290
5.631760
5.580130
5.709920
5.714640
5.715820
5.518530
5.621340
5.701970
5.644210
5.772890
5.624190
5.622920
5.691260
5.680040
5.571830
5.575060
5.649560
5.664680
5.560140
5.578370
5.637760
5.673080
5.655510
5.594740
5.633470
5.620520
5.694120
5.662700
5.604640
5.616360
5.568790
5.621340
5.632660
5.615820
5.571690
5.537460
5.694210
5.714390
5.560090
5.564470
5.729200
5.625350
5.644660
5.630300
5.592850
5.714840
5.693230
5.553860
5.695360
5.665850
5.726620
5.647500
5.808170
5.662170
5.655770
5.646060
5.666620
5.693610
5.538500
5.618060
5.653520
5.559750
5.634970
5.607040
5.601850
5.647030
5.570800
5.725710
5.685180
5.646770
5.601380
5.691910
5.536260
5.825020
5.788260
5.727920
5.577450
5.667280
5.606530
5.746470
5.622830
5.651200
5.615230
5.699040
5.706830
5.776660
5.770650
5.655110
5.617930
5.734190
5.675600
5.695530
5.667660
5.687350
5.618530
5.605350
5.600730
5.564310
5.597640
5.782550
5.730920
5.673100
5.675940
5.604520
5.539360
5.744840
5.529230
5.564900
5.682580
5.658690
5.670470
5.687320
5.666590
5.613070
5.703260
5.633790
5.715870
5.588090
5.667790
5.744240
5.739340
5.693770
5.698440
5.607860
5.708910
5.737120
5.632880
5.626170
5.715920
5.684130
5.708850
5.651500
5.605400
5.685700
5.560070
5.781190
5.713190
5.693390
5.710660
5.599000
5.555540
5.554480
5.590230
5.584650
5.588930
5.577950
5.638000
5.534170
5.608300
5.513430
5.677290
5.692720
5.727140
5.699660
5.602890
5.819090
5.596270
5.648710
5.714160
5.672850
5.729980
5.636630
5.766280
5.581980
5.630270
5.668920
5.601950
5.635840
5.727540
5.692880
5.669390
5.629760
5.728150
5.710880
5.517690
5.611140
5.665940
5.655730
5.607270
5.678820
5.533230
5.622720
5.688300
5.684140
5.752330
5.667200
5.675540
5.562000
5.652630
5.697790
5.654620
5.664000
5.668490
5.662810
5.720230
5.638660
5.769880
5.732200
5.799890
5.750850
5.638820
5.717850
5.712000
5.530750
5.690290
5.666750
5.622570
5.646010
5.695770
5.595810
5.647470
5.648210
5.708180
5.637830
5.713870
5.659900
5.599800
5.649910
5.626750
5.651220
5.552510
5.752420
5.684180
5.687470
5.693010
5.681720
5.724990
5.614600
5.685240
5.672030
5.702140
5.676030
5.690200
5.858120
5.749240
5.799280
5.685690
5.605080
5.717920
5.619640
5.651160
5.660380
5.610490
5.654620
5.705490
5.698680
5.628070
5.669880
5.738670
5.624990
5.665670
5.628230
5.679050
5.712470
5.766630
5.615350
5.692730
5.632990
5.536820
5.717150
5.672960
5.684610
5.657460
5.738150
5.631590
5.636750
5.546890
5.619030
5.691750
5.686270
5.665830
5.827460
5.673060
5.635980
5.581700
5.659840
5.574940
5.790800
5.609250
5.590630
5.648940
5.568060
5.556530
5.643630
5.814480
5.756290
5.792830
5.659150
5.668520
5.625240
5.684610
5.577870
5.695070
5.629890
5.650780
5.578980
5.762860
5.622670
5.588810
5.663680
5.698460
5.682200
5.683150
5.724410
5.638220
5.757660
5.622120
5.753630
5.655510
5.723290
5.738860
5.664940
5.832390
5.741860
5.685070
5.635740
5.639660
5.692270
5.659080
5.660760
5.611570
5.639790
5.509250
5.641960
5.686340
5.613160
5.793520
5.694580
5.534100
5.628100
5.701830
5.703170
5.614760
5.671550
5.633920
5.594840
5.659580
5.666820
5.748050
5.658270
5.610820
5.588290
5.685900
5.630480
5.629710
5.641200
5.586090
5.605420
5.613590
5.679040
5.690380
5.645090
5.547670
5.685480
5.718390
5.679970
5.594540
5.696720
5.667170
5.653460
5.592010
5.772050
5.678870
5.593520
5.642990
5.733420
5.615650
5.611610
5.728830
5.633320
5.624620
5.602310
5.717960
5.693070
5.700550
5.708020
5.639600
5.769140
5.684070
5.654500
5.628840
5.655510
5.665300
5.719140
5.553080
5.651910
5.715360
5.594420
5.705260
5.759710
5.697060
5.658610
5.655370
5.738880
5.637550
5.587290
5.746480
5.694590
5.705300
5.575880
5.765650
5.808340
5.643560
5.635440
5.697910
5.656300
5.488810
5.633580
5.609150
5.643870
5.618840
5.568190
5.691740
5.587290
5.681660
5.715630
5.828830
5.672450
5.644720
5.663550
5.698940
5.562010
5.699510
5.739320
5.588420
5.601010
5.682860
5.680240
5.762130
5.713620
5.679410
5.536120
5.599980
5.611640
5.772420
5.662880
5.729340
5.619330
5.641550
5.634130
5.716130
5.618840
5.629040
5.726890
5.667830
5.636140
5.747430
5.603110
5.649490
5.574190
5.643410
5.568020
5.650360
5.585890
5.605940
5.722520
5.649900
5.825560
5.589950
5.498510
5.588470
5.597900
5.535080
5.653250
5.617210
5.621990
5.644030
5.662740
5.567290
5.751710
5.607490
5.738970
5.481520
5.652410
5.719350
5.743680
5.630520
5.662460
5.634370
5.636540
5.719820
5.741590
5.675040
5.548130
5.622350
5.656800
5.624050
5.708960
5.647710
5.640360
5.553630
5.718540
5.699240
5.775920
5.550640
5.648340
5.714390
5.682800
5.607210
5.719700
5.620220
5.551670
5.736950
5.690230
5.677550
5.664830
5.697740
5.775750
5.677150
5.671910
5.572730
5.744900
5.686290
5.620960
5.683030
5.734520
5.621370
5.641150
5.659780
5.583790
5.650700
5.593470
5.700630
5.673950
5.670180
5.529860
5.689680
5.721490
5.516200
5.582560
5.636750
5.661040
5.686730
5.634010
5.688140
5.514200
5.702620
5.702810
5.657450
5.628310
5.725170
5.631070
5.575810
5.851000
5.662700
5.676970
5.802790
5.595970
5.610170
5.660370
5.559420
5.715700
5.614150
5.688680
5.680620
5.505900
5.667730
5.662620
5.627870
5.686090
5.643170
5.817670
5.667690
5.617320
5.736230
5.652500
5.638120
5.679720
5.643500
5.593660
5.757600
5.633410
5.642680
5.636410
5.677010
5.623490
5.620710
5.594780
5.633190
5.627870
5.624220
5.599320
5.666520
5.699900
5.647400
5.657870
5.627010
5.631510
5.620190
5.549260
5.598680
5.715550
5.660590
5.693250
5.665750
5.645440
5.711230
5.701000
5.674160
5.582850
5.698810
5.571340
5.651020
5.703370
5.656260
5.739050
5.649500
5.707060
5.686750
5.665670
5.641640
5.594540
5.682240
5.594600
5.595850
5.773830
5.629310
5.621440
5.503950
5.679180
5.692470
5.791640
5.575140
5.599030
5.597520
5.679090
5.683530
5.635410
5.708320
5.638780
5.652520
5.643250
5.624390
5.727380
5.620260
5.762510
5.764580
5.650360
5.660990
5.787160
5.678300
5.647060
5.650250
5.672050
5.627160
5.652540
5.587910
5.700650
5.715610
5.620370
5.706410
5.598690
5.690110
5.729270
5.604070
5.643310
5.694970
5.739100
5.659170
5.553160
5.677600
5.589700
5.671620
5.625570
5.588250
5.498030
5.653780
5.707110
5.620790
5.691950
5.747910
5.660640
5.613130
5.625360
5.622330
5.691040
5.704200
5.613610
5.633670
5.764700
5.570160
5.666550
5.674810
5.719350
5.580560
5.664380
5.778820
5.602810
5.680600
5.747730
5.673820
5.664760
5.575010
5.690820
5.746610
5.868670
5.655570
5.554730
5.558500
5.645800
5.575850
5.823950
5.638660
5.579330
5.736260
5.720380
5.707610
5.648330
5.651480
5.791480
5.618140
5.661500
5.540620
5.767520
5.773720
5.679520
5.683040
5.596820
5.615150
5.649570
5.683580
5.714940
5.678620
5.749950
5.558800
5.633790
5.710270
5.637810
5.633060
5.686800
5.606780
5.670180
5.670190
5.643820
5.576780
5.537800
5.675770
5.607960
5.548160
5.682280
5.693910
5.651700
5.669760
5.726160
5.732710
5.748100
5.608210
5.669800
5.566450
5.684740
5.659470
5.703220
5.808140
5.637720
5.558900
5.674520
5.623930
5.668180
5.572000
5.660700
5.755440
5.619030
5.660120
5.639450
5.742670
5.579490
5.628450
5.695290
5.739440
5.615690
5.645840
5.621740
5.639600
5.691070
5.704620
5.704110
5.830610
5.703950
5.617340
5.690430
5.580060
5.600310
5.736740
5.649290
5.757260
5.652170
5.787660
5.642650
5.620270
5.674020
5.548760
5.644420
5.670920
5.607020
5.676020
5.690560
5.650640
5.636950
5.755110
5.746270
5.759350
5.625490
5.655460
5.683050
5.593200
5.590860
5.659190
5.725990
5.734740
5.595740
5.649960
5.560670
5.692910
5.671490
5.714630
5.552200
5.685720
5.754810
5.618530
5.533640
5.532110
5.687710
5.718580
5.693910
5.606960
5.644680
5.623390
5.690500
5.715660
5.671120
5.521440
5.777480
5.622050
5.612490
5.689930
5.656080
5.680490
5.595670
5.606480
5.615790
5.686740
5.613340
5.717500
5.635510
5.629480
5.747680
5.677920
5.642660
5.645180
5.667860
5.562050
5.606530
5.621190
5.522190
5.616170
5.588560
5.572610
5.680300
5.648370
5.674360
5.734390
5.713150
5.563280
5.598150
5.647820
5.587440
5.642630
5.618920
5.651460
5.570940
5.612440
5.567430
5.640320
5.553270
5.571830
5.638100
5.660230
5.669670
5.594830
5.632320
5.723730
5.697080
5.621760
5.677600
5.656100
5.570040
5.599970
5.657570
5.657840
5.605620
5.691130
5.692300
5.597730
5.647520
5.697000
5.671810
5.672020
5.676520
5.799180
5.684400
5.602100
5.557900
5.622430
5.707770
5.632980
5.689140
5.637940
5.662820
5.771480
5.554840
5.617810
5.669810
5.637940
5.731430
5.643440
5.631360
5.687780
5.719550
5.597820
5.661240
5.614420
5.692010
5.656490
5.677590
5.766010
5.561650
5.703500
5.693530
5.671840
5.560850
5.675680
5.600480
5.750830
5.580820
5.649570
5.651110
5.737020
5.631150
5.667060
5.791190
5.562980
5.779110
5.606760
5.619300
5.763960
5.689740
5.696740
5.677430
5.696620
5.710530
5.687860
5.555280
5.675790
5.658290
5.619700
5.674780
5.572270
5.672440
5.632680
5.655150
5.684460
5.751830
5.739470
5.645280
5.735750
5.634070
5.631270
5.599960
5.583600
5.573830
5.675670
5.591070
5.719450
5.585720
5.568400
5.759720
5.685880
5.621880
5.757610
5.668310
5.659460
5.612640
5.637170
5.675860
5.697060
5.608050
5.741770
5.642540
5.492480
5.674660
5.574720
5.607160
5.635380
5.749430
5.634440
5.596120
5.640980
5.678480
5.625600
5.721090
5.502930
5.645520
5.627670
5.686200
5.686200
