10.795822
10.646936
10.602859
10.784133
10.761780
10.632377
10.742490
10.502418
10.643496
10.535797
10.688644
10.727942
10.585593
10.574610
10.746683
10.588308
10.624906
10.530758
10.705114
10.540824
10.733930
10.436279
10.766345
10.765865
10.909286
10.851905
10.558671
10.754033
10.505255
10.544228
10.737905
10.925166
10.871567
10.755638
10.683178
10.547827
10.920745
11.157068
10.828998
10.732342
10.896685
10.733515
10.658240
10.616563
10.636510
10.534921
10.731785
10.611225
10.784504
10.751834
10.626781
10.917143
10.702402
10.917906
10.669896
10.830784
10.737623
10.861246
10.839146
10.597867
10.793353
10.504986
10.752749
10.611987
10.646383
10.667372
10.616185
10.520007
10.783112
10.844317
10.597143
10.669010
10.843758
10.870316
10.698546
10.807030
10.947134
10.719151
10.600231
10.857435
10.456657
10.754662
11.164378
10.768818
10.738609
10.972552
10.641924
10.793796
10.692555
10.548405
10.919334
11.219476
12.155042
10.672629
10.563114
10.821692
10.458405
10.767017
10.566572
10.784154
10.620933
10.685170
10.527867
10.782932
10.510958
10.745022
10.747738
10.645000
10.766916
10.692938
10.808305
10.650154
10.867621
10.899578
10.573887
10.774249
10.692172
10.599460
10.788464
10.719121
10.556822
10.790710
10.680604
10.953969
10.714681
11.019910
10.584904
10.674363
10.618174
10.662231
10.523193
10.592206
10.665206
10.669042
10.625683
10.560327
10.611425
10.680043
10.492671
10.559202
10.601436
10.791418
10.879411
10.859912
10.976041
10.789546
10.538933
10.526849
10.942222
10.850917
10.567027
10.741102
10.754986
10.621203
10.594048
10.737817
10.771369
10.659296
10.586166
10.732434
10.809475
10.538671
10.798172
10.289155
10.807010
10.740372
10.535951
10.809698
10.689730
10.743696
10.626416
10.580107
10.922046
10.801729
10.586597
10.861341
10.663256
10.600740
10.586650
10.869909
10.484088
10.739483
10.710343
10.459149
10.748966
10.978482
10.655747
10.707434
10.735170
10.786619
10.635804
10.608540
10.655888
10.616965
10.520545
10.703274
10.742725
10.411639
10.801586
10.620568
10.544303
10.542327
10.687812
10.729734
10.597668
10.460944
10.846497
10.646262
10.964776
10.768807
10.539057
10.585821
10.593569
10.690510
10.569769
10.637629
10.551520
10.628662
10.868325
10.422030
10.607412
10.610325
10.635820
10.739083
10.545538
10.878454
10.701325
10.587504
10.780726
10.624304
10.612091
10.567886
10.678516
10.601164
10.694633
10.609610
10.732674
10.641763
10.564178
10.544260
10.621364
10.619698
10.809132
10.773036
10.399909
10.580671
10.531619
10.556894
10.621779
10.801614
10.749171
10.697787
10.528374
10.679781
10.952392
10.688522
10.652748
10.575012
10.637298
10.635715
10.754896
10.973095
10.973372
10.610993
11.033048
10.651261
11.016484
10.918003
10.604568
10.795192
10.635158
10.759552
10.605316
10.897147
10.727927
10.837364
10.697129
10.609781
10.950963
10.903151
10.540151
10.580356
10.940552
10.763082
10.671611
11.002988
10.769764
10.737366
11.090350
10.794751
10.782462
10.720728
10.488051
10.692854
10.579139
10.928221
10.690151
10.772997
10.698385
10.788510
10.921656
10.808290
10.911649
10.718347
10.682490
10.743639
10.762089
10.915682
10.680897
10.704098
10.564361
10.620895
11.117044
10.712485
10.676085
10.625040
10.723695
10.622093
10.725784
10.956926
10.851399
10.578214
10.815653
10.628554
10.673753
10.634061
10.771008
10.746322
10.913571
10.661946
10.567666
10.646323
10.638438
10.826056
10.652425
10.673601
10.538120
10.692650
10.677135
10.715176
10.732030
10.608700
10.703441
10.953690
10.741017
10.704489
10.637990
10.612448
10.634586
10.562147
10.897085
10.566961
10.779187
10.671970
10.721694
10.654439
10.550956
10.599389
10.575908
10.879267
10.757493
10.685564
10.842733
10.542845
10.603301
10.915489
10.605518
10.811152
10.638080
10.934360
10.677037
10.887648
10.764535
10.522509
10.658023
10.695381
10.727580
10.665759
10.503787
10.586359
10.611953
10.522388
10.624760
10.761959
10.497939
10.634562
10.955249
10.607541
10.643308
10.534427
10.807918
10.623431
11.111692
10.662134
10.781980
10.600644
10.527854
10.534765
10.700097
10.772896
10.728416
10.653796
10.576856
10.450244
10.698948
10.547091
10.947870
10.722318
10.572930
10.603275
10.666352
10.770163
10.699611
10.741983
10.896393
10.728127
10.686757
10.624587
10.790268
11.004552
10.604956
10.617328
10.669069
10.683977
10.623526
10.676387
10.643750
10.732914
10.599751
10.635057
10.669044
10.749494
10.806229
10.881430
10.624433
10.553247
10.688126
10.631899
10.689311
10.706782
10.901851
10.657440
10.629553
10.725308
10.785391
11.017854
10.821275
11.078074
11.121576
10.887619
11.114702
10.477032
10.643916
10.972854
10.625176
10.551862
10.662480
10.661744
10.766847
10.599523
10.769823
10.766274
10.711940
10.968857
10.588922
10.560591
10.704874
10.422840
10.570729
10.824788
10.631155
10.605749
10.757090
10.566557
10.535735
10.567941
10.777992
10.938715
10.576984
10.753610
10.776258
10.845488
10.509995
10.627385
10.796125
10.831177
10.773875
11.009842
10.736338
10.624704
10.706574
11.060453
10.648129
10.924994
10.556189
10.575796
10.787241
10.708616
10.682479
10.775887
10.766353
10.663647
10.662593
10.890853
11.046008
10.934982
10.798324
10.707085
11.991588
10.731567
11.005282
10.679224
10.912065
10.707833
10.630745
10.696329
10.822042
10.907876
10.735589
10.761086
10.572266
10.645945
10.720311
10.619580
10.713319
10.730427
10.831611
10.564514
10.843405
10.816005
10.754050
10.993076
10.685982
10.718463
10.702587
10.661801
10.564268
10.677562
10.725352
10.592152
10.651671
10.754543
10.524613
10.592996
10.793339
10.823988
10.662507
10.726039
10.641847
10.539359
10.672673
10.538408
10.720172
10.899073
10.593637
10.656304
10.604895
10.769244
10.521590
10.683275
10.682427
10.648019
10.836292
10.768531
10.579600
10.780741
10.555844
10.721793
10.561831
10.624433
10.728089
10.612535
10.433065
10.558879
10.729826
10.724897
10.841463
10.643686
10.805519
10.712482
10.616219
10.904196
10.627964
10.679900
10.748536
10.700623
10.695986
10.565105
10.764961
10.638215
10.865475
10.788698
10.665915
10.878544
10.840892
10.612692
10.736573
10.691745
10.698538
10.899599
10.945793
10.812753
10.718822
10.609948
10.658173
10.620050
10.642408
11.016399
10.723544
10.608682
10.398007
10.816009
10.484580
10.707394
10.825170
10.640231
10.785685
10.658053
10.566258
10.856486
10.756064
10.725508
10.692233
10.718140
10.541270
10.634331
10.867277
10.687864
10.592664
10.592380
10.541235
10.707171
10.600376
10.562400
10.690495
10.691477
10.666827
10.498129
10.537190
10.762190
10.667419
10.812352
10.595113
10.765284
10.711938
10.658921
10.784396
10.766039
10.708809
10.753340
10.883759
10.752720
10.818615
10.621057
10.506554
10.669448
10.790935
10.902504
10.648550
10.803217
10.802078
10.564201
10.702620
10.651672
10.661389
10.653957
10.724113
10.735357
10.834824
10.913553
10.762381
10.579825
10.765767
10.897634
10.852511
10.915652
10.848170
10.736313
10.810455
10.793518
10.572097
10.722371
10.637496
10.521009
10.563167
10.640271
10.644403
10.591368
10.625197
10.696927
10.526745
10.561473
10.801943
10.605342
10.828007
10.461087
10.689133
10.560181
10.639685
10.705039
10.672437
10.516699
10.680817
10.687469
10.590799
10.628217
10.672013
10.561183
10.715096
10.608725
10.649342
10.738153
10.544157
10.557260
10.669366
10.892140
10.862515
10.721278
10.609861
10.701170
10.478245
10.519245
10.791636
10.680441
10.812320
10.737511
10.587183
10.822245
10.751673
10.471027
10.714340
10.707419
10.955181
10.748183
10.833073
10.698888
10.700843
10.754526
10.514456
10.892953
10.737696
10.665673
10.891141
10.700335
10.826171
10.466187
10.583061
10.684309
10.631194
10.784414
10.658139
10.477408
10.845850
10.339002
10.912755
10.684167
10.568281
10.775716
10.634081
10.742886
10.887418
10.650878
10.686005
10.758158
10.746357
10.704077
10.614424
10.694136
10.839878
10.464943
10.642508
10.748785
10.751103
10.610322
10.666896
10.916348
10.692460
10.396674
10.576433
10.661245
10.585486
10.704609
10.841913
10.609820
10.568440
10.488474
10.498915
10.918537
10.633042
10.815551
10.607875
10.528585
10.822902
10.560497
10.535600
10.744117
10.648784
10.779914
10.786966
10.826623
10.785876
10.681110
11.101434
10.785604
10.733240
10.800580
10.953898
10.594873
10.619983
10.722727
10.659204
10.592463
10.524711
10.678907
10.782933
10.580134
10.572275
10.721330
10.725737
10.709559
10.955922
10.637306
10.695363
10.881845
10.837947
10.609784
10.702768
10.544106
11.079398
10.583635
10.675299
10.729882
10.595464
10.612421
10.589400
10.768386
11.012797
10.602052
10.672291
10.536925
10.581618
10.743658
10.658813
10.679055
10.531072
10.726728
10.712803
10.721245
10.727474
10.678819
10.904760
10.496665
10.858643
10.731261
10.377061
10.771424
10.651202
10.753214
10.677356
10.613316
10.707961
10.562750
10.546102
10.702051
10.585688
10.767852
10.725423
10.795123
10.719471
10.577135
10.739580
10.788420
10.712774
10.775298
10.605038
10.559964
10.636809
10.669832
10.466494
10.749576
10.725742
10.584275
10.735188
10.717433
10.669358
10.593112
10.783684
10.973646
10.835325
10.749275
10.653927
10.893450
10.698238
10.793754
10.802998
10.996257
10.541955
10.710036
10.520362
10.592273
10.725079
10.806272
10.651222
10.788930
10.803473
10.613632
10.761255
10.807672
10.590942
10.868205
10.673991
10.528138
10.469787
10.700723
10.631036
10.897242
10.698917
10.511678
10.720443
10.598027
10.625189
10.723003
10.752431
10.603663
10.642814
10.587711
10.549816
10.767540
10.663077
10.593182
10.637418
10.671872
10.612541
10.545977
10.477022
10.652403
11.069052
10.714075
10.593587
10.468476
10.831295
10.553578
10.924831
10.890366
10.590303
10.566369
10.649732
10.740259
10.685181
10.570321
10.631555
10.856319
10.488046
10.718363
11.042343
10.582146
10.707251
10.856316
10.520004
10.956589
10.645239
10.549139
10.690395
10.612582
10.735001
10.885409
10.648500
11.051602
10.803892
10.505106
10.485516
10.734029
10.644053
10.861608
10.630924
10.663961
10.531183
10.606177
10.726489
10.568455
10.461539
10.580812
10.765817
10.605022
10.660807
10.610023
10.536650
10.520162
10.509156
10.832563
10.779398
10.757100
10.728440
10.743606
11.072892
10.644012
10.837355
10.934050
10.753975
10.729572
10.731601
10.516773
10.472473
10.692733
10.652131
10.601443
10.615485
11.049483
10.674953
10.703511
10.811265
10.748775
10.870077
10.648863
10.531532
10.671853
11.013599
10.765795
10.796847
10.512788
10.797334
10.789938
10.947519
10.895815
10.747583
10.715498
10.960590
10.986647
10.682318
10.714999
10.622614
10.838190
10.685200
10.618623
10.880802
10.893571
10.755060
10.754208
10.721389
10.956251
10.732379
10.712647
10.727870
10.654056
10.560582
10.757794
10.645095
10.748104
10.734143
10.530235
10.918323
10.857645
10.851407
10.587442
10.894225
10.624104
10.939290
10.696220
10.558067
10.615571
10.568205
10.400737
10.580694
10.727112
10.727433
10.759210
10.735928
10.444741
10.640012
10.959371
10.518340
10.663725
10.594223
10.708153
10.895680
10.617918
10.702824
10.826222
10.602240
10.723333
10.754439
10.711646
10.706134
10.785373
10.665672
10.536223
10.597850
10.610335
10.765432
10.755461
10.744069
10.582837
10.662606
10.431771
10.777862
10.790499
10.643518
10.602691
10.756641
10.500077
10.565849
10.737095
10.683631
10.875519
10.795185
10.775187
10.782541
10.556703
11.081742
10.559919
10.562569
10.493405
10.665098
10.767718
10.850579
10.769435
10.921121
10.715811
10.631671
10.670446
10.726378
10.684442
10.681274
10.768194
10.857230
10.888879
10.782732
10.657312
10.627949
10.986153
10.693610
10.985708
10.674137
10.486678
10.597769
11.253705
10.827933
10.504553
10.416560
10.641664
10.660664
10.604531
10.780167
10.541339
10.577216
10.636592
10.613997
10.885255
10.573893
10.613302
10.609240
10.686305
10.720126
10.734048
10.833856
10.753700
10.571342
10.569597
10.649654
10.726200
10.833596
10.614289
10.713123
10.795579
10.480915
10.606056
10.531874
10.660723
10.865881
10.734356
10.495907
10.761235
10.716038
10.814339
10.860708
10.759104
10.663950
10.574541
10.824601
10.682901
10.682962
10.767934
10.579288
10.825866
10.756455
10.588104
10.675854
10.647137
10.797303
10.897477
10.663878
10.758428
10.618010
10.634414
10.530142
10.724797
10.676428
10.628569
10.711020
10.627260
10.612213
10.646379
10.615032
10.473993
10.573528
10.907653
10.887330
10.578764
10.593050
10.765337
10.554074
10.689852
10.639556
10.835933
10.618535
10.760590
10.559706
10.692658
10.737962
10.781866
10.650201
10.627050
10.758712
10.618446
10.777352
10.643578
10.713768
11.097968
10.663997
10.833029
10.455212
10.754493
10.980745
10.692831
10.604179
10.681564
10.447181
10.761705
10.727910
10.615873
10.536321
10.788042
10.609608
10.649033
10.683355
10.682003
10.476037
10.531699
10.528004
10.681973
10.795692
10.699420
10.832290
10.560704
10.594643
10.823109
10.868483
11.016887
10.801097
10.680410
10.494572
10.849637
10.603827
10.997597
10.651707
10.726854
10.642805
10.622389
10.666258
10.804237
10.639300
10.675102
10.719709
10.609174
10.358278
10.596526
10.551195
10.720461
10.570804
10.712817
10.576170
10.707321
10.790777
10.768484
10.699532
10.571585
10.791353
10.779699
10.646042
10.563814
10.497037
10.717532
10.608675
10.687877
10.673041
10.823731
10.591710
10.635843
10.765911
10.722975
10.702500
10.877638
10.713990
10.543721
10.679581
10.424427
10.425806
10.740932
10.511613
10.875860
10.823354
10.664302
10.863413
10.723070
10.657191
10.519993
10.709439
10.696535
10.699376
10.952707
10.521703
10.653733
10.901852
10.649827
10.858979
10.545163
10.687440
10.711756
10.824582
10.716129
10.904283
10.623373
10.651218
10.695548
10.670114
10.646872
10.640337
10.736246
10.626020
10.788004
10.600898
10.576982
10.660329
10.659423
10.686332
10.726965
10.564706
10.413301
10.766783
10.554340
10.945512
10.603761
10.443883
10.686070
10.546443
10.660970
10.649199
10.738764
10.834741
10.688899
10.611817
10.652780
10.607549
10.663245
10.844003
10.565658
10.730366
10.855048
10.599476
10.696762
10.906741
10.720036
10.813852
10.774649
10.702551
10.662916
10.595529
10.723758
10.688559
10.721839
10.511590
10.671098
10.655132
10.760797
10.765337
10.685674
10.712062
10.712470
10.707042
10.560859
10.452138
10.692647
10.841098
10.664003
10.860635
10.542101
10.605710
10.635537
10.737697
10.724173
10.733567
10.753408
10.654504
10.540104
10.820583
11.218586
10.485232
10.527414
10.659418
10.510441
10.711583
11.294912
10.582073
10.495283
10.703716
10.579511
10.787231
10.674243
10.945598
10.664521
10.728608
10.740603
10.661747
10.808057
10.750683
10.739984
10.746502
10.710474
10.735167
10.551111
10.608996
10.947279
10.573995
10.778901
10.719423
10.779950
10.977851
10.863217
10.732176
10.727673
10.570491
10.684825
10.804956
10.850119
10.847367
10.537196
10.780209
10.708179
10.830825
10.658236
10.696395
10.830416
10.807357
10.835533
10.620171
10.851193
10.600317
10.856048
10.712293
10.611220
10.772821
10.827575
10.755961
10.890292
10.697967
10.753583
10.651009
10.727529
10.549436
10.499422
10.659124
10.604940
10.721662
10.750692
10.573754
11.018310
10.674534
10.751202
10.681462
10.924858
10.907022
10.723839
10.441870
10.813804
10.691046
10.646430
10.753021
10.759222
10.744218
11.147848
10.957903
11.234518
10.813416
10.414421
10.910535
11.022450
10.707895
10.793005
11.005137
10.751110
10.696707
10.634865
10.556339
10.623313
10.729974
10.900029
10.619425
10.570716
10.741134
10.702399
10.608814
10.672135
10.766458
10.568863
10.649751
10.728527
10.425980
10.635008
10.584481
10.736256
10.607372
10.547258
10.778457
10.416083
10.715707
10.801831
10.649170
10.665902
10.680050
10.595488
10.658371
10.662995
11.040299
10.717817
10.810486
10.929118
10.518829
10.584124
10.472173
10.888938
10.741079
10.535057
10.705139
10.645810
10.586098
10.646500
10.532708
10.533752
10.635413
10.364353
10.600691
10.491151
10.721024
10.582398
10.557696
10.572572
10.560663
10.817699
10.654143
10.706172
10.789991
10.571261
10.784297
10.566809
10.617869
10.639385
10.587806
10.629609
10.728016
10.715469
10.432627
10.489907
10.594751
10.544391
10.811115
10.762508
10.646992
10.605989
10.855548
10.406596
10.786604
10.679896
10.721732
10.653028
10.877508
10.772701
10.734220
10.666939
10.896965
10.554978
10.721398
10.620842
10.572269
10.755497
10.678909
10.690609
10.817896
10.744604
10.812072
10.630031
10.764630
10.643086
10.879035
10.726696
10.564429
10.421196
10.867763
10.701713
10.526642
10.890190
10.974877
10.755487
10.688522
10.502062
10.658279
11.028461
10.586297
10.816976
10.838612
10.725099
10.496309
10.534732
10.762359
10.766447
10.870616
10.897546
10.635604
10.806335
10.737001
10.655864
10.636839
10.524156
10.732395
10.491117
10.810914
10.595410
10.594377
10.719355
10.799353
10.783943
10.829514
10.734534
10.674310
10.813631
10.800592
10.892328
10.438018
10.704763
10.637441
11.118615
10.866440
10.715501
10.721543
10.822180
10.607672
10.688273
10.727590
10.654763
10.528826
10.832439
10.588792
10.583574
11.043373
10.694027
10.559130
10.833623
10.673275
11.130109
10.672837
10.556756
10.614746
10.601371
11.058651
10.613711
10.592401
10.722281
10.501774
10.644711
10.740606
10.693593
10.631990
10.601381
10.493556
10.612046
10.540465
10.664662
10.608498
10.634240
10.599601
10.754450
10.728934
10.403554
10.640507
10.749280
10.831696
10.599967
10.784412
10.650799
10.770240
10.528912
10.718228
10.599840
10.624803
10.595480
10.686182
10.880513
10.728525
10.553144
10.797286
10.926625
10.753064
10.568769
10.692553
10.861677
10.608932
10.708246
11.006169
10.821030
11.157595
10.612219
10.583307
10.530843
10.614056
10.527459
10.758074
10.822879
10.433417
10.662755
10.642796
10.568994
10.799055
11.151951
10.475825
10.621541
10.800117
10.654015
10.558616
10.777517
10.700263
10.700947
10.775999
10.767023
11.007807
10.434570
10.568463
10.707969
10.593990
10.682304
10.606274
10.787873
10.955726
10.723891
10.560210
10.842790
10.742449
10.607121
10.581307
10.519790
10.766802
10.800810
10.509251
10.837863
10.624755
10.652741
10.781000
10.590341
10.717044
10.807487
10.704067
10.658968
10.689505
10.821158
10.701676
10.659198
10.540726
10.811316
11.021053
10.498791
10.621166
10.604507
10.570913
10.836352
10.666232
10.714174
10.545485
10.515101
10.553356
10.682711
10.496705
10.941104
10.627741
10.741527
10.677634
10.634846
10.469577
10.546557
10.579591
10.826724
10.431910
10.489760
10.526703
10.452219
10.717786
10.472857
11.024223
10.719215
10.865708
10.767347
10.515163
10.798519
10.627400
10.771918
10.990661
10.617838
10.796133
10.704533
10.713279
10.727518
10.769461
10.639599
10.790383
10.968025
10.810257
10.786797
10.473895
10.618998
10.934020
10.710620
10.842160
10.594543
10.824846
10.812313
10.757718
10.659165
10.836809
10.468660
10.715356
10.647136
10.646264
10.470037
10.576735
10.645326
10.667016
10.694308
10.547245
10.822323
10.637471
10.510891
10.749112
10.809298
10.629600
10.710309
10.936101
10.951329
10.706142
10.498488
10.729263
10.835471
10.683132
10.848275
10.507986
10.582643
10.640136
10.633431
10.652219
10.741190
10.739179
10.807633
10.732316
10.631834
10.569718
10.814556
10.720542
10.755497
10.632141
10.772423
10.734067
10.451349
10.724845
10.784989
10.481658
10.770697
10.824992
10.774562
10.633291
10.807832
10.864785
10.720327
10.616215
10.900636
10.754382
10.711598
10.519498
10.685709
10.556785
10.678484
10.705153
10.566166
10.630314
10.624696
10.608965
10.887173
10.477873
10.584578
10.692393
10.403918
10.481786
10.766463
10.651352
10.643498
10.718838
10.405442
10.600388
10.655906
10.823324
10.799624
10.580572
10.619065
10.586247
10.474617
10.671847
10.778876
10.671790
10.921813
10.492151
10.704967
10.831700
10.608357
11.063599
10.541498
10.635670
10.680667
10.747558
11.192278
10.502191
11.087693
10.602707
10.915697
10.476401
10.544577
10.699531
10.840667
10.839991
10.680316
10.600174
10.580612
10.744909
10.458398
10.954112
10.507193
10.882295
10.836876
10.607934
10.641247
10.577435
10.577163
10.694332
10.603797
10.587502
10.516803
10.534009
10.660235
10.842395
10.743943
10.864568
11.004315
10.650231
10.496195
10.779481
10.549698
10.754710
10.745493
10.421976
10.606678
10.513911
10.777975
10.729882
10.643372
10.789267
11.023988
10.531847
10.651713
10.729815
10.686727
10.825216
10.836473
10.725954
10.628389
10.544930
10.439058
10.867684
10.589145
10.555940
10.749179
10.579524
10.978531
10.543269
10.533954
10.723486
10.607327
10.356554
10.477909
10.700645
10.720234
10.766496
10.729429
10.879570
10.536288
10.773854
10.885177
10.495892
10.708676
10.426641
10.649106
10.481013
10.668714
10.659155
10.719012
10.669109
10.685760
10.485980
10.698959
10.703238
10.727957
10.658361
10.758296
10.793216
10.439878
10.750376
10.605701
10.921363
10.681122
10.731709
10.603044
10.879842
10.710238
10.865850
10.957081
10.635126
10.599009
10.595795
10.584162
10.619575
10.670048
10.524064
10.752673
10.714373
10.589190
10.834710
10.754042
10.656360
10.591234
10.660031
10.623402
10.681076
10.862046
10.879238
10.688443
10.946134
10.815475
10.885213
10.899612
10.695876
10.643546
10.852404
10.547405
10.673459
10.642580
10.713473
10.752545
10.679272
10.680387
10.805788
10.610620
10.799443
10.877492
10.746805
10.731864
10.749115
10.757460
10.752494
10.622079
10.724904
10.856643
11.017944
11.121228
10.679301
10.521029
10.736453
10.558279
10.714528
10.637860
10.618119
10.783552
10.565847
10.879905
10.629776
10.503010
10.610942
10.807058
10.773735
10.741568
10.917341
10.552795
10.664143
10.592994
10.718181
10.436132
10.730086
10.674189
10.780521
10.714051
10.617057
10.629007
10.686362
10.852353
10.671807
10.731413
10.604304
10.608836
10.668991
10.680808
10.505089
10.641455
11.021420
11.131042
10.476142
10.652514
10.731483
10.652903
10.577623
10.582295
10.529101
10.809665
10.563007
10.569733
10.518808
10.871931
10.609676
10.843778
10.678734
10.596807
10.694414
10.827202
10.884349
10.595767
10.466077
10.626884
10.727735
10.698977
10.873842
10.628479
10.694858
10.593685
10.587929
10.504666
10.730461
10.782977
10.360949
10.560366
10.526948
10.540272
10.722188
10.976470
10.537086
10.659548
10.741807
10.872615
10.599815
10.643267
10.758105
10.704940
10.946138
10.870961
10.790390
10.555258
10.809749
10.952349
10.626338
10.784697
10.943588
10.670860
10.671941
10.634633
10.815229
10.953415
10.829899
10.925847
10.599665
10.713453
10.753369
10.765653
10.484325
10.787042
10.747163
10.893048
10.858253
10.640663
10.813503
10.565417
10.799001
10.742203
10.775656
10.870641
10.905156
10.901804
10.802788
10.548147
11.127083
10.704181
10.516314
10.710573
10.855984
10.660260
10.712109
10.700097
10.738027
10.542082
10.660800
10.480347
10.490092
10.422845
10.546729
11.099667
10.776982
10.563093
10.523165
10.449711
10.839659
10.632680
10.850405
10.680828
10.951770
10.581447
10.686249
10.571002
10.653162
10.449718
10.561440
10.646676
10.524759
10.713177
10.675391
10.623375
10.691265
10.623598
10.629657
10.625856
10.699591
11.140284
10.772286
10.656858
10.525849
10.833875
10.700272
10.643322
10.728140
10.904523
10.749408
10.706169
10.907556
10.829670
10.589826
10.672989
10.781083
10.721416
10.803804
10.787991
10.609858
11.105680
10.535298
10.894058
10.697912
10.755469
10.694301
10.559500
10.714260
10.793134
10.675733
10.678844
10.691647
10.583909
11.060640
10.697218
10.954931
10.496276
10.609503
10.787889
10.654356
10.663427
10.923404
10.624461
10.820605
10.963426
10.426812
10.600621
10.501597
10.789464
10.685509
10.686716
10.788748
10.697098
10.777641
10.580405
10.798276
11.774115
10.708899
10.631976
11.045557
10.767906
10.591187
10.603763
10.615082
10.581266
10.576476
10.797123
10.533940
10.686939
10.820013
10.967258
10.592012
10.642016
11.429878
10.806721
10.676167
10.716736
10.625942
10.786069
10.684446
10.810151
10.770117
10.588484
10.621067
10.648778
10.812364
10.688245
10.656451
10.705641
10.673842
10.744318
10.787115
10.547739
10.595571
10.899946
10.721802
10.563758
10.682779
10.670970
10.699564
10.723803
10.930687
10.779351
10.726652
10.587655
10.666169
10.867644
10.796342
10.994864
10.995503
10.575550
10.775625
10.738017
10.708261
10.491686
10.653806
10.557973
10.787727
10.446984
10.801555
10.979570
10.976233
10.811705
10.659151
10.930274
10.529289
10.947302
10.714737
10.756580
10.574177
10.792729
10.527090
10.746372
10.825833
10.643881
10.670800
10.755213
10.546988
10.684229
10.726473
10.562175
10.616828
10.595997
10.668365
10.688889
10.576912
10.768499
10.630819
10.564981
10.588463
10.766003
10.456942
10.711874
10.849033
10.695329
10.752316
10.773431
10.656901
10.648749
10.601156
10.714025
10.827834
10.731518
10.744060
11.038808
10.529445
10.633282
10.771992
10.613560
10.666352
10.668525
10.601445
10.519610
10.590338
10.749867
10.624524
10.527640
10.744572
10.805272
10.716130
10.480553
10.656780
10.617182
10.625840
10.679578
10.642440
10.755328
10.907073
11.066605
10.710608
10.475847
10.792833
10.818946
10.719587
10.538438
10.604092
10.847041
10.635899
10.744761
10.761051
10.745934
10.580029
10.479197
10.845833
10.657904
10.853656
10.835359
10.714253
11.047585
10.732654
10.639048
10.797492
10.478545
10.795912
10.470995
10.747546
10.560987
10.682662
10.791480
10.958807
10.830634
10.497985
10.539250
10.605020
10.755000
10.679060
10.547936
10.887537
10.603089
10.569124
10.729352
10.505437
10.663691
10.629827
10.797602
10.799108
10.349497
10.658637
10.934892
10.685156
10.606636
10.820357
10.885930
10.904009
10.448911
10.859800
10.843385
10.598715
10.588633
10.978930
10.685403
10.575882
10.697473
10.413402
10.669051
10.601387
10.739918
10.375929
10.733129
10.653249
10.628574
10.640162
10.750224
11.007777
10.630391
10.718908
10.661475
10.664411
10.682026
10.717277
10.718035
10.912934
10.596019
10.614024
10.554368
10.705387
10.648354
10.512313
10.519938
10.967048
10.652784
10.445046
10.974517
10.775755
10.606731
11.226172
10.742290
10.878812
10.812834
10.828933
10.783951
10.699284
10.457533
10.507582
10.821272
10.620892
10.829756
10.823763
10.711920
10.970304
10.607564
10.512267
10.560032
10.906042
10.550300
10.792949
10.858140
10.771091
11.262850
10.637346
10.825587
10.495663
10.695756
10.952209
10.738582
10.551587
10.747904
10.723374
10.718002
10.478393
10.639411
10.448689
10.683628
10.688493
10.594300
10.558331
10.715091
10.826865
10.640501
10.699795
10.762869
10.884836
10.974443
10.595887
10.746952
10.657052
10.768842
10.768327
10.724047
10.464357
10.742087
10.608417
10.794110
10.768796
10.494680
10.577312
10.700165
10.857497
10.614493
10.530951
10.555523
10.863348
10.925555
10.781756
10.795054
10.535709
10.895439
10.645149
10.491727
10.704258
10.871137
10.758107
10.478560
10.804259
10.811425
10.798779
10.740422
10.876136
10.757591
10.653941
10.890900
10.885668
10.977309
10.616199
10.845942
10.634187
10.591580
10.791070
10.557822
10.788089
10.633314
10.774319
10.634064
10.903800
10.559359
10.814639
10.636817
10.952376
10.969791
10.907935
10.814757
10.830664
10.637357
10.811732
10.503290
10.613374
10.546232
10.980494
10.804060
10.725243
10.811293
10.849810
10.629752
10.864793
10.833554
10.688131
10.736436
10.772429
10.748068
10.627336
10.846027
10.625121
10.619177
10.785000
10.654962
10.791431
10.599149
10.658666
10.639283
10.499545
10.709219
10.820825
10.369492
10.583518
10.847909
10.618802
10.595312
10.609238
10.639479
10.624071
10.624260
10.704185
10.890959
10.730084
10.637483
10.591957
10.624243
10.932161
10.501163
10.488949
10.705349
10.767998
10.605583
10.707912
10.760652
10.615539
10.721062
10.765912
10.513261
10.715454
10.594750
10.626911
10.978475
10.523789
10.588644
10.607376
10.569514
10.659264
10.721061
10.490561
10.621599
10.830862
10.698413
10.686481
10.557663
10.918932
10.922673
10.737543
10.710463
10.611356
10.767620
10.594589
10.482042
10.947863
10.971610
10.680580
10.752769
10.666625
10.779863
10.516414
10.440980
10.657822
10.550797
10.779547
10.931608
10.683794
10.566839
10.680574
10.955662
10.945241
10.666468
10.595152
10.759138
10.646498
10.464174
10.860934
10.607356
10.456057
10.651435
10.624532
10.765983
10.799034
10.494038
10.616861
10.556585
10.660221
10.898325
10.606788
10.602238
10.495279
10.910092
10.508971
10.982062
10.500275
10.662159
10.618492
10.651000
10.499233
10.740271
10.644939
10.726490
10.472058
10.713062
10.703779
10.752938
10.565855
10.427441
10.664396
10.750448
10.486270
10.660072
10.730433
10.758632
10.662200
11.092873
10.833746
10.771618
10.780473
10.662351
10.657975
10.774823
10.726676
10.879373
10.590840
10.564514
10.701295
10.600369
10.823837
10.690945
10.786182
10.548554
10.799896
10.702574
10.781940
10.580370
10.730229
10.502706
10.923682
10.751796
10.735975
10.563539
10.747344
10.578617
10.970483
10.479881
10.552688
10.692950
10.761904
10.547000
10.846569
10.961357
10.939840
10.694727
10.750796
10.708903
10.734377
10.667316
10.654215
10.771341
10.680778
10.494640
10.865781
10.528166
10.692470
10.724816
10.705854
10.328776
10.598257
10.797415
10.792781
10.566739
10.803223
10.550780
10.926809
10.735654
10.590685
10.608815
10.688634
10.677979
10.755202
10.864807
10.593807
10.857764
10.686922
10.676735
10.533775
10.628264
10.644829
10.684432
10.717507
10.677742
10.826898
10.677689
10.604899
10.570273
10.543265
10.556965
10.753523
10.687146
10.752981
10.713924
10.748832
10.815700
10.827039
10.843463
10.753043
10.997279
10.866470
10.643310
10.585299
10.581537
10.860379
10.427078
10.696687
10.609717
10.568731
10.885209
10.398222
10.395918
10.351303
10.585546
10.591164
10.670007
10.761273
10.719181
10.648359
11.070836
10.752052
10.618782
10.723486
10.653548
10.547969
10.748513
10.388027
11.123221
10.774818
10.640288
10.632476
10.550956
10.681316
10.792251
10.734347
10.597653
10.831795
10.521905
10.850281
10.693671
10.843660
10.942588
10.394097
10.566081
10.671998
10.734595
10.735666
10.805145
10.678938
10.710068
10.600308
10.513719
10.680196
10.672628
10.582846
10.683232
10.705074
10.572563
10.697839
10.751215
10.746372
10.902046
10.485426
11.058005
10.681724
11.024513
10.742781
10.574076
10.661631
10.623409
10.665978
10.740022
10.858603
10.624188
10.715604
10.872723
10.695332
10.656284
10.576059
10.640218
10.919123
10.489824
10.671261
10.697720
10.734211
10.480510
10.837839
10.764198
10.703145
10.748600
10.755247
10.783433
10.738964
10.709795
10.645777
10.681900
10.763963
10.870974
10.807700
10.766539
10.800871
10.578614
10.928346
10.855549
10.926875
10.741877
10.994353
11.119579
10.656416
10.526201
10.698506
10.698225
10.483182
10.871690
10.416668
10.610851
10.689694
10.699225
10.676520
10.867922
10.607543
10.712296
10.756302
10.566711
10.585387
10.764762
10.472349
10.575341
10.565617
10.624969
10.692560
10.738482
10.647077
10.834251
10.715935
10.727710
10.619092
10.440763
10.570361
10.773040
10.675957
10.794222
10.640088
10.594900
10.525316
10.682603
10.775327
10.491833
10.735309
10.658331
10.883640
10.780957
10.624652
10.699044
10.535505
10.397895
10.729541
10.522565
10.665729
10.999416
10.751397
10.548882
10.717875
10.616298
10.703126
10.583919
10.615965
10.626402
10.902167
10.614210
10.636441
10.772681
10.589281
10.670353
10.632624
10.685750
10.512020
10.635150
10.834499
10.641042
10.715824
10.904537
10.617194
10.857282
10.923930
10.665978
10.663336
10.633367
11.148246
10.622988
10.764717
11.800682
10.964015
10.766014
10.539294
10.586847
10.644963
10.641364
10.993763
10.947814
10.720874
10.742346
10.778230
10.674330
10.683938
10.562941
10.827711
10.623120
10.766153
10.629231
10.574731
10.763402
10.582903
10.646694
10.927439
10.653731
10.464712
10.639892
10.691057
10.618873
10.759547
10.834701
10.671004
10.874608
10.816233
10.449399
10.809063
10.590921
10.518663
10.734676
10.673203
10.607482
10.472410
10.560970
10.610339
11.101207
10.831105
10.623909
10.816205
10.796171
10.557070
10.781946
10.745600
10.570922
10.829572
10.778632
10.762005
10.574906
10.792004
10.604073
10.737918
10.661243
10.799086
10.560975
10.756577
10.587914
10.840192
10.843985
10.861459
10.887513
10.907946
10.854137
10.737433
10.536919
10.585632
10.617412
10.791810
10.698746
10.828351
10.807737
10.602098
10.699739
10.724798
10.658074
10.738871
10.746135
11.186699
10.805240
10.945465
10.600200
10.593859
10.641835
10.683650
10.548192
10.540305
10.840992
10.574140
10.715472
11.130310
10.711683
10.484909
10.465572
10.715143
10.670520
10.713689
10.654021
10.742337
10.681425
10.752300
10.814015
10.740365
10.596728
10.740925
10.660652
10.688609
10.662641
10.611151
10.724721
10.590943
10.626172
10.648437
10.785238
10.769227
11.044356
10.593389
10.827800
10.624251
10.669336
10.695236
10.600810
10.792451
10.640327
10.727478
10.652654
10.825030
10.598099
10.718131
10.700424
10.742787
10.648686
10.790196
10.867869
10.565202
10.822566
10.628409
10.851446
10.723756
10.607201
10.398214
10.648675
10.843069
10.579577
10.779631
10.433839
10.710888
10.611483
10.808769
10.663672
10.667129
10.555871
10.600306
10.510752
10.646916
10.800488
10.527872
10.856647
10.585360
10.788131
11.051631
10.765350
10.875860
10.570273
10.842495
10.646782
10.890869
10.517106
10.760023
10.706705
10.580855
10.613775
10.762868
10.802302
10.713209
10.928214
10.591959
10.794332
10.822070
10.988073
10.509326
10.655165
10.535490
10.789859
10.985653
10.616615
10.534340
10.696052
10.904852
10.687302
10.880651
10.635180
10.714993
10.867685
10.801718
10.459907
10.639998
10.636602
10.477613
10.848569
10.759861
10.732736
10.648298
10.773631
10.607629
10.859312
10.521103
10.653013
10.736420
10.797257
11.198644
10.531193
10.670839
10.750131
10.836309
10.542594
10.766729
10.715877
10.806442
10.614365
10.521228
11.015014
10.926326
10.591517
10.661530
10.707616
10.669219
10.886180
10.680919
10.731603
10.707490
10.726662
10.591540
10.714633
10.724244
10.796914
10.454426
10.689411
10.599616
10.733616
10.742681
10.804272
10.808033
10.888182
10.608671
10.595596
10.767055
10.747419
10.756672
10.588970
11.069007
10.692823
10.676746
10.600967
10.970718
10.933895
10.779396
10.768752
10.678499
10.539667
10.585037
10.817846
10.527026
10.905403
10.787985
10.620625
10.790507
10.711041
10.371247
10.533102
10.727460
11.008040
10.554277
10.680232
10.510577
10.737381
10.710953
10.925287
10.748564
10.592984
10.883584
10.581851
10.831566
10.961798
10.556888
10.793302
10.907832
10.662786
10.603086
10.782083
10.553389
10.910881
10.447766
10.557551
10.708513
10.838243
10.662650
10.839844
10.651762
10.719458
10.761023
10.685491
10.655032
10.840689
11.036454
11.194378
12.269143
10.830583
10.706226
10.507901
10.500502
10.763795
11.093870
10.579887
10.721364
10.688744
10.954581
10.776051
10.670232
10.641711
10.625132
10.518731
10.697895
10.651583
10.508723
10.482489
10.825835
10.760755
10.929168
10.855732
10.629357
10.847314
10.666353
10.875579
11.038297
10.627136
10.610412
10.633661
10.667980
10.597104
10.471878
10.955216
10.719423
10.699504
10.648832
10.758806
11.056972
10.730967
10.593184
10.466248
10.470095
10.620799
10.632500
10.860525
10.762004
10.441123
10.685963
10.471600
10.923541
10.764654
11.066306
11.057619
10.630919
10.654326
10.778612
10.704936
10.518446
10.580263
10.635687
10.594170
10.767548
10.531452
10.597872
10.609719
10.656560
10.712487
10.736951
10.533091
10.786557
10.543745
10.722834
10.871599
10.674688
11.063287
10.797463
10.913514
10.648157
10.704902
10.487956
10.484131
10.931297
10.831189
11.038473
10.675234
10.748200
10.705324
10.617710
10.524012
10.536353
10.980053
11.122132
10.623022
10.776529
10.611635
10.596028
10.777385
10.796756
10.561319
10.616610
10.594198
10.705635
10.731134
10.661203
10.918185
10.700411
11.041943
10.733765
10.633810
10.722452
10.433004
10.565706
10.613030
10.509062
10.800067
10.623814
10.785705
10.858402
10.895855
10.678155
10.540560
10.821136
10.341435
10.903301
10.713544
10.851778
10.763753
10.717755
10.625785
10.665668
10.714813
10.842040
10.652392
10.745544
10.644867
10.644562
10.794397
10.708800
10.560647
10.572118
10.683352
10.628852
10.688610
10.725143
10.586261
10.712590
10.639435
10.775421
10.422278
10.730998
10.547604
10.598340
10.555410
10.689785
10.535372
10.504263
10.917600
10.618529
10.862125
10.724076
10.540853
10.650102
10.922522
10.954703
10.541981
10.622939
10.720898
10.600533
10.799678
10.528074
10.568268
10.652643
10.677639
10.673261
10.833292
10.849467
10.554021
10.648783
10.727173
10.691959
10.643755
10.748132
10.526486
10.862463
10.913559
10.711966
10.699349
10.776020
10.796167
10.588311
10.701254
10.480045
11.083270
10.533021
10.823302
10.915734
10.761530
10.423017
10.698114
10.954874
10.696397
10.678532
10.701275
10.611944
10.609647
10.846015
10.720289
10.622140
10.807572
10.617181
10.632899
10.670492
10.718341
10.776079
10.823564
10.675640
10.639787
10.649987
10.612808
10.676464
10.754345
11.116864
10.749643
10.627858
11.014296
10.599003
10.583786
10.653593
10.700505
10.572028
10.795876
10.718117
10.669344
10.734516
10.827657
10.619335
10.462585
10.638718
10.913393
10.647745
10.672140
10.606797
10.662147
10.645202
10.843342
10.697853
10.621076
10.869816
10.769801
10.778903
10.841213
10.819211
10.606876
10.852563
10.564754
10.674969
10.647934
10.402835
10.706614
10.691910
10.725232
10.764686
10.963805
10.566730
10.625140
10.994799
10.809542
10.643234
10.673080
10.680181
10.636417
11.080872
10.964485
10.662088
10.591009
10.802603
10.423729
10.542316
10.628447
10.730722
10.710163
10.634865
10.694800
10.822725
10.584089
10.598278
10.587534
10.684855
10.559235
10.663123
10.601018
10.691181
10.680503
10.628735
10.564610
10.418598
10.710092
10.825880
10.545757
10.842139
10.603076
10.455956
10.570028
10.801775
10.614841
11.405144
10.647587
10.686732
10.783335
10.464491
10.682095
10.811677
10.776085
11.066455
10.804377
10.780733
10.663937
10.766650
10.815736
10.639380
10.712710
10.603676
10.549353
10.507342
10.937249
11.037136
10.825418
10.750552
10.783648
10.738119
10.492940
10.786514
10.383374
10.540417
10.762922
10.615996
10.957472
10.591637
10.807889
10.562212
10.701446
10.527092
10.643510
10.811670
10.567341
10.505140
10.813163
10.647301
10.566762
10.713191
10.641962
10.594776
10.501553
10.602658
10.949228
10.675814
10.548358
10.651503
10.789269
10.798613
10.768270
10.855636
10.897651
10.917735
10.691725
10.636614
10.953760
10.884693
10.464751
10.737099
10.499821
10.593091
10.752162
10.481970
10.539752
10.443053
10.867406
10.771858
10.925824
10.972523
10.754710
10.786930
10.733224
10.738134
10.606495
10.518689
10.618643
10.837285
10.546741
10.688969
10.550024
10.474174
10.518346
10.706017
10.736817
10.471367
10.436392
10.384696
10.813475
10.602475
10.628198
10.700505
10.762934
10.801185
10.725376
10.752683
10.615670
10.542011
10.552078
10.694046
11.004923
10.786759
10.795603
10.492814
10.743776
10.536056
10.603446
10.783380
10.729433
10.740344
10.744136
11.036729
10.842959
10.658447
10.617884
11.037306
10.908753
10.734701
10.762946
10.634476
10.656218
10.583516
10.746734
10.629389
10.797145
10.557808
10.616312
10.882892
10.482540
10.546501
10.440600
10.775341
10.652358
10.702463
10.715815
10.692278
10.648914
10.598373
10.748023
10.778618
10.422573
10.682403
10.832991
10.556063
10.930795
10.694862
10.950103
10.476722
10.507849
10.748313
10.389624
10.608888
10.609819
10.732230
10.492677
10.539464
10.618186
10.683400
10.725831
10.742888
10.809163
10.643735
10.604908
10.610806
10.540043
10.483915
10.467242
10.631185
10.983414
10.737162
10.712564
10.550166
10.707240
10.535002
10.780352
10.522579
10.604979
10.609119
10.768767
10.549831
10.904941
10.598317
10.477742
10.645725
10.717687
10.811810
10.514823
10.684857
10.849805
10.732284
10.823317
10.750409
11.048389
10.662887
10.595601
10.588444
10.682351
10.726001
10.649776
10.459000
10.691606
10.627811
10.666331
10.841105
10.931885
10.805208
10.554475
10.799054
10.910540
10.501194
10.706992
10.765567
10.631691
10.581398
10.684782
10.672440
10.681398
10.702720
10.785394
10.773225
10.749163
10.749606
10.864463
10.788462
10.537218
10.785880
10.883678
10.747189
10.793558
10.900866
10.569496
10.602256
10.483420
11.005223
10.545815
10.666912
10.616199
10.747349
10.710615
10.654120
10.837303
10.691208
10.765239
10.379486
10.711472
10.536255
10.868661
10.751503
10.886427
10.609582
10.727597
10.773399
10.906837
10.512141
10.655168
10.669354
10.661197
10.731306
10.804818
10.602921
10.517007
10.780132
10.678062
10.889834
10.755131
11.082525
10.930474
10.823930
10.925368
10.655047
10.682735
10.729903
10.623174
10.647504
10.584438
10.976533
10.858998
10.602481
10.482783
10.785552
10.675726
10.682762
10.869638
10.524926
10.697311
10.679767
10.828059
10.723668
10.602830
10.678900
10.432597
10.801441
10.567726
10.746064
10.736120
10.900647
10.754389
10.759147
10.530940
10.577424
10.793850
10.755181
10.760641
10.871892
10.669152
10.729752
10.610685
10.711030
10.688361
10.907023
10.700323
10.740829
11.203235
10.772952
10.846136
10.566201
10.715760
10.836221
10.653824
10.471301
10.748980
10.938653
10.593286
10.701477
10.875913
10.554692
10.741863
10.872473
10.600487
10.447592
10.664288
10.599067
10.534231
10.636533
10.813999
10.649987
10.587502
10.549385
10.769919
10.712752
10.645266
10.667604
10.560794
10.561583
10.843347
10.971943
10.834355
10.660936
10.803738
10.896891
10.543210
10.657855
10.709136
10.963383
10.605187
10.586789
10.681238
10.676700
10.797282
10.822270
10.703127
10.770156
10.779611
10.731454
10.827499
10.744518
10.608689
10.647405
10.887826
10.670389
10.748937
10.654471
10.611868
10.635739
10.602322
10.667118
10.558775
10.499598
10.678823
10.650560
10.948620
10.886022
10.824618
10.590674
10.537599
10.731171
10.619581
10.649012
10.826435
10.643840
10.771044
10.578307
10.649380
10.501534
10.735840
10.802389
10.567303
10.666245
10.507064
10.974717
10.635122
10.437969
10.412572
10.571804
10.700551
10.448455
10.517524
10.706208
10.668833
10.220916
10.581581
10.722891
10.654643
10.486872
10.762625
10.831573
11.003631
10.661112
10.681666
10.696021
10.718334
10.912866
10.739593
10.506202
10.764700
10.922958
11.325562
10.949382
10.718523
10.555955
10.782677
10.571169
10.721092
10.702314
10.780439
10.637062
10.854691
10.761399
10.582704
10.598735
10.618925
10.647033
10.479862
10.718697
10.619684
10.833621
10.649189
10.545010
10.911232
10.848968
10.625173
10.648601
10.701567
10.736744
10.842836
10.456219
10.668874
10.598228
10.713855
10.644234
10.797227
10.854184
11.133886
10.530148
10.525911
10.621924
10.958367
10.777072
10.600119
10.545719
10.570732
10.627422
10.667707
10.602933
10.686130
10.605638
11.006999
10.593753
10.642751
10.604894
10.837222
10.774624
10.699060
10.502855
10.952957
10.651979
10.708972
10.720545
10.569224
10.771745
10.586138
10.789019
10.783365
10.728560
10.786408
10.714047
10.589078
10.784624
10.638490
10.708068
10.834176
10.591900
10.698561
10.623798
10.853749
10.836202
10.703536
10.727286
10.684256
10.760114
10.684633
10.533948
10.822992
10.622324
10.874324
10.856270
10.817467
10.862722
10.437096
10.661368
10.581977
10.648412
10.669775
10.602303
10.744459
10.712178
10.694590
10.503892
10.695898
10.787677
10.918965
10.869192
10.663398
10.630200
10.768289
10.764578
10.642233
10.758947
11.060576
10.655718
10.677898
10.724023
10.578899
10.666472
10.550005
10.766937
10.871121
11.090709
10.865759
10.908753
10.664229
10.450811
10.512402
10.709025
10.692694
10.601155
10.759137
10.756568
10.827361
10.623227
11.088433
10.661445
10.776856
10.664254
10.622498
10.773602
10.625635
10.638076
10.679270
10.731565
10.741693
10.634399
10.774853
10.521440
10.722933
10.802174
10.609077
10.596620
10.508603
10.826145
10.695394
10.458470
10.504954
10.562824
10.580060
10.662247
10.684278
10.532474
10.703602
10.907955
10.569124
10.663202
10.615767
10.654589
10.589267
10.816671
10.864502
10.596437
10.691027
10.630105
10.691722
10.598665
10.821614
10.465593
10.584158
10.739241
10.569769
10.662882
11.576763
10.989742
10.701802
10.550750
10.527425
10.792588
10.827601
10.712094
10.745610
10.442527
10.813333
10.633707
10.630076
10.970908
10.815015
10.792295
10.541431
10.761612
10.588332
10.641878
10.631761
10.810174
10.647113
10.505654
10.509552
10.706865
10.806964
10.529414
10.558843
10.670137
10.885448
10.456204
10.642243
10.902511
10.675758
10.970066
10.869144
10.529377
10.596295
10.695177
10.563229
10.504988
10.718680
10.537971
10.750212
10.825116
10.585356
10.462970
10.686481
10.735379
10.852634
10.680662
10.731029
10.686711
10.567874
10.729317
10.491525
10.633187
10.413867
10.671813
10.711573
10.839457
10.695418
10.615028
10.647395
10.694424
10.808280
10.700417
10.635318
11.040843
10.474140
10.813618
10.885474
10.645741
10.677731
10.640411
10.337968
10.941592
10.801293
10.791304
10.591123
10.594272
10.764985
10.714312
10.990379
10.752898
10.479914
10.479984
10.916513
10.497280
10.626222
10.531282
10.583779
10.731760
10.609630
10.540217
10.675749
10.684260
10.432872
10.809938
10.705262
10.623084
10.815419
10.714569
10.704993
10.879152
10.914939
10.624042
10.827922
10.548218
10.614670
10.818195
10.783263
10.707305
10.934112
10.562267
10.763238
10.837972
10.679350
10.575573
10.740630
10.883847
10.632822
10.623755
10.872311
10.689152
10.763764
10.609645
10.505515
10.630856
10.692758
10.837236
11.090935
10.553989
10.781981
10.690601
10.857064
10.896755
10.753029
10.807085
10.849281
11.032452
10.850126
10.913912
10.672667
10.690486
10.543236
10.729773
10.824026
10.647020
10.553970
10.790732
10.469315
10.492805
10.498008
10.727740
10.685978
10.668805
10.582106
10.757445
10.835076
10.904753
10.645424
10.620688
10.666607
11.014212
10.710042
10.759982
10.521974
10.581541
10.690370
10.762069
10.854160
10.802248
10.760113
10.600408
10.831861
10.683938
10.708220
10.703072
10.887867
10.653990
10.711266
10.788975
10.575361
10.793612
10.684084
10.795628
10.767155
10.560741
10.798028
10.852397
10.633971
10.802216
10.622712
10.734340
10.783605
10.801347
10.767576
10.719860
10.878495
10.495505
10.577218
10.696039
10.666193
10.648688
10.673022
10.648605
10.594919
10.595175
10.491613
10.702607
10.486104
10.877458
10.685334
10.830612
10.644415
10.751780
10.792581
10.503897
10.629419
10.959360
10.684961
10.557503
10.939301
10.806424
10.604655
10.561920
10.700378
10.777774
10.578675
10.567501
10.679098
10.592445
10.571491
10.653430
10.578211
10.821887
10.670171
10.778821
10.585014
10.846824
10.758682
10.727882
10.657364
10.691546
10.891033
10.714497
10.613524
10.921921
10.965817
10.649068
10.813700
10.522720
10.672658
10.875587
10.604321
10.808489
10.726663
10.521872
10.553871
10.686874
10.699681
10.668226
10.635007
10.471908
10.740560
10.704054
10.586597
10.982766
10.606329
10.865848
10.633632
10.782347
10.682652
10.709538
10.745892
10.774443
10.782297
10.554871
10.770953
10.605327
10.701164
10.650209
10.654999
10.538126
10.473422
10.628018
10.679839
10.601241
10.664122
10.650041
10.796203
10.569774
10.462016
10.471647
10.669807
10.951532
10.574861
10.674954
10.728402
10.624337
11.021734
10.812042
10.612604
10.649483
10.609405
10.766651
10.803992
10.561034
10.706231
10.735713
10.576273
10.460250
10.775688
10.638354
10.994705
10.787517
10.505157
10.621213
10.687910
11.134506
10.596563
10.496289
10.877388
10.744669
10.617324
10.460873
10.675458
10.493904
10.654566
10.658016
10.807884
10.715443
10.944407
10.803683
10.754827
10.603875
10.639701
10.699555
10.762231
10.585217
10.532682
10.630142
10.663497
10.728933
10.467229
10.826684
10.566630
10.977243
10.640671
10.752997
10.916577
10.819313
10.546336
10.807888
10.959163
10.654713
10.664130
10.527483
10.579069
10.687325
10.696393
10.761216
10.403977
10.914655
10.521555
10.825512
10.603249
10.919741
10.843560
10.578334
10.660986
10.563311
10.591574
10.715607
10.685907
10.566859
10.578123
10.659424
10.720656
10.546525
10.761187
10.615539
10.697011
10.717184
10.547222
10.595321
10.793950
10.584614
10.737915
10.717427
10.850665
10.699020
11.006244
10.947760
10.707020
10.911270
10.800184
10.845276
10.874368
10.747902
10.612995
10.694581
10.806992
10.799911
10.587286
10.890645
10.653359
10.589202
10.541777
10.523134
10.560910
10.535800
10.882823
10.851819
10.834708
10.549034
10.669215
10.694101
10.791286
10.526342
10.650279
10.610364
10.692993
10.832676
10.764479
10.620341
10.650379
10.682592
10.726994
10.339074
10.693536
10.677827
10.517473
10.901588
10.841204
10.632164
10.975269
10.551215
10.840450
10.674214
10.851255
10.728544
11.204064
10.488769
10.622553
11.138557
10.866730
10.782797
10.798924
10.651769
10.614317
10.683530
10.813275
10.622422
10.783904
10.618361
10.749981
10.676902
10.691114
10.879683
10.772033
10.635147
10.638242
10.727778
10.776933
10.728607
10.917445
10.604727
10.779965
10.820356
10.664873
10.679590
10.984809
10.481263
10.719364
10.558137
10.407521
10.633076
10.590503
10.901141
10.654370
10.855972
10.641507
10.825717
10.451280
10.629519
10.493078
10.600673
10.573779
10.643752
10.596473
10.877727
10.646548
10.728342
10.632810
10.593133
10.712384
10.608917
10.558347
10.768507
10.929811
10.778845
11.111311
10.779131
10.532930
10.781824
10.830785
10.672711
10.541849
10.821746
10.720125
10.753130
10.731238
10.750972
10.760340
10.832100
10.908798
10.473556
10.749151
10.696657
10.548687
10.747965
10.698951
10.707581
10.690106
10.733263
10.917773
10.868007
10.522844
10.641399
10.647487
10.703662
10.677385
10.643806
10.730943
10.808249
10.628032
10.657710
10.605226
10.599149
10.740186
10.676753
10.652076
10.627501
10.744335
10.634038
10.780062
10.876451
10.534269
10.631510
10.625482
10.686293
11.276482
10.601078
10.909649
10.701847
10.535969
10.873651
10.499730
10.706236
10.614071
10.581823
10.619139
10.608882
10.689599
10.656463
10.604042
10.684802
10.630904
10.718799
10.694995
10.961521
10.713698
10.659796
10.713171
10.731923
10.861031
10.663768
10.902868
10.837564
10.893416
10.710986
10.923974
10.699209
10.679744
10.719105
10.595085
10.558352
10.859528
10.700320
10.509997
10.701842
10.743285
10.844487
10.584031
10.636991
10.940609
10.955766
10.775199
10.676725
10.744905
10.730452
10.564773
10.834681
10.599061
10.833953
10.858470
10.613385
10.752764
10.744388
10.852306
10.756603
10.946104
10.581227
10.702086
10.546804
10.477915
10.937530
10.700927
10.832271
11.069781
11.005295
10.944172
10.786478
10.658012
10.883846
10.520252
10.746337
10.632358
10.885747
10.460029
10.542201
10.816828
10.565122
10.952457
10.837846
10.671586
10.973383
10.733159
10.634807
10.781400
10.780753
10.977150
10.454104
10.853255
10.465561
10.536076
10.712746
10.502142
10.634522
10.523966
10.640402
10.674035
10.691131
10.687399
10.694636
10.752472
10.618304
10.461758
10.654159
10.572747
10.800506
10.570011
10.542417
10.662026
10.761002
10.809235
10.777889
10.393743
10.643335
10.730788
10.504665
10.855762
10.901721
10.863735
10.546225
10.593280
10.594148
10.621187
10.855317
10.553377
10.934672
10.792493
10.739410
10.540182
10.956334
10.597865
10.662381
10.857953
10.562860
10.599775
10.490234
10.664146
10.710959
10.634099
10.634099
