10.616958
10.698855
10.667921
10.513297
10.765817
10.844016
10.286820
10.665921
10.623271
10.636136
10.730983
10.769735
10.734851
10.768244
10.663271
10.911773
10.732063
10.529067
10.764180
10.466773
10.589507
10.706435
10.619596
10.601912
10.584556
10.642173
10.849635
10.598014
10.820750
10.847082
10.511685
10.681661
10.782316
10.497010
10.721638
10.426130
10.828067
10.655927
10.660678
10.779262
10.764745
10.707630
10.865856
10.523088
10.678917
10.712336
10.618011
10.728807
10.478029
10.670831
10.947371
10.686298
10.822693
10.717017
10.594762
10.518016
11.045766
10.846026
10.598979
10.853136
10.629885
10.651342
10.841757
10.886592
10.558766
10.566279
10.688763
10.575168
10.668901
10.699228
10.459274
10.551894
10.681157
10.749572
10.559066
10.575530
10.767342
10.566104
10.745873
10.691326
10.710159
10.776904
10.751194
10.733466
10.540043
10.491323
10.744571
10.514483
10.640384
10.674589
10.946363
10.611441
10.567324
10.595630
10.581191
10.615824
10.841286
10.616523
10.793984
10.641091
10.765771
10.680062
10.813414
11.068526
11.116148
10.790242
10.658652
10.906926
10.610715
10.807353
10.616827
10.843839
10.656749
10.717380
10.905996
10.842679
10.746319
10.539488
10.731751
10.548881
10.642426
10.912151
10.970375
10.767938
10.885059
10.852946
10.533430
10.660400
10.749047
10.723660
10.797503
10.595049
10.756945
10.614626
10.652268
10.661384
10.667818
10.742413
10.486934
10.909898
10.722196
10.846318
10.804574
10.547099
10.703196
10.711856
11.009570
10.655641
10.748668
10.881254
11.135096
10.599309
10.719664
10.670074
10.634261
10.980988
10.811323
10.553304
10.661096
10.576945
10.592384
10.633940
10.638715
10.443954
10.507442
10.598215
10.684581
10.536553
10.678851
10.593514
10.751955
10.789259
10.821319
10.654719
10.581093
10.485610
10.848021
10.730400
10.516245
10.774924
10.702841
10.582474
10.679850
10.703403
10.682593
10.568950
10.589295
11.004259
10.833923
10.667554
10.858445
10.679318
10.530260
10.559012
10.657220
10.601927
10.501241
10.510612
10.823984
10.745184
10.705000
10.746006
10.683220
10.362516
10.688237
10.712662
10.809971
10.463353
10.672107
10.970223
10.801532
10.548907
10.739814
10.636716
10.996405
10.775356
10.652277
10.670786
10.637475
10.568107
10.785769
10.709818
10.806596
10.619614
10.673435
10.678045
10.921744
10.717457
10.556314
10.595226
10.718914
10.599330
10.689838
10.593898
10.516973
10.715823
10.741037
10.825901
10.879641
10.634057
10.741877
10.599738
10.733354
10.610439
10.498483
10.784921
10.846109
10.855605
10.830937
10.658672
10.450879
10.613281
10.641294
10.601501
10.702369
10.536285
10.775342
10.754342
10.845125
10.717968
10.604115
10.765094
10.616104
10.986418
10.680934
10.439443
10.683365
10.581235
10.716438
10.828311
10.618885
10.988364
11.014608
10.710573
11.051141
10.597260
10.740554
10.798180
10.390349
10.862490
10.899785
10.698637
10.890848
10.747277
10.640318
10.701378
10.813513
10.612757
10.394874
10.595076
10.511511
10.831881
10.610965
10.701849
10.825506
10.647284
10.749868
10.775697
10.670833
10.560984
10.805437
11.045209
10.974957
10.874181
10.448474
10.563162
10.765122
10.882644
10.486178
10.725109
11.361781
10.599085
10.684884
10.585185
10.811894
10.725668
10.775407
10.606038
10.611380
10.874354
10.591457
10.671089
10.591374
10.599153
10.649578
10.625096
10.992183
10.610496
11.144029
10.575811
10.542070
10.817159
10.690234
10.868058
10.540929
10.742749
10.789858
10.726862
10.699920
10.609570
10.543085
10.784066
10.736866
10.644986
10.763861
10.952924
10.916222
10.591833
10.801873
10.600666
10.608153
10.631590
10.529637
10.677782
10.737283
10.605053
10.573072
10.647808
10.857701
10.796306
10.561803
10.684632
10.770816
10.846461
10.633960
10.762121
10.520212
10.720908
10.773267
10.777946
10.598700
10.724609
10.951113
10.696274
10.748714
10.496742
10.773833
10.885350
10.892483
10.627849
10.754692
10.567453
10.885534
10.829698
10.536748
10.529037
10.821408
10.558627
10.584212
10.947947
10.806774
10.524686
10.714165
10.570498
10.611089
10.678421
10.586431
10.734385
10.778774
10.595087
10.789768
10.696309
10.733085
10.933729
10.639000
10.495541
10.652965
10.721781
10.602308
10.550593
10.714968
10.448686
10.856878
10.889265
10.641247
10.444911
10.864908
10.604293
10.614424
10.953072
10.854732
10.617478
10.767184
10.867136
10.572324
10.745610
10.609299
10.679048
10.619125
10.765212
10.740868
10.780822
10.642605
10.458938
10.681810
10.504645
10.656534
10.577742
10.710306
10.584685
10.610248
10.575604
10.711932
10.943592
10.676110
10.829075
10.703529
10.863489
10.562410
10.900759
10.685494
10.716331
10.681438
10.996685
11.115177
10.518254
10.461445
10.737321
10.750748
10.979116
10.989661
10.771740
10.448415
10.623009
10.700724
10.380099
10.606404
10.667238
10.995273
11.026083
10.476600
10.524925
10.762607
10.670204
10.651093
10.614356
10.656017
10.638540
10.799299
11.194997
10.860940
10.758648
10.643844
10.754003
10.555755
10.749097
10.899270
10.592447
10.921768
10.556656
10.893991
10.551464
10.470984
10.631960
10.781558
10.676720
10.793528
10.404083
10.836974
10.699707
10.793696
10.774538
10.773456
10.605907
10.606395
10.654241
10.752545
10.796166
10.448860
10.746207
10.873117
10.667680
10.824114
10.715798
10.625701
10.542682
10.570873
10.753410
10.788004
10.574134
10.809682
10.742502
10.807575
10.717401
10.699299
10.658845
10.814273
10.723777
10.628421
10.785952
10.760074
10.921049
10.733060
10.517116
10.690436
10.637184
10.680160
10.595551
10.696673
10.965110
10.709299
10.631909
10.892903
10.642854
11.091233
10.787315
10.699943
10.612361
10.680169
10.498696
10.708444
10.745528
10.691026
10.705101
10.677053
10.694099
10.702713
10.772945
10.685288
10.973988
10.697934
10.621302
10.611210
10.508098
10.592348
10.609429
10.613993
10.608003
10.619639
10.687465
10.566841
10.775287
10.654590
10.584635
10.687231
10.518581
10.614779
10.771001
10.576582
10.830011
10.826557
10.674595
10.642716
10.582334
10.643080
10.815661
10.607620
10.661221
10.617721
10.544968
10.842267
10.712850
10.706409
10.880988
10.655591
10.826152
10.640244
10.562103
10.839030
10.522641
10.678697
10.382522
10.958151
10.772110
10.691761
10.853575
10.783595
10.807248
10.719375
10.565643
10.781827
10.677369
10.926651
10.536092
10.601680
10.693249
10.802881
10.571328
10.785375
10.752087
10.717258
10.696421
10.637188
10.951502
10.561828
10.644796
10.700202
10.530178
10.798032
10.586990
10.600529
10.374551
10.475030
10.865547
10.633439
10.542088
10.825685
10.639963
10.684012
10.602216
11.029162
10.756674
10.785292
10.634198
10.738949
10.882182
10.579525
10.671374
10.786114
10.667591
10.434527
10.571432
10.609327
10.823294
10.794677
10.621520
10.689317
10.631681
10.815011
10.597882
10.873055
10.748036
10.983623
10.750119
10.720866
10.725636
10.948982
10.706734
10.473267
10.778743
10.630680
10.634563
10.662177
10.744655
10.662957
10.649369
10.513760
10.962760
10.527130
10.929926
10.537652
10.659585
10.858827
10.713099
10.798372
10.656314
10.579787
10.767655
10.755709
10.802148
10.703040
10.700417
10.798621
10.684240
10.634041
10.638343
10.795644
10.522176
10.660399
10.585401
10.667887
10.756867
10.861291
10.677005
10.726135
10.566137
10.619554
10.722243
10.716588
10.798086
10.537441
10.686463
10.625249
10.769811
10.716293
10.847476
10.660994
10.553508
10.740770
10.663880
10.732869
10.526343
10.799986
10.636560
10.670176
10.795818
10.549419
10.510289
10.499002
10.589379
10.720216
10.869322
10.555571
11.021577
10.813755
10.777008
10.507419
10.712538
10.864512
10.710294
10.806479
10.702576
10.639220
10.640338
10.869304
10.644682
10.611146
10.695552
10.788975
10.542456
10.667034
10.868157
10.582140
10.662892
10.731421
10.771358
10.787598
10.622927
10.673364
10.799561
10.911246
10.876787
10.839109
10.653255
10.596972
10.709895
10.967135
10.657207
10.576930
10.638773
10.510244
10.839413
10.768634
10.684023
10.566047
10.640881
10.527082
10.849079
10.570413
11.133449
11.026154
10.814291
10.606462
10.637856
10.899800
10.752041
11.143529
10.752506
10.616795
10.561770
10.898782
10.498283
10.960331
10.692397
10.571068
10.725815
10.783001
10.628368
10.658303
10.785168
10.714060
10.484388
10.559810
10.624502
10.566275
10.805879
10.707569
10.747947
10.631096
10.682960
10.721943
10.523216
10.774515
10.835002
10.663372
10.757340
10.630631
10.666845
10.695406
10.561455
10.609974
10.692989
10.474343
11.052357
10.777690
10.718167
11.005931
11.007326
10.625447
10.589167
10.816159
10.605768
10.845640
10.710163
10.579143
10.550716
10.633107
10.838297
10.563280
10.551318
10.480889
10.739665
10.745532
11.081486
10.796713
10.695678
10.425249
10.381180
10.499296
10.632079
10.660307
10.602422
10.726665
10.528238
10.711333
10.812811
10.625100
10.558327
11.084680
10.742029
10.750367
10.632737
10.578576
10.712384
10.565261
10.708603
10.804581
10.689700
10.614618
10.658771
10.731547
10.619321
10.592282
10.604555
10.798813
10.824521
10.801725
10.719504
10.674974
10.615600
10.516985
10.743227
10.657247
10.999610
10.646770
10.724346
10.836815
10.739873
10.597972
10.699227
10.659548
10.597215
10.807982
10.834042
10.844814
10.707847
10.770210
10.637854
11.023921
10.614901
10.772435
10.424828
10.547467
10.798941
10.872034
10.650149
10.802783
10.924040
10.565959
10.526188
10.674948
10.577212
10.720627
10.587716
10.488332
10.735270
10.723490
10.702465
10.580387
10.591041
10.623793
10.592239
10.828700
10.605769
11.192506
10.698038
10.545338
10.758686
10.777122
11.055836
10.648100
10.796858
10.730727
10.717250
10.714369
10.396920
10.637615
10.652926
10.857658
10.821101
11.019680
10.599031
10.574050
10.592659
10.803735
10.713452
10.800355
10.652855
10.552943
10.776186
10.614623
10.615617
10.709319
10.931208
10.765378
10.462746
10.623219
10.700146
10.725440
10.737579
10.731211
10.690533
10.902784
10.566306
10.692596
11.003401
10.818462
10.662402
10.673003
10.588305
10.487355
10.720814
10.697935
10.651371
10.815294
10.749397
10.799299
10.650017
10.441201
10.589634
10.588983
10.791225
10.577075
10.699923
10.718967
10.868212
10.794900
10.694912
10.806292
10.688994
10.608885
10.676778
10.580500
10.609258
10.553463
10.783865
10.551241
10.549016
10.701541
10.598951
10.778895
10.593141
10.632198
10.684908
10.450434
10.862835
10.724097
10.845431
10.869117
10.725937
10.657220
10.658511
10.609757
10.641802
10.702705
10.708093
10.873281
10.551835
10.614669
10.758140
10.954257
10.723981
10.787854
10.497632
10.610626
10.693795
10.788849
10.669981
10.812348
10.618182
10.873836
10.654085
10.612757
10.504273
10.878757
10.458651
10.740432
10.706887
10.758813
10.713559
10.710304
10.588907
10.515510
10.600965
10.741714
10.896696
10.527679
10.643060
10.717325
10.666233
10.676531
10.618170
10.710943
10.888731
10.555265
10.995598
10.876539
10.630537
10.703190
10.662400
10.754414
10.727174
10.725404
10.539853
10.650655
10.707722
10.570321
10.659408
10.549147
10.888919
10.851576
10.591778
10.657836
10.776990
10.820378
10.690300
10.803446
10.684797
10.698835
10.382985
10.455775
10.516484
10.825594
10.804618
10.832256
10.787593
10.872379
10.609756
10.877212
10.827397
10.742767
10.712772
10.726895
10.613977
11.125183
10.677370
10.686239
10.595096
10.786452
11.094120
10.698573
10.691742
10.807906
10.680520
10.676938
10.700753
10.409287
10.680548
10.668922
10.673006
10.754654
10.851327
10.659261
10.643173
10.626945
10.697435
10.631853
10.783919
10.582979
10.599328
10.671013
10.574196
10.752503
10.731618
10.602271
10.845577
10.795504
10.692082
10.456895
10.574527
10.569772
10.886389
10.494519
10.548495
10.710988
10.599931
10.710400
10.777320
10.831850
10.508412
10.501630
10.720732
10.499753
10.509107
10.953520
10.764316
10.712179
10.807027
10.515232
10.866026
10.883708
10.419492
10.533348
10.695456
10.949951
11.120324
10.749869
11.117983
10.645508
10.858537
10.908196
10.851857
10.638880
11.033163
10.549373
10.904613
10.597880
10.689497
10.711342
10.576845
10.870750
10.752347
10.620995
10.776507
10.734064
10.564896
10.853192
10.715918
10.653835
10.590233
10.787135
10.938332
10.602336
10.805955
10.646226
10.868120
10.903427
10.528439
10.719333
10.574320
10.686905
10.716541
10.655197
10.574609
10.606298
10.599673
10.812261
10.549226
10.728731
10.672615
10.417025
10.537898
10.558423
10.736484
10.706250
10.717436
10.708475
10.901553
10.609279
10.712576
10.661659
10.771039
10.678920
10.730458
10.557686
10.841955
10.883535
10.845449
10.701468
10.583664
10.704239
10.569564
10.698043
10.672165
10.930802
10.814805
10.565478
10.421274
10.628417
10.654769
10.729571
10.744322
10.942137
11.008943
10.730196
10.584694
10.799311
10.813555
10.566165
10.557263
10.564650
10.670886
10.724455
10.658441
10.568848
11.101351
10.688635
10.682480
10.685457
10.735088
10.875773
10.828328
11.065787
10.681350
10.765715
10.584402
10.590136
10.746027
10.777892
10.957162
10.954166
10.574594
10.594638
10.586280
10.732151
10.874904
10.734941
10.683073
10.734802
10.750748
10.626001
10.710470
11.083639
10.676459
10.785005
10.967597
10.524991
10.689481
10.616045
10.700505
10.639657
10.771735
10.606550
10.873437
10.747253
10.778558
10.666904
10.591329
10.499745
10.779270
10.705964
10.599711
10.824480
10.895543
10.576336
10.844011
10.618692
10.481580
10.873262
10.786236
10.724771
10.581989
10.595643
10.661031
10.645083
10.740125
10.631411
10.879550
10.614335
10.679206
10.823235
10.752457
10.770025
10.732927
10.676282
10.681176
10.662526
10.779709
10.783706
10.727416
10.761204
10.672619
10.605626
10.630834
10.597913
11.016271
10.695003
10.716839
10.529105
10.659434
10.655619
10.730179
10.543023
10.768409
10.392601
10.638955
10.712149
10.711954
10.718235
10.748343
10.389044
10.663966
10.831473
10.578772
10.790723
10.613413
10.747042
10.482324
10.718852
10.876599
10.762705
10.974144
10.892609
10.697245
10.748305
10.617343
10.668913
10.536489
10.905476
10.765589
10.533037
10.596634
10.684672
10.652137
10.761703
10.749282
10.745514
10.613397
10.679123
10.792108
10.466805
10.801834
10.930224
11.043860
10.693859
10.581031
10.743926
10.750978
10.731017
10.861517
10.713640
10.733432
10.767645
10.752130
10.693724
10.701791
10.684157
10.793164
10.764923
10.674799
10.791399
10.750988
10.530826
10.758012
10.692812
10.773429
10.822876
10.730714
10.663207
10.708843
10.796621
10.718845
10.685772
10.775988
10.717715
10.500093
10.755565
10.639211
11.055530
10.760827
10.561813
10.608477
10.554128
10.810220
10.837873
10.810894
10.729033
10.622758
10.728685
10.683881
10.457690
10.845955
10.716806
10.753931
10.729521
10.930713
10.629548
10.577663
10.713939
10.517296
11.056062
10.471592
10.642772
10.535418
10.639710
10.653959
10.727860
10.538460
10.532330
10.632896
10.621868
10.539251
11.181868
10.801190
10.797004
10.704292
10.640092
10.704003
10.719917
10.950477
10.617911
10.699932
10.673571
10.790246
10.819063
10.771175
10.650803
10.723730
10.494101
10.670463
10.562905
10.602766
10.841598
10.682567
10.525136
10.985036
10.859569
10.791058
10.788677
10.801826
10.892689
10.780391
10.791722
10.773264
10.775762
10.919263
10.668647
10.788220
10.677416
10.676260
10.564924
10.746675
10.675222
10.813946
10.522540
10.780247
10.625517
10.566735
10.882895
10.621133
10.655025
10.477786
10.687529
11.122893
10.939093
10.702834
10.533513
10.580630
10.772431
10.580314
10.473590
10.529628
10.728754
10.602645
10.495969
10.696208
10.710143
10.618891
10.748582
10.682692
10.931915
10.905215
10.671117
10.469029
10.661089
10.652327
10.679382
10.825191
10.477510
10.792836
10.708009
10.684286
10.590987
10.462921
10.560347
10.597510
10.751264
10.494169
10.819629
10.525152
10.754232
10.631062
10.668072
10.788212
10.518427
10.520283
10.628380
10.746856
10.678103
10.635328
10.862762
10.665206
10.678812
10.837361
10.661144
10.523381
10.680961
10.579808
10.652195
10.849606
10.731647
10.857499
10.641478
10.843702
10.663698
10.626993
10.683202
10.565195
10.537155
10.879513
10.690157
10.865890
10.803383
10.705580
10.645491
11.109898
10.555550
10.881423
10.730160
10.972361
10.688259
10.678501
10.567223
10.645154
10.714057
10.953379
10.713683
10.670063
10.438850
10.720411
10.655002
10.633909
10.687036
10.409089
10.664955
10.704929
10.518301
10.763704
10.859234
10.757423
10.791203
10.649411
10.912276
10.660773
10.678975
10.778894
10.698149
10.635578
10.819921
10.685231
10.450450
10.540985
10.743006
10.439464
10.756526
10.756743
10.525546
10.742334
10.429976
10.554766
10.719524
10.644772
10.535332
10.506953
10.862762
10.713869
10.692042
10.718415
10.770648
10.488412
10.823197
10.918120
10.842107
10.603775
10.472137
10.724605
10.628918
10.901156
10.595740
10.808459
10.558773
10.705555
10.686993
10.605274
10.962930
10.615768
10.522615
10.672413
10.824593
10.560866
10.506253
10.775236
10.552603
10.656924
10.807327
10.655234
10.747151
10.926473
10.625582
10.579802
10.664744
10.741009
10.664300
10.851428
10.536202
10.538190
11.079128
10.637369
10.816312
10.562025
10.690100
10.662656
10.494114
10.748988
10.530723
10.588088
10.644551
10.742156
10.807694
10.486677
10.578817
11.053576
10.859967
10.758200
10.647649
10.760465
10.584358
10.871147
10.637931
10.611303
10.996362
10.834317
10.622428
10.670735
10.703201
10.809987
10.799283
10.673193
10.779786
10.408053
10.614568
10.794146
10.610384
10.584589
10.522741
10.860688
10.840512
10.634843
10.505582
10.667349
10.577291
10.674277
10.934923
10.978724
10.567090
10.638792
10.725564
10.710270
10.668541
10.633691
10.746628
10.598369
11.189434
10.751313
10.639318
10.764114
10.822660
10.581376
10.715328
10.762977
10.812647
10.608210
10.804489
10.639747
10.728958
10.852433
10.537913
10.740551
10.647969
10.927549
10.999063
10.752286
10.615708
10.528597
10.526362
10.587998
10.703963
10.864337
10.703271
10.539321
10.584091
10.574006
10.926591
10.902761
10.650049
10.442043
10.806149
10.539421
10.834552
10.558017
10.597778
10.622322
10.610728
10.674622
10.844791
10.815917
10.746810
10.663601
10.483444
10.896229
10.845154
10.664571
10.920653
10.586249
10.736868
11.049049
10.687718
10.754651
10.723285
10.652085
10.673270
10.693784
10.591082
10.783257
10.994332
10.802002
10.661202
10.562355
10.571329
10.561509
10.453295
10.660027
10.818007
10.763383
10.969358
10.681687
10.783350
10.685138
10.744083
10.669319
10.649835
10.765723
10.876029
10.871603
10.481358
10.636096
10.835096
10.662907
10.819037
10.977528
11.013957
10.826827
10.624191
11.038505
10.630552
10.654242
10.848437
10.614385
10.749950
10.688257
10.753223
10.966666
10.599389
10.702646
10.604658
11.033505
10.501368
10.631507
10.872397
10.673995
10.676590
10.688068
10.685925
10.749347
10.598904
10.683185
10.734688
10.774993
10.675924
10.496803
10.760518
10.582445
11.078357
10.670924
10.565227
10.687167
10.570406
10.609356
10.736969
10.548223
10.735691
10.636205
10.662631
10.825315
10.683103
10.870929
10.591418
10.669928
10.623892
10.651055
10.764417
10.627726
10.750242
10.693307
10.641369
10.798968
10.564913
10.370494
10.864308
10.775726
10.902957
10.882085
10.735012
10.665161
10.737672
10.747764
10.629016
10.904452
10.541337
10.720967
10.766060
10.732558
10.843700
10.652593
11.105388
10.617706
10.722182
10.782007
10.764495
10.624043
10.832323
10.712581
10.797079
10.521572
10.756954
10.450645
10.772567
10.617556
10.826901
10.702955
10.650123
10.797449
10.637204
10.598380
10.761212
10.568518
10.699386
10.825865
10.694823
10.627356
10.676678
10.573657
10.829958
10.538953
10.899422
10.755346
10.604309
10.635189
10.765414
10.616685
10.777217
10.472487
10.789113
10.773534
10.669984
10.685657
10.749796
10.583613
10.583635
10.781653
10.855212
10.688284
10.675410
10.698358
10.523448
10.556576
10.550888
10.927484
10.870993
10.648178
10.509112
10.608591
10.831554
10.465432
11.202163
10.688174
10.530079
10.423767
10.503470
10.568351
10.564976
10.748859
10.690322
10.701136
10.648877
10.621100
10.451353
10.577926
10.745055
10.585889
10.687243
10.588187
10.852479
10.663224
10.596037
10.633641
10.662495
10.508802
10.605511
10.654913
10.705763
10.687934
10.618274
10.637198
10.849035
10.710652
10.761291
10.696804
10.681221
10.817477
10.755465
10.651688
10.468005
10.706147
10.532466
10.600799
10.579594
10.728140
10.714987
10.587216
10.707603
10.739497
10.692957
10.977848
10.908479
10.765437
10.559961
10.629870
10.830326
10.652774
10.528310
10.737509
10.796984
10.818111
10.646626
10.505566
10.703029
10.721412
10.600457
10.737496
10.631095
10.554452
10.724980
10.738878
10.727752
10.662934
10.658913
10.603380
10.902223
10.725152
10.638876
10.679043
10.758402
10.660502
10.483080
10.688539
10.654335
10.551051
10.538230
10.520473
10.716429
10.605601
10.621575
10.849927
10.915946
10.620312
10.472629
10.641969
10.730281
10.885779
10.666493
10.800168
10.665874
10.631198
10.601701
10.724723
10.658187
10.667779
10.640866
10.876412
10.630726
10.556360
10.964108
10.870094
10.888686
10.667374
10.669904
10.548609
10.559237
10.632566
11.004003
10.600094
10.653927
10.701364
10.891773
10.630249
10.822467
10.701671
10.688960
10.719875
10.778986
10.373810
10.685905
10.929902
10.941089
10.745714
10.713826
10.675493
10.637698
10.844629
10.642661
10.750490
10.507396
10.713506
10.801980
10.634065
10.695513
10.815238
10.495473
10.570257
10.664461
10.719997
10.896412
10.701715
10.630295
10.702385
10.658596
10.737633
10.757689
10.564201
10.635454
10.797716
10.596493
10.834798
10.683783
10.615443
10.734251
10.716577
10.602564
10.776729
10.688980
10.718429
10.684815
10.616373
10.617331
10.666840
10.702113
11.031052
10.799728
10.634020
10.750652
10.820619
10.687216
10.745123
10.871265
11.173129
10.521628
10.749619
10.643785
10.958472
10.629180
10.746692
10.600665
10.926051
10.788242
10.746528
10.688145
10.776406
10.607304
10.557070
10.783703
10.714771
10.659966
10.614588
10.788562
10.520546
10.527024
10.747385
10.742469
10.613915
10.740266
10.614350
10.564724
10.730396
10.562230
10.726458
10.800052
10.806146
10.962250
10.547220
10.682440
10.680171
10.637474
10.687479
10.655174
10.560903
10.576152
11.003012
10.653951
10.714796
10.927913
10.722188
10.659538
10.843139
10.860105
10.691681
10.454783
10.556695
10.659925
10.589882
10.638941
10.772203
10.597057
10.882600
10.802655
10.665891
10.863647
10.514241
10.954143
10.691989
10.546821
10.679907
10.772990
10.833502
10.732342
10.747202
10.640949
10.379309
10.525373
10.749611
10.906158
10.885899
10.695798
10.762310
10.718161
10.674815
10.709902
10.419044
10.789229
10.762018
10.738500
10.748531
10.481116
10.494432
10.625498
10.758622
10.752969
11.027642
10.753985
10.878800
10.519423
10.761577
10.499446
10.794209
10.562286
10.991078
10.524320
10.858150
10.500239
10.641274
10.661528
10.818431
10.756764
10.645522
10.712958
10.690098
10.847114
10.847451
10.543953
10.785165
10.671677
10.995586
10.859628
10.810618
10.617776
10.709717
10.682778
10.473092
10.763341
10.749511
10.732230
10.588548
10.575839
10.773644
10.784020
10.694215
10.697499
10.622269
10.880621
10.694689
10.764439
10.582227
10.584279
10.593332
10.889155
10.715369
10.523955
10.476130
10.552041
10.715248
10.531781
10.784272
10.575305
10.715506
10.521691
10.781642
10.898926
11.150042
10.605388
10.757395
10.629341
10.644341
10.630623
10.816558
10.832451
10.693002
10.793020
10.662064
10.811471
10.777947
10.770821
10.768878
10.693417
11.023827
10.551726
10.909143
11.012689
10.633697
10.565394
10.366552
10.488136
11.098434
10.743104
10.561443
10.830633
10.868477
10.524812
10.606934
10.631148
10.590812
10.652201
10.471444
10.599184
10.521064
10.926578
10.896348
11.182252
10.740981
10.590046
10.761935
10.678798
10.795811
10.693528
10.783924
10.673756
10.536033
10.884137
10.645367
10.636920
10.617009
10.866756
10.757246
10.749295
10.741109
10.651619
10.515306
10.553783
10.841453
10.630001
10.900843
10.569899
10.507134
10.684698
10.705106
10.751451
10.660213
10.783013
10.726748
10.775538
10.499380
10.561616
10.735406
10.944602
11.380407
10.895185
10.665170
10.537633
10.459865
10.615189
10.851175
10.749417
10.551770
10.761572
10.784388
10.847183
10.774478
10.547204
10.630186
10.584351
10.624466
10.815667
10.505104
10.784514
10.797765
10.554029
10.647911
10.696754
11.587246
10.922916
10.687956
11.042301
10.760349
10.714310
10.703278
10.521617
10.507069
10.676410
10.915153
10.696188
10.557167
10.580367
10.635596
10.734903
10.602499
10.954050
10.657709
10.695687
10.668430
10.693877
10.723682
10.848025
10.797514
10.616835
10.955289
10.427440
10.912656
10.838306
10.685528
10.679645
10.627775
10.748205
10.656906
10.817171
10.592594
10.555060
10.793396
10.597964
10.636603
10.871965
10.567056
10.798048
10.797714
10.750248
10.725470
10.713287
10.931934
10.792583
10.595596
10.592714
10.553530
10.723798
10.719160
10.828162
10.628276
10.502380
10.579089
10.764721
10.775558
10.964293
10.778089
10.634843
10.790091
10.460897
10.691674
10.696988
10.641997
10.535272
10.640411
10.709672
10.706088
10.746034
10.646951
10.610675
10.846124
10.843733
10.825791
10.647267
10.649793
10.581179
10.724570
10.592813
10.677276
10.885888
10.942247
10.586579
10.841304
10.617736
10.634269
10.741226
10.786752
10.643740
10.934270
10.721947
10.618623
10.749323
10.842696
10.836228
10.763170
10.651154
10.799927
10.777064
10.608677
10.595691
10.635246
10.752039
10.533864
10.770452
10.648219
10.747115
10.923095
10.653962
10.762850
10.398857
10.775580
10.762928
11.064354
10.716549
10.617351
10.747551
10.579831
10.676451
10.760441
10.709115
10.855725
10.785087
10.719829
10.934616
10.652797
10.777600
10.624536
10.498363
10.814853
10.493385
10.797868
10.646775
10.666474
10.665264
10.616045
10.524451
10.588591
10.727462
10.680138
10.753708
10.931705
10.510940
10.687666
10.737020
10.789940
10.620342
10.870916
10.643461
11.169678
10.694519
10.802005
10.777228
11.032726
10.550537
10.709868
10.590988
10.590957
10.653892
10.537239
10.651858
10.678475
10.589096
10.783192
10.635424
10.518622
10.661672
10.807499
10.724895
10.586719
10.898388
10.635427
10.590652
10.664842
10.627425
10.861199
10.518244
10.847551
10.659812
10.670347
10.688647
10.632771
10.656780
10.739856
10.934820
10.703977
10.687555
10.748078
10.668051
10.663682
10.713953
10.637587
10.647308
10.661909
10.588732
10.709352
10.517042
10.622527
10.931182
10.597083
10.867949
10.701732
10.749799
10.497634
10.540363
10.511359
10.856852
10.576074
10.811139
10.713289
10.612723
10.726853
10.506781
10.500332
10.957198
10.798395
10.970103
10.932560
10.919282
10.683056
10.680210
11.007869
10.782151
10.706198
10.724914
10.595793
10.926202
10.627029
10.653615
10.581018
11.292016
12.413158
10.723984
10.627081
10.673129
10.811606
10.757481
10.656669
10.766529
10.700646
10.582925
10.690208
10.874993
10.609657
10.602062
10.757986
10.757336
10.505761
10.668635
10.706579
10.819012
10.677742
10.721288
10.529093
10.463822
10.540580
10.985143
10.834703
10.703780
10.770051
10.729523
10.826988
10.921031
10.858182
11.089528
10.916409
10.852142
10.725522
10.608481
10.708508
10.758787
10.847269
10.466261
10.640370
10.781140
10.626566
10.870679
10.938410
10.909262
10.834906
10.484635
10.800860
10.703213
10.900318
10.782678
10.543927
10.513081
10.843819
10.690385
10.546462
10.705397
10.847284
10.706932
10.467398
10.623560
10.603745
10.510520
10.629910
10.682731
10.682806
10.896152
10.902746
10.473636
10.610194
10.673543
10.573487
10.765548
10.636411
10.616073
10.907147
10.638613
10.637315
10.706430
10.650204
10.614294
10.761892
10.596351
10.642568
10.617919
10.521181
10.875991
10.617235
10.692598
10.572101
10.768298
10.704941
10.927584
10.727592
10.655791
10.875780
10.754049
10.646920
10.652192
10.882663
10.899310
10.590079
10.697579
10.612837
10.820097
10.684368
10.731343
10.749929
10.703710
10.585104
10.834964
10.659775
10.851784
10.587166
10.974448
10.643978
10.745958
10.913881
10.655767
10.894670
10.472441
10.754843
10.707685
10.723717
10.776392
10.875210
10.787360
10.721250
11.009918
10.634432
10.838232
10.567648
10.642810
10.818892
10.620083
10.868840
10.770792
10.652370
10.706805
10.757399
10.890484
10.737373
11.085234
10.637322
10.666758
10.808159
10.710944
10.719979
10.616261
10.697948
10.596610
10.906909
11.145397
10.512674
10.495037
10.734535
10.847109
10.621030
10.505247
10.692011
10.777620
10.824708
11.037946
10.507684
10.560891
10.535442
10.764076
10.848526
10.632767
10.727099
10.963816
10.717393
10.614534
10.506041
10.701747
11.003216
10.952517
10.987825
10.547362
10.628503
10.759896
10.619412
10.557375
10.773654
10.728717
10.679307
10.746557
10.791523
10.450536
10.649354
10.715695
10.586107
10.920691
10.941674
10.427175
10.503999
10.767700
10.605172
10.728731
10.937312
10.947681
10.563206
10.858562
10.554446
10.766375
10.864084
10.642603
10.606159
10.529127
10.790882
10.822178
10.715252
10.994023
10.669422
10.895238
10.807625
10.839330
10.903071
10.652129
10.526779
10.479420
10.752751
10.533097
10.681383
10.638142
10.653518
10.664887
10.747954
10.828286
10.996500
10.601616
10.726655
10.772759
10.635051
10.759997
10.421409
10.586646
10.856864
10.671117
10.746905
10.742215
10.595689
10.778839
10.691840
10.635061
10.744643
10.572090
10.642362
10.662230
10.707510
10.671846
10.603223
10.361793
10.518916
10.694130
10.607688
10.770087
10.639313
10.737374
10.724559
10.629848
10.681151
10.880596
10.900235
10.697662
10.710947
10.666009
10.632609
10.479302
10.542012
10.840867
10.630635
10.846753
10.684329
10.746745
10.598523
10.707188
10.633304
11.275154
10.689191
10.781055
10.612787
10.671071
10.626432
10.415878
10.684393
10.468412
10.497452
10.569168
10.725645
10.740233
10.609913
10.537533
10.752481
10.946546
10.618616
10.713677
10.611472
10.631409
10.498523
10.813483
10.685705
10.716709
10.773427
10.785707
10.753503
10.474418
10.495245
10.639698
10.548106
10.693825
10.558861
10.691430
10.601391
10.616881
10.693091
10.752726
10.594812
10.881695
10.526675
10.663420
10.670541
10.746608
10.614004
10.741243
10.750035
10.959673
10.552204
10.775119
10.851228
10.670364
10.799663
10.505875
10.598725
10.703018
10.469913
10.609464
10.670269
10.658454
10.707580
10.948774
10.642372
10.568233
10.669387
10.796766
10.572932
10.678376
10.659234
10.489357
10.694915
10.752747
11.122519
10.630432
10.700912
10.714347
10.777616
10.549734
10.691058
10.666626
10.755382
10.681776
11.003870
10.796557
10.634320
10.734810
10.731233
10.894088
10.535320
10.679632
10.752095
10.820286
10.742998
10.960288
10.588354
10.700361
10.652279
10.777370
10.856700
10.548141
10.971903
10.763255
10.609792
10.684775
10.500970
10.889815
10.688558
10.886670
10.605557
10.558630
10.821799
10.740719
10.633368
10.500011
10.679693
10.716851
10.665854
10.813395
10.651076
10.525094
10.683040
10.739866
10.915021
10.609390
10.650592
10.497416
10.748696
10.660276
10.502626
11.187760
10.831462
10.603949
10.802575
10.707615
10.895016
10.524894
10.650627
10.668188
11.075730
10.762691
10.828772
12.275199
10.669843
10.613888
10.612859
10.308697
10.576979
10.673664
10.731771
10.668689
10.726383
10.785324
10.623569
10.757421
10.746823
10.561199
10.685371
10.885410
10.817238
10.725576
10.788677
10.978084
10.833335
10.631139
10.407390
10.600819
10.693199
10.566292
10.865234
10.665807
10.885872
10.507709
10.624217
10.546204
10.874716
10.662865
10.585597
10.747883
10.566377
10.532500
10.613248
10.726210
10.667863
10.732389
10.800555
10.683592
10.643643
11.052991
10.892809
10.635940
11.142556
10.740221
10.661385
10.727582
10.521404
10.536490
10.925625
10.809315
10.855508
10.860606
10.601884
10.692261
10.658426
10.632498
10.599501
10.683330
11.057861
10.495586
10.842356
10.828290
10.746646
10.878959
10.885343
10.756377
10.548862
10.961686
10.766527
10.740385
10.628348
10.721661
10.603093
10.419393
10.624941
10.598323
10.818394
10.707199
10.990993
10.723229
10.521922
10.519672
10.862300
10.876703
10.710603
10.861907
10.583200
10.890570
10.526419
10.717457
10.440527
10.646958
10.684442
10.675448
10.670753
10.643578
10.490264
10.881231
10.539426
10.858969
10.448838
10.904909
10.585678
10.974464
10.592591
10.861527
10.647720
10.763708
10.965686
10.666620
10.553216
10.910561
11.019051
10.682576
10.678769
10.793516
10.613979
10.544195
10.651861
10.704347
10.646851
10.658858
10.636485
10.749507
10.744520
10.783735
10.560679
10.652422
10.599178
10.894376
11.062549
10.610523
10.856068
10.717888
10.748739
10.530301
10.768177
10.799808
10.622231
10.511294
10.592517
10.593220
10.831489
10.635815
10.685776
10.557568
10.612524
10.891691
10.491185
10.634920
10.543547
10.889603
10.645934
10.657176
10.737017
10.442113
10.897121
10.640466
10.723735
10.832594
10.830219
10.476594
11.136920
10.840449
10.905711
10.915102
10.558685
10.722379
10.556647
10.636167
10.811012
10.831039
10.697513
10.704815
10.421630
10.683978
10.849398
10.595571
10.658505
10.559571
10.968915
10.929176
10.834691
11.133341
10.785801
10.535616
10.790515
10.925891
10.741716
10.821550
10.762111
10.941750
10.538223
10.622912
10.517005
10.622278
10.503667
10.737395
10.742099
10.789405
10.603518
10.661753
10.690644
10.638417
10.756279
10.862534
10.819540
10.650613
11.117230
10.894551
10.756875
10.685394
10.593196
10.675441
10.530647
11.004920
10.693086
10.585299
10.645481
10.832315
10.598988
10.741786
10.634405
10.574812
10.644850
10.676772
10.751842
10.781566
10.683856
10.303386
10.624001
11.103936
10.813456
10.640427
11.069266
10.692702
10.667819
10.912943
10.469701
10.846630
10.674962
10.682243
10.607883
10.697374
10.653681
10.756698
10.527517
10.591979
10.598451
10.668935
10.812921
10.884039
10.995509
10.793354
10.635863
10.586880
10.546211
10.635965
10.661880
10.450709
10.629400
10.835739
10.654103
10.591742
10.580326
10.685411
10.527252
10.875715
10.812958
10.558026
10.863288
10.605929
10.794517
10.522621
10.553072
10.564867
10.650162
10.768854
10.602160
10.773150
10.727296
10.611196
10.987138
10.682306
10.794491
10.626995
10.524452
10.830340
10.685801
10.637417
10.501642
10.967299
11.293824
10.676127
11.014233
10.875047
10.599001
10.852911
10.510639
10.787632
10.647837
10.784373
10.713183
10.706584
10.878271
10.556969
10.861804
10.806096
10.928700
10.673662
10.448244
10.653470
10.562308
10.759995
10.744754
10.729096
10.646342
10.583895
10.788631
10.844443
10.732038
10.824949
10.777457
10.742278
10.577990
10.638915
10.688496
10.455567
10.766203
10.762482
10.787322
10.661144
10.575380
10.812934
10.661009
10.768292
11.083828
10.821162
10.584730
10.629865
10.697652
10.623645
10.441515
10.555071
10.766166
10.705083
10.788570
10.579025
10.812268
10.536722
10.856859
10.592911
10.892421
10.567872
10.693632
10.428422
10.498554
10.675321
10.639711
10.728343
10.969059
10.703347
10.736796
10.633714
10.641043
10.528045
10.681352
10.808367
10.571428
10.628335
10.820422
10.883434
10.615391
10.720765
10.541245
10.736276
10.845921
10.647304
10.643327
10.574344
10.463231
10.647760
10.843078
10.470072
10.835680
10.614186
10.666098
11.113664
11.478815
10.891222
10.679910
10.617981
10.772172
10.813083
10.780189
10.752654
10.739183
10.577504
10.852770
10.939191
10.962878
11.046375
10.717012
10.653879
10.666551
10.731376
10.751126
10.816501
10.743994
10.876290
10.714457
10.603598
10.689586
10.741471
10.747845
10.596260
10.467232
10.517879
10.773187
10.980005
10.844553
10.673923
10.591197
10.661374
10.951594
10.854442
10.655300
10.516376
10.534881
10.781911
10.947238
10.710157
10.693368
10.625363
10.862993
11.070968
10.626251
10.680018
10.748209
10.759183
10.454214
10.505621
10.688284
10.869861
10.794299
10.869955
10.721139
10.521712
10.583227
10.585447
10.638345
10.569570
10.813424
10.662798
10.749320
10.898454
10.640439
10.871276
10.735906
10.785856
10.815639
10.683388
10.697782
10.797306
10.791792
10.693137
10.831934
10.721939
10.803666
10.628183
10.601101
10.537402
10.549535
10.782857
10.673859
10.480374
10.622810
10.467901
10.651876
10.559382
10.556834
10.831433
10.372221
10.822591
10.645753
10.871492
10.718020
10.694585
10.866541
10.592753
10.956445
10.738716
10.735084
10.667612
10.694462
10.726550
10.811056
10.614947
10.718967
10.599764
10.767960
10.574471
10.562336
10.667466
10.815816
10.688540
10.638958
10.752385
10.683888
10.665642
10.758795
10.735047
10.766633
10.482048
10.914107
11.039395
10.867293
11.002278
10.633180
10.591545
10.676118
10.614661
10.463327
10.617870
10.556424
10.685743
10.520918
10.691153
10.825617
10.892741
10.892533
10.617058
10.567879
10.882838
10.964476
10.657211
10.874478
10.533868
10.740670
10.572640
10.533417
10.685515
10.993331
10.917487
10.532828
10.536413
10.680425
10.684021
10.856620
10.717845
10.733645
10.927838
10.770871
10.595317
10.658311
10.665643
10.529463
10.598072
10.677563
10.559620
10.757357
10.811976
10.503239
10.738704
10.693216
10.758866
10.656383
10.569098
10.472315
10.499665
10.672077
10.802456
10.526171
10.580754
10.623550
10.703022
10.719779
10.603755
10.637129
10.884388
10.715130
10.933441
10.688595
10.584220
10.535722
10.640601
10.708202
10.740977
10.538047
10.637340
10.650217
10.851647
10.785489
10.615865
10.708033
10.923534
10.885219
10.604615
10.494832
10.632766
10.552664
10.597394
10.528696
10.723043
10.594749
10.726660
10.737906
10.556355
10.662804
10.705965
10.878530
10.764034
10.880377
10.713836
10.887127
10.747788
10.648742
10.643472
10.716867
10.795277
10.650257
10.760776
10.634836
10.662002
10.574621
10.654484
10.743646
10.784630
10.802887
10.758742
10.863794
10.713125
10.541859
10.646761
10.678937
10.668547
10.645850
10.610171
10.895492
10.807597
10.793923
10.537516
10.866734
10.626529
10.343593
10.803638
10.769626
10.672070
10.713492
10.805052
10.669177
10.724633
10.805360
10.475166
10.706219
10.641780
10.797820
10.730521
10.614136
10.911366
10.628684
10.640709
10.660400
10.682139
10.650497
10.798683
10.820453
10.559462
10.626373
10.567701
10.632801
10.624967
10.638590
10.881689
10.544397
10.713363
10.782953
10.702890
10.630060
10.868584
10.592384
10.841974
10.536096
10.612894
10.571366
10.759519
10.860687
10.696003
10.717280
10.617371
10.659576
10.646404
10.726611
10.878244
10.809378
10.813766
10.704075
10.408319
10.711461
10.635289
10.853567
10.559265
10.594698
10.660611
10.615653
10.653185
10.920027
10.651178
10.952040
10.655464
10.786353
10.813825
10.577850
10.683008
10.739841
10.773608
10.819040
10.942196
10.526706
10.795675
10.599605
10.755582
10.901339
10.931911
10.947133
10.759693
10.528739
10.623667
10.589271
10.594775
10.772438
10.682636
10.915825
10.975985
10.655050
10.686124
10.500998
10.588949
10.453583
10.607428
10.637156
10.814159
10.637603
10.675592
10.630409
10.519898
10.643974
10.575453
10.669971
11.001717
10.524582
10.800995
11.001090
10.681425
10.821201
10.840848
10.626388
10.570494
10.705160
10.792216
10.692554
10.627695
11.036705
10.754671
10.607471
10.770965
10.502093
10.778348
10.873086
10.802437
11.205060
10.752263
10.656354
10.739640
10.546123
10.552661
10.597126
10.752867
10.958825
10.594065
10.765402
11.013935
10.761703
10.750173
10.783172
10.476563
10.779297
10.844245
10.648003
10.753974
10.643252
10.822558
10.533856
10.739319
11.030824
10.892538
10.663578
10.578084
10.626664
10.623240
10.641552
10.614004
10.877775
10.698804
10.524005
10.628824
11.035688
10.818202
10.767232
10.934542
10.579932
10.603983
10.753245
10.759045
10.739010
10.461212
10.843548
10.610264
10.690582
10.682538
10.527745
10.704198
10.687559
10.980965
10.648984
10.629699
10.596489
10.579348
10.956786
10.797169
10.621155
10.570603
10.563036
10.860638
10.910692
10.697413
10.682864
10.610653
10.804710
10.820272
10.702227
10.536792
10.472365
10.571108
10.455593
10.498864
10.818580
10.773907
10.873797
10.864880
10.670818
10.527617
10.729336
10.682324
10.543894
10.603705
10.659122
10.683532
10.655607
10.621555
10.536891
10.579933
10.618053
10.513288
10.890313
10.760356
10.748294
10.862460
10.584342
10.723064
10.823223
10.623200
10.751227
10.677077
10.498196
10.801686
10.588859
10.630665
10.733814
10.562135
10.738280
11.153884
10.786411
10.928307
10.713785
10.770654
10.899871
10.604600
10.691405
10.622080
10.799403
10.758007
10.555097
10.634081
10.819681
10.641689
10.840550
10.776852
10.852283
10.591570
10.621547
10.525626
10.899447
10.725898
10.634727
10.751435
10.659919
10.777455
10.650009
10.761466
10.589834
10.883890
10.926986
10.991902
10.853546
10.566996
10.520117
10.586103
10.760608
10.514790
10.893143
10.622496
10.557271
10.602177
10.833961
10.483033
10.920482
10.673477
10.556858
10.578946
10.820263
10.526388
10.564663
10.562103
10.815675
10.451619
10.511263
10.850540
10.691179
10.665796
10.789578
10.669560
10.745677
10.587976
10.615831
10.833834
10.659331
10.743258
10.643547
10.716148
10.547773
10.622004
10.641839
10.676568
10.862907
10.738712
10.740239
10.900716
10.544769
10.846110
10.756733
10.645699
10.866221
10.665250
10.597271
10.756597
10.621731
10.830341
10.710812
10.533118
10.678969
10.793334
10.853156
10.784306
10.796442
10.731572
10.566584
10.555887
10.757527
10.788640
10.810373
10.767755
10.625262
10.604505
10.599806
10.824933
10.777128
10.877549
10.748499
10.746425
10.619699
10.767967
10.753715
10.632072
10.608760
10.710685
10.580017
10.801168
10.609848
10.898551
10.603558
10.657434
10.690749
10.662338
10.671452
10.918087
10.769415
10.911966
10.862342
10.653657
10.838321
10.657964
10.536908
10.636850
11.070706
10.658813
10.773143
10.926704
10.641519
10.581054
10.805593
10.648837
10.619974
10.866462
10.675882
10.669568
10.470408
10.752984
10.686386
10.681627
10.501687
10.673850
10.792807
10.749653
10.651704
10.823046
10.779719
10.758126
10.592561
10.643198
10.722920
10.577836
10.413638
10.817758
10.598160
10.576310
10.591708
10.617434
10.685655
11.138224
10.796094
10.611508
10.742459
10.645496
10.749646
10.625687
10.653473
10.589506
10.490520
10.616180
10.666249
10.641522
10.726242
10.722901
10.561537
10.732982
10.874158
10.509774
10.572189
10.735955
10.851107
10.725218
10.614527
10.846224
10.701519
10.795214
10.778932
10.762882
10.819670
10.783929
10.716860
10.722040
10.672324
10.665888
10.565821
10.756926
10.730953
11.050739
10.685686
10.583643
10.436360
10.708481
10.817036
10.707676
11.064320
10.728488
10.448858
10.645554
10.588616
10.659300
10.488723
10.534962
10.750404
10.638717
10.625378
10.620124
10.650793
10.779606
10.526746
10.875517
10.859565
10.542615
10.683706
10.693652
10.524146
10.675514
10.997097
10.529374
10.708623
10.536546
10.802812
10.793466
10.525052
10.749576
10.709172
10.606284
11.146243
10.566213
10.539776
10.516650
10.665166
10.645198
10.655095
10.713694
10.412435
10.824785
10.737650
10.737356
10.873246
10.654000
10.837717
10.759134
10.559561
10.656147
10.752480
10.725015
10.582169
10.754362
10.703851
10.513596
10.694427
10.639973
10.886756
10.883279
10.660422
10.765065
11.028288
10.662733
10.695340
10.637430
10.917525
10.612454
10.641813
10.707957
10.593276
10.705450
10.515615
10.652847
10.730150
10.664836
10.649013
11.004758
10.912158
10.570492
10.632474
10.833972
10.803435
10.693597
10.596558
10.971405
10.838092
10.569281
10.786283
10.409129
10.917589
10.436491
10.649997
10.683233
10.528571
10.761695
10.837757
10.690995
10.700602
10.865126
10.516617
10.783137
10.724605
10.810882
10.764437
10.694080
10.439770
10.577396
10.724216
10.699841
10.612132
10.459869
10.664115
10.763695
10.668559
10.970682
10.775389
10.627123
10.569257
10.678647
10.568545
10.672960
10.627797
10.586284
10.560128
10.712239
10.797368
10.552256
10.654663
10.799270
10.619271
10.618337
10.869718
10.662150
10.644393
10.745160
10.642423
10.775935
10.830922
10.631354
10.684950
10.618359
10.706603
10.769901
10.740620
10.713614
10.791828
10.615047
10.781114
10.793859
10.915203
10.637162
10.617705
10.882677
10.544564
10.633295
10.525298
10.801492
10.646717
10.624170
10.969588
10.511473
10.874517
10.734208
10.683378
10.656494
10.462759
10.536260
10.703254
10.574604
10.493689
10.539998
10.548363
11.139999
10.789111
10.600893
10.594975
10.473525
10.633055
10.803072
10.756812
10.735331
10.554589
10.449473
10.756224
10.750310
10.590590
10.668398
10.693962
10.564887
10.752210
10.631729
10.738157
10.559551
10.729466
10.535922
10.815463
10.563710
10.706404
10.664490
10.538488
10.881561
10.956518
10.560290
10.408561
10.661028
10.752272
10.659160
10.594081
10.722478
10.716567
10.732424
10.624039
10.701723
10.570556
10.502489
10.695072
10.760868
10.787868
10.710825
10.560998
10.653003
11.116604
10.532161
10.599013
11.082240
10.829610
10.575507
10.521972
10.766571
10.677958
10.771139
10.921317
10.519284
10.550288
10.638163
10.604868
10.673380
10.548969
10.452348
10.778737
10.699841
10.734005
10.758265
10.738492
10.708968
10.864956
10.750089
10.631546
10.649748
10.581279
10.782270
10.736211
10.599446
10.681753
10.796345
10.460163
10.683311
10.563864
10.611548
10.525289
10.682658
10.900735
10.555971
10.866679
10.730150
10.673098
11.025479
10.799227
10.665484
10.856928
10.691537
11.051000
10.860952
10.798078
10.797326
10.795297
10.597749
10.614615
10.816888
10.786673
10.680398
10.600112
10.801154
10.720090
10.507014
10.806834
10.550061
10.922083
10.743974
11.042555
10.673719
10.869299
10.540239
10.566445
10.744440
10.533098
10.511414
10.678644
10.654872
10.504352
10.668594
10.692082
11.022773
10.741489
10.590464
10.658261
10.645171
10.763237
10.941642
10.704298
10.714249
10.605904
10.724222
10.528112
10.557561
11.032122
10.524371
10.969094
10.627144
10.519264
10.673492
10.623065
10.483942
10.486873
10.625531
10.815923
10.691634
10.889810
10.790790
10.661269
10.805089
10.768506
10.648622
10.713155
10.793145
10.648150
10.944941
10.578083
10.667125
10.595239
10.677239
10.972269
10.770117
10.570601
10.739275
10.628745
10.572808
10.733223
10.768701
10.890985
10.680115
10.656688
10.712665
10.669061
10.606843
10.592013
10.683057
10.902790
10.535170
10.862457
10.632896
10.629639
10.698010
10.689902
10.685367
10.682042
10.731313
10.912441
11.123782
10.664595
10.751146
10.730021
10.637849
10.643906
10.923921
10.513980
11.084653
10.619762
11.112242
10.802071
10.720255
10.679723
10.796906
10.549126
10.794576
10.383472
10.614631
10.606593
10.966804
10.528425
10.803736
10.679598
10.565940
10.714537
10.915371
10.601524
10.551728
10.469264
10.960413
10.853178
10.746069
10.673646
10.754254
10.765500
10.853683
10.758660
10.850234
10.490979
10.697190
10.572302
10.515577
10.580809
10.415287
10.887942
10.478019
10.628318
10.646808
11.082326
10.685570
10.536037
10.478205
10.576360
10.615683
10.819955
10.803810
10.732083
10.588395
11.030992
10.847678
10.782150
10.525479
10.583233
10.566704
10.685305
10.575256
10.758049
10.715394
10.588040
10.655738
10.510524
10.910757
10.604231
10.734318
10.753303
10.620555
10.892479
10.641103
10.832387
10.996110
10.808231
10.853974
10.719132
10.688681
10.560247
10.786184
10.708234
10.767203
10.683939
10.758954
10.642929
10.805956
10.635325
10.586187
10.561178
10.728540
10.723488
10.753624
10.608086
10.713032
10.762020
10.640493
10.864734
10.907336
10.773294
10.781237
10.646425
10.621636
10.696439
10.811645
10.596707
10.682822
10.792196
10.733368
10.816710
10.892207
10.689993
10.817108
10.497125
10.688004
10.526558
10.599233
10.891353
10.737249
10.670653
10.479627
10.678529
10.770686
10.757417
10.805257
10.516586
10.393324
10.696423
10.784752
10.746648
10.528001
10.612475
10.747168
10.618070
10.533622
10.851792
10.936019
10.734419
10.633997
10.753979
10.694870
10.390372
10.856086
10.836474
10.968952
10.659556
10.674059
10.729897
10.631757
10.445215
10.715918
10.572169
10.729085
10.885658
10.570216
10.661509
10.649688
10.591692
10.639584
10.754859
10.755899
10.515647
10.518481
10.656513
10.530790
10.763998
10.745355
10.698274
10.599374
10.871983
10.715273
10.554501
10.889408
10.792385
10.729490
10.461561
10.573450
10.472265
10.622457
10.724212
10.576331
10.567513
10.624286
10.883422
11.241743
11.058215
10.623181
10.790069
10.484485
10.699114
10.772792
10.583579
10.829391
10.814190
10.665788
10.805815
11.074185
10.874381
10.602720
10.781413
10.832581
10.590858
10.948638
10.698817
10.586020
10.713276
10.948131
10.715352
10.498071
10.771999
10.714991
10.523700
10.520640
10.778583
10.778636
10.670425
10.727357
10.921302
10.869074
10.702387
10.562589
10.759211
10.847415
10.530907
10.501925
10.763018
10.706288
10.783461
10.743058
10.503070
10.684009
10.659771
10.546533
10.833068
10.751742
10.622820
10.592180
10.595829
10.633736
10.472208
11.073246
10.626074
10.762572
10.624968
10.722871
10.681146
10.869402
10.727335
10.615443
10.704318
10.627445
10.588021
10.961769
10.675725
10.615700
10.603502
10.762257
10.666058
10.638920
10.679971
10.633866
10.713937
10.814717
10.717811
10.517443
10.564907
10.683764
10.727631
10.637576
10.707243
10.581703
10.583726
10.692307
10.723346
10.693366
10.576415
10.752422
10.727105
10.795342
10.796306
10.658300
10.582156
10.896998
10.520850
10.594797
10.897867
10.675394
10.635487
10.705304
10.603584
10.858668
10.700337
10.646968
10.583907
10.541567
10.547432
10.996314
10.481846
10.762722
10.720765
10.698122
10.778784
10.831571
10.643158
10.522047
10.794854
10.850242
10.908805
10.590885
10.673388
10.800978
10.651558
10.717034
10.661527
10.523236
10.727014
10.643342
10.684250
10.628255
10.858693
10.603660
10.627207
10.673004
10.656611
10.542247
10.616509
10.775069
10.527683
10.666900
10.904683
10.848720
10.723102
10.714408
10.703000
10.600049
10.747856
10.472648
10.571358
10.854826
10.599665
10.619203
10.871419
10.766308
10.632101
10.930007
10.679940
10.633521
10.712252
10.730814
10.581238
10.545129
10.699826
10.533884
10.868022
10.630524
10.680585
10.754606
10.697984
10.864972
10.619387
10.616478
10.826051
10.726891
10.560643
10.655675
10.619994
10.758255
10.451569
10.589956
10.690756
10.807888
10.597214
10.626407
10.494432
10.594475
10.448179
10.734228
10.702719
10.692431
10.535840
10.791374
10.723014
10.978510
10.862312
10.726707
10.595158
10.582426
10.737741
10.681945
10.601324
10.641326
10.673350
10.729547
10.675576
10.672334
10.472057
10.638972
10.729061
10.708699
10.664140
10.740821
10.652780
11.046858
10.771396
10.898993
10.726695
10.904463
10.625542
11.116829
10.774369
10.718444
10.601470
10.624674
10.719487
10.746225
10.680411
10.660293
10.707538
10.665017
10.651990
10.471838
10.831124
11.053330
10.660559
10.602590
10.825873
10.640669
10.870845
10.422159
10.632736
10.704104
10.629281
10.686412
10.644234
10.753862
10.759274
10.700981
10.577168
10.546751
10.714552
10.706072
10.753196
10.604212
10.754096
10.701157
10.801985
10.580054
10.655049
10.800985
10.720216
10.755436
10.598529
10.826065
10.895342
10.712086
10.737527
10.638224
10.812169
10.939285
10.566245
10.884971
10.602998
10.731996
10.821116
10.832555
10.618433
10.603419
10.761727
10.615559
10.575757
10.613652
10.720048
10.713873
10.671577
10.612867
10.545920
10.764774
10.629316
10.599665
10.830470
10.575153
10.794797
10.702255
10.699170
10.673460
10.598481
10.454504
10.804449
10.635818
10.709040
10.785336
10.553965
10.726803
11.261162
11.081642
10.487470
10.487470
