10.554149
10.806498
10.778242
10.672038
10.869040
10.823338
10.820419
10.923723
10.683533
10.690138
10.758218
10.746448
10.580080
10.659525
10.673669
10.616168
10.793635
10.736726
10.599152
10.615935
10.535086
10.778707
10.647162
10.617219
10.555964
10.639567
10.516130
10.807836
10.770995
10.715556
10.510700
10.555612
10.465795
10.757107
10.767694
10.725293
10.726490
10.622517
10.888825
10.646230
10.817089
10.546041
10.487205
10.717792
10.680652
10.685517
10.710656
10.784163
10.808054
10.691423
10.621217
10.821353
10.587042
10.804368
10.698846
10.522312
10.568861
10.813858
10.721054
10.680102
10.827090
10.665503
10.974035
10.462073
10.754137
10.625858
10.851433
10.623185
10.756518
10.688451
10.894441
10.590041
10.695046
10.976640
10.616628
10.633175
10.608794
10.576920
10.594333
10.598789
10.588067
10.603507
10.868021
10.553417
10.816399
10.665471
10.841675
10.537422
10.744295
10.745476
10.702392
10.433409
10.804420
10.866910
10.762769
10.775524
10.499105
10.552695
10.696613
10.878595
10.606257
10.782903
10.735177
11.030479
10.600001
10.517248
10.696269
10.607354
10.613145
10.700380
10.954655
10.671124
10.628844
10.856948
10.593660
11.094115
10.648824
10.983436
10.484756
10.697718
10.844618
10.656428
10.527784
10.738299
10.487306
10.612410
10.544208
10.569029
10.687700
10.827061
10.904548
10.794107
10.715880
10.738396
10.737210
10.749502
10.539343
10.924060
10.674187
10.610844
11.037703
10.651810
10.732846
10.918557
10.685079
10.553427
10.627408
10.513678
10.819685
10.724719
10.706948
10.534809
10.645017
10.662445
10.620260
10.622158
10.541664
10.776623
10.607003
10.698269
10.520127
10.512253
10.485396
10.586648
10.824508
10.905697
10.731218
10.516734
10.788028
10.794448
10.545962
10.588715
10.761153
10.590720
10.757831
10.900954
10.883190
10.681894
10.764552
10.720690
10.663723
10.762432
10.723774
10.683097
10.736524
10.524877
10.708806
10.649304
10.756452
10.589347
10.623987
10.779865
10.938264
10.559361
10.829772
10.692479
10.766997
10.555956
10.742180
11.094175
10.744956
10.685260
10.868976
10.722913
10.783195
10.617022
10.873981
11.011868
10.521526
10.772678
10.599709
10.596403
10.647165
10.613578
10.520803
10.791766
10.463882
10.440777
10.682171
10.568048
10.550715
10.703215
10.754841
10.855855
10.654808
10.589116
10.655335
10.688778
10.636730
10.519170
10.705836
10.769289
10.579871
10.661097
10.749445
10.640662
10.634605
10.910980
10.552426
10.990731
10.521499
10.659540
10.763812
10.556414
10.938856
10.763750
10.588112
10.691638
10.969367
10.838999
10.549836
10.664622
10.718738
10.693063
10.780695
10.733913
10.969300
10.950864
10.727366
10.446088
10.586777
10.839584
10.712999
10.646562
10.972275
10.815441
10.784108
10.622916
10.826040
10.740230
10.705276
10.556606
10.672566
10.650694
10.696460
10.662400
10.631203
10.644027
10.810541
10.773248
10.704182
10.709420
10.569365
10.653233
10.894274
10.600310
10.559384
10.599511
10.752469
10.517591
10.554058
10.597933
10.722197
10.640639
10.989820
10.555022
10.852459
10.670172
10.866691
10.760518
10.667068
10.555534
10.928334
10.642632
10.781303
10.745143
10.713502
10.976123
10.560332
10.687231
10.795790
10.688131
10.994653
10.587699
10.730588
10.618132
10.457941
10.731351
10.675265
10.656040
10.619327
10.886157
10.818476
10.954908
10.674328
10.466409
10.742701
10.850236
10.939348
10.381168
10.758972
10.668858
10.540680
10.938799
10.796674
10.582889
10.654625
10.740260
10.669665
10.554063
10.590842
10.630464
10.586838
10.765618
10.633081
10.702745
10.869882
10.780430
10.750350
10.561044
11.013710
10.780743
10.656783
10.647444
10.806554
10.725311
10.798308
10.830576
10.677041
10.690103
10.730297
10.541438
10.657774
10.597465
10.676535
10.667879
10.714849
10.547453
10.708039
10.495955
10.768937
10.933138
10.636880
10.804262
10.488310
10.817569
11.134747
10.708432
10.746055
10.614127
10.407977
10.786549
10.920499
10.518870
10.550813
10.722255
10.875151
10.791990
11.139176
10.688593
10.651131
10.730188
10.681766
10.678271
10.663406
11.041165
10.708255
10.644086
10.546059
10.638811
10.688592
10.597953
10.683323
10.736504
10.643514
10.669346
10.517658
10.669975
10.622467
10.769064
10.986833
10.768064
10.789411
10.799293
10.488330
10.904734
10.617533
10.683734
10.558247
10.792799
10.478393
10.768186
10.554092
10.722812
10.611041
10.572777
10.823820
10.704527
10.436411
10.759660
10.654392
10.861255
10.885079
10.598861
10.785002
10.763234
10.765519
10.724344
10.716679
10.658784
11.022582
10.709333
10.685875
10.599406
10.661646
10.529164
10.679977
10.637817
10.609603
10.762822
10.726623
10.681392
10.615104
10.665974
11.134823
10.761084
10.774279
10.397060
11.023650
10.741700
10.472598
10.766441
10.657499
10.588074
10.580634
10.583035
10.790718
10.770690
10.672404
10.642444
10.834520
10.709722
10.626047
10.467595
10.797337
10.422528
10.726956
11.029828
10.623923
10.618404
10.527787
10.965063
10.850019
11.144738
10.611795
10.546596
10.701584
10.660514
10.709587
10.524145
10.762135
10.787319
10.510302
10.569825
10.839740
10.604725
10.882754
10.576135
10.671174
10.640747
10.659584
10.537911
10.568554
10.731243
10.806107
10.778127
10.734626
10.728203
10.709494
10.745786
10.554272
10.626130
10.539900
10.696182
10.758118
10.786033
10.680403
10.968998
10.713715
10.346586
10.952733
10.344292
10.832742
10.911836
10.819278
10.813750
10.773277
10.664304
10.906247
10.964269
10.653929
10.534433
10.750482
10.501927
10.689098
10.588736
10.554342
10.742788
10.673349
10.689428
10.587971
10.667527
11.020385
10.577816
10.472487
10.761606
10.493970
10.643310
10.808659
10.465584
10.713306
10.782270
10.469449
10.576518
10.628608
10.618486
10.586824
10.608620
10.564980
10.823235
10.978008
10.656505
10.609006
10.708808
10.714252
10.520649
10.644043
10.758718
10.702821
10.844258
10.675124
10.727206
10.718571
10.556984
11.014570
10.930960
10.622648
10.602061
10.589663
10.726120
10.611077
10.876520
10.721734
10.530790
10.718610
10.841539
10.750853
10.507164
10.724377
10.740194
10.818324
10.514120
10.657015
10.478332
10.517976
10.747808
10.404330
10.495578
10.711408
10.821742
10.607418
10.488496
10.900498
10.613290
10.631622
11.001222
10.672700
10.736026
10.667703
10.400395
10.692803
10.873088
10.949583
10.531565
10.499084
10.604649
10.632773
10.744243
10.899971
10.696411
10.635901
10.744825
10.587063
10.656490
10.751527
10.893667
10.599915
10.431679
10.778826
10.804128
10.619297
10.668497
10.946039
10.447873
10.564088
10.470934
10.693889
10.777736
10.413478
10.683901
10.568503
10.570906
10.661840
10.706449
10.621366
10.602914
10.692514
10.562907
10.720839
10.682708
10.800786
10.632925
10.451029
10.658143
10.771364
10.795672
10.868898
10.665315
10.700677
10.725251
10.647072
10.693854
10.659184
10.544273
10.579132
10.715206
10.662841
10.961239
10.592902
10.496407
10.971791
10.719366
10.827921
10.687776
10.693253
10.618732
10.779866
10.775741
10.573573
10.742290
10.609969
10.627099
11.038578
10.509342
10.865715
10.659402
10.761421
10.819494
10.564649
10.811584
10.684389
10.617222
10.732862
10.806077
10.582404
10.673269
10.602369
10.920187
10.672841
10.795382
10.944628
10.782669
10.811000
10.766317
10.562815
10.602788
10.670662
11.013718
10.532175
10.811539
10.876317
10.706041
10.644335
10.742448
10.729579
10.854157
10.854163
10.526681
10.672453
10.526989
10.703116
10.882478
10.552826
10.696497
11.071069
10.871509
10.984978
10.686606
10.553217
10.682770
10.758760
10.624319
10.819302
10.804225
11.004488
10.905235
10.701291
10.774216
10.750620
10.693425
10.709760
10.683485
10.757031
10.804805
10.685417
10.555008
10.743614
10.653445
10.613726
10.760403
10.500621
10.785799
10.672275
10.495281
10.774802
10.597485
10.593990
10.658289
10.750815
10.797467
10.631499
10.669457
10.700503
11.136601
10.692742
10.696351
10.599752
10.711539
10.750735
10.554797
10.686880
10.762243
10.612705
10.592768
10.700736
10.724650
10.657276
10.822279
10.571400
10.872877
10.904244
10.936484
10.782947
10.755484
10.567270
10.605827
10.934035
10.594691
10.644184
10.781354
10.328802
10.762776
10.752015
10.478189
10.661487
10.642405
10.661348
10.664522
10.682532
10.746230
10.696975
10.477284
10.642357
10.688027
10.549006
10.723934
10.783121
10.845893
10.596476
10.732225
10.683454
10.995505
10.807611
11.186839
10.877820
10.542124
10.795827
10.638491
10.420095
10.575150
10.896945
10.633345
10.694834
10.898115
10.637043
10.735762
10.661158
10.799998
10.720327
10.681379
10.764701
10.530970
10.684219
10.761905
10.492686
10.944572
10.683023
10.607426
10.797990
10.743737
10.645475
10.407374
10.665432
10.636820
10.874223
10.546784
10.698953
10.615593
10.732069
10.801681
10.575733
10.843093
10.683225
10.712404
10.697425
10.606188
10.758991
10.508775
10.599799
10.441961
10.663495
10.653874
10.566655
10.774763
10.787875
10.787695
11.827004
11.035365
11.814318
10.943296
10.673685
10.807315
10.728351
10.730795
10.488164
10.738729
10.806385
10.791079
10.801316
10.757407
10.679857
10.761050
10.712659
10.879675
10.714031
10.782734
10.686612
10.510318
10.876565
10.679036
10.735841
10.684304
10.686886
10.686930
10.593567
10.586369
10.672621
10.639218
10.726300
10.555990
10.762421
10.739652
10.794155
10.626363
10.660525
10.651685
10.552905
10.668420
10.957964
11.046307
10.638419
10.725051
11.248744
10.831260
10.499442
10.561370
10.872204
10.677328
10.608206
10.547133
10.510709
10.869477
10.511920
10.632518
10.709034
10.626662
10.809006
10.751740
10.576138
10.598558
10.628512
10.589171
10.730636
10.949702
10.590326
10.710976
10.760095
10.817702
10.827860
10.582579
10.620567
10.563406
10.854993
11.026744
10.753576
10.750778
10.464485
10.708945
10.672644
10.740853
10.640615
10.728755
10.810956
10.824565
10.638855
10.873043
10.599873
10.723893
10.714676
10.951920
10.710086
10.753449
10.524677
10.994767
10.584582
10.631485
10.709763
10.743454
10.717795
10.544762
10.808462
10.741395
10.650313
10.677437
10.752595
10.965740
10.687556
10.946297
10.725136
10.619827
10.929921
11.151023
10.501988
10.883932
10.677426
10.567216
10.865080
10.728114
10.414557
10.620213
10.668951
10.758265
10.820673
10.769231
10.807375
10.573274
11.029567
10.570775
10.547407
10.799326
10.878766
10.734091
10.615608
10.736285
10.790293
10.745158
10.616273
10.761292
10.603302
10.539434
10.928549
10.475509
10.662338
10.676816
10.670949
10.708457
10.643343
10.901255
10.597734
10.645037
10.745267
10.775940
10.847945
10.670471
10.579340
10.693031
10.661476
10.668773
10.646610
10.475416
10.518692
10.661143
10.794829
10.767351
10.665324
10.964160
10.642032
10.690037
10.903736
10.482380
10.831565
10.415137
10.600969
10.602060
10.583449
10.393108
10.571825
10.967028
10.665179
10.659228
10.611771
10.638735
10.483482
10.652510
10.616212
10.793859
10.499156
11.124204
10.439416
10.955590
10.841375
10.690299
10.559452
10.720319
10.722127
10.557650
10.691364
10.884613
10.664174
10.773388
10.467155
10.890487
10.936568
10.679527
10.569010
10.796367
10.701100
10.691195
10.716946
10.781584
10.679009
10.627090
10.644769
10.768596
10.562866
10.828312
10.616785
10.709277
10.698231
10.609778
10.683926
11.038002
10.613661
10.714585
10.642944
10.631307
10.781533
10.749555
10.693419
10.673989
10.553935
10.790340
10.811180
10.623681
10.763041
10.727027
10.851477
10.448932
10.570275
10.840503
10.747101
10.728149
10.715902
10.689115
10.559549
10.758376
10.926991
10.798812
10.922932
10.706547
10.816208
10.602097
10.725852
10.689436
10.668687
10.788760
10.660592
10.508301
10.649479
10.545722
10.750807
10.609591
10.752357
10.792521
10.690617
10.638144
10.658296
10.554800
10.575428
10.685394
10.881032
10.690871
10.734304
10.934080
10.853373
10.643943
10.774289
10.740368
10.722009
10.664406
10.719495
10.545518
10.593398
10.696294
10.664225
10.683430
10.498718
10.830418
10.771386
10.797079
10.613387
10.725370
10.849305
10.877860
10.654369
10.639074
10.645175
10.630189
10.572181
10.928010
10.833401
10.650787
10.647313
10.661744
10.450262
10.656689
10.558620
10.548448
10.543153
10.632498
10.635894
10.673484
10.515862
10.691217
10.588308
10.729585
10.636763
10.665960
10.831739
10.694588
10.817046
10.728434
10.706304
10.928718
10.854924
10.519200
10.625943
10.702493
10.585338
10.626852
10.998766
10.827413
10.778662
10.615639
10.756948
10.591060
10.853945
10.575398
10.621346
10.616988
10.685731
10.763430
10.940629
10.826575
10.725098
11.059072
10.692542
10.718008
10.722016
10.630150
10.661339
10.789242
10.762456
10.890036
10.501363
10.670944
10.755592
10.764900
10.754176
10.757131
10.762697
10.733870
11.099622
11.053312
10.660206
10.704822
10.631346
10.584511
10.743010
10.885666
10.731422
10.737289
10.762716
10.638231
10.655443
10.689633
10.595793
10.670335
10.881350
10.613466
10.921178
10.570640
10.596939
10.579206
10.690066
10.776844
10.481197
10.746438
10.574635
10.569023
10.510036
10.772282
10.712959
10.678408
10.662270
10.718444
10.745577
11.011249
10.653673
10.749467
10.713084
10.638211
10.602219
10.833009
10.812169
10.635188
10.629730
10.559305
10.865933
10.808673
10.715363
10.720498
10.474438
10.712477
10.497278
10.648740
10.814164
10.810402
10.692461
10.810378
10.663990
10.575458
10.500927
10.848826
10.692333
10.685095
10.655648
10.763694
10.511841
10.607675
10.683823
10.738680
10.652095
10.506122
10.760829
10.535290
10.711918
10.657903
10.799130
10.902880
10.537389
10.705126
10.739888
10.537333
11.031424
10.818178
10.832002
10.746490
10.488081
10.638327
10.549812
10.669594
10.749510
10.613272
10.622158
10.852358
10.642813
10.882807
10.610933
11.056034
10.715606
10.701559
10.606479
10.555027
10.556389
10.784704
10.753592
10.931935
10.838426
10.677240
10.661099
10.619666
10.888037
10.518124
10.639623
10.561935
10.641487
10.636004
10.850127
10.735014
10.558958
10.771263
10.483522
10.689009
10.792347
10.551494
10.916804
10.728465
10.554483
10.626548
10.574592
10.807026
10.645232
10.498442
10.498331
10.671583
10.699294
10.770373
10.489849
10.865667
10.552305
10.555573
10.721005
10.605590
10.760224
10.614477
10.627250
10.723135
10.463429
11.114769
10.876991
10.668653
10.714056
10.968649
10.711636
10.661529
10.513922
10.536590
10.648729
10.675451
10.679787
10.612038
10.623494
10.592962
10.838044
10.628688
10.698560
10.791903
10.690402
10.826547
10.812876
10.647525
10.731437
10.576733
10.746495
10.654293
10.881114
10.898101
10.666183
10.620448
10.628102
10.678911
10.751713
10.655562
10.630631
10.683340
10.995541
10.730726
10.567142
10.767959
10.580473
11.019782
10.719826
10.983708
11.180536
10.702774
10.355151
10.773777
10.607796
10.528005
10.767301
10.770518
10.837218
10.816164
10.665381
10.583941
11.045093
10.990958
10.738012
10.925070
10.700783
10.668017
10.638618
10.737385
10.785541
10.579344
10.783897
10.646359
10.674910
10.651657
10.602565
10.748215
10.792521
10.561909
10.852770
10.841826
10.642366
10.671272
10.717444
10.654425
10.658341
10.512972
10.650458
10.599556
10.669129
10.692603
10.773764
10.869153
10.546007
10.846563
10.390996
10.711321
10.567941
10.422683
10.534649
10.705670
10.772254
10.854670
10.630617
10.528813
10.638380
10.681302
10.636049
10.841679
10.913281
10.605876
10.729791
10.600162
10.578726
10.844349
10.756159
10.807840
10.746934
10.697417
10.700490
10.666789
10.718615
10.548061
10.522194
10.725623
10.619243
10.795859
10.799411
10.557143
10.507866
10.643671
10.605686
10.705025
10.573256
10.467303
10.576894
10.654077
10.614179
10.869449
10.698052
10.613649
10.759982
10.957188
10.689690
10.806041
10.610889
10.717176
10.499227
10.548117
10.700897
10.638727
10.869087
10.602146
10.656755
10.464041
10.940710
10.730524
11.026426
10.723608
10.663118
10.585562
10.493435
10.537171
10.633848
10.533835
10.499785
10.737214
10.809814
10.611093
10.699133
10.598313
10.901623
10.889562
10.665930
10.948207
10.782463
10.570808
10.636126
10.522512
10.605533
10.923493
10.636601
10.474823
11.127636
10.667149
10.638152
10.785982
10.739268
10.834515
10.684076
10.674739
10.608212
10.603931
10.657996
10.676198
10.869077
10.752762
10.708697
10.784266
10.944256
10.647957
10.645674
10.538452
10.522559
10.714681
10.622486
10.645556
10.625110
10.679731
10.616755
10.481761
10.483095
10.601907
10.933045
10.735407
10.809722
10.842755
10.434991
10.831884
10.588753
10.524794
10.695626
10.847683
10.715029
10.548338
10.742327
10.625167
10.746761
10.822721
10.627599
10.710910
10.676835
10.809639
10.875613
10.669094
10.701959
10.714280
10.755508
10.935184
10.773613
11.251102
10.625885
10.899887
10.652302
10.883675
10.830591
10.375722
10.525814
10.679030
10.842954
10.721479
10.676050
10.608989
10.620424
10.408051
10.668787
10.819851
10.841059
10.431736
10.782585
10.507504
10.529044
10.586823
10.868305
10.853607
10.514464
10.676719
10.664255
10.789891
10.617712
10.698140
10.460381
10.707239
10.682430
10.563263
10.489572
10.625935
10.752470
10.636104
10.718466
10.643721
10.668372
10.661063
10.790327
10.640858
10.573089
10.578032
10.768948
10.946015
10.635108
10.523477
10.466902
10.703235
10.336744
10.608086
10.661340
10.679017
10.682748
10.638740
10.557004
10.594264
10.755394
10.688475
10.669705
10.809593
10.607491
10.658703
10.694167
10.810778
10.592998
10.636775
10.884948
10.773506
10.764330
10.745808
10.485823
10.510280
10.488214
10.581043
10.558651
10.750269
10.706871
10.858220
10.678870
10.631686
10.359486
10.590181
10.815510
10.508852
10.546281
10.708002
10.622630
10.701994
10.845453
10.876055
10.824578
10.929251
10.794902
10.599215
10.636203
10.675478
10.594514
10.706666
10.825452
10.974836
10.584327
10.650106
10.606766
10.573788
10.697340
10.544011
10.743741
10.709868
10.531723
10.736346
10.636075
10.923001
10.584775
10.586865
10.787353
10.952535
10.575985
10.652460
10.807938
11.003896
10.645201
10.972321
10.740416
10.604962
11.011563
10.589896
10.932480
10.782411
10.639844
10.603839
10.670695
10.511452
10.595332
10.848875
10.880028
10.630464
10.766123
10.569352
10.632229
10.677493
10.745433
10.601456
10.616268
10.534073
10.623447
10.721759
10.537933
10.659052
10.846575
10.607638
10.604469
10.745065
10.587952
10.535799
10.933964
10.715627
10.616674
10.616989
10.617095
10.727396
10.684574
10.752627
10.700147
10.619124
10.682870
10.614823
10.683520
10.622809
10.463670
10.601890
10.658755
10.641497
10.720527
10.487903
10.550192
11.046631
10.620286
10.890385
10.553521
10.806070
10.860038
10.660725
10.674876
10.663564
10.736887
10.582772
10.687849
10.708765
10.742750
10.788132
10.813404
10.661607
10.457767
10.760539
10.930831
10.821125
10.644192
10.637206
10.674256
10.711746
10.591666
10.652217
10.645611
10.723672
10.751945
10.773685
10.669184
10.562219
10.895454
10.670507
10.772312
10.785395
10.874204
10.916415
10.634338
10.575938
10.837294
10.788497
10.734673
10.667837
10.774039
10.758168
10.633701
10.647483
10.544002
10.565701
10.787057
10.825073
10.604108
10.868906
10.502294
10.601842
10.685052
10.680287
10.839627
10.717582
10.654670
10.734266
10.723032
10.752629
10.800171
10.732754
11.124465
10.579570
10.893943
10.918849
10.678701
10.649238
10.689910
10.784983
10.602764
10.912403
10.934942
10.769426
10.605548
10.786237
10.667568
10.471424
10.676430
10.689102
10.678107
10.861879
10.713388
10.793374
10.675394
10.709788
10.438601
10.606464
10.777487
10.801060
10.678373
10.418424
10.637421
10.809323
10.582572
10.623108
10.693976
10.769694
10.571694
10.851478
10.617642
10.771845
10.730913
10.851137
10.731032
10.891983
10.730703
10.701675
10.691212
10.772548
10.749919
10.677095
10.661725
10.714408
11.126605
10.616789
10.678786
10.858769
10.609956
10.717744
10.590791
10.991487
10.615399
10.635472
10.612633
10.665626
10.288314
10.566169
10.566887
10.751772
10.690616
10.757451
10.778469
10.462167
10.957942
10.836810
10.701731
10.822688
11.138740
10.593084
10.703344
10.815442
10.997713
10.753015
10.754900
10.558095
10.477856
10.664633
10.599998
10.731124
10.698589
10.871280
10.663757
10.733112
10.742304
10.718436
10.798949
10.783030
10.730489
10.437584
10.678999
10.578497
10.530649
10.669429
10.666427
10.903949
10.665098
10.646350
10.537275
10.651845
10.756022
10.777426
10.574484
10.551772
10.468096
10.809373
10.756883
10.683782
10.545230
10.780692
10.553248
10.618808
10.719147
10.803740
10.614355
10.732181
10.447309
10.610773
10.730728
10.580927
10.795894
10.479903
10.693950
10.732130
10.712873
10.687954
10.571118
10.563896
10.731285
10.573299
10.623148
10.673774
10.885198
10.627173
10.638917
10.652843
10.685467
10.681854
10.607470
10.555525
10.723511
10.739798
11.276541
10.608487
10.687525
10.737981
10.729378
10.696173
10.588115
10.554275
10.687555
10.617085
10.907075
10.676105
10.646285
10.631894
10.694324
10.691240
10.894319
10.507747
10.797323
10.822154
10.667398
10.659136
10.803812
10.909497
10.614458
10.661432
10.558766
10.626340
10.649828
11.086638
10.814699
11.000079
10.658956
10.614256
10.669945
10.517766
10.691713
10.599330
10.481736
10.611642
10.772616
10.660513
10.704502
10.931091
10.765989
10.588637
10.749149
10.616686
10.521148
10.952000
10.936945
10.658796
10.651179
10.745639
10.861135
10.677607
10.664717
10.749279
10.932760
10.693319
10.715317
10.735828
10.689831
10.792707
10.798888
10.885132
10.869336
10.754121
10.649554
10.594857
10.723102
10.775770
10.832950
10.661837
10.478703
10.679771
10.733146
10.778562
10.642699
10.647384
10.834940
10.679104
10.604132
10.526435
10.659831
10.732503
10.416695
10.540376
10.725175
10.788203
12.041061
10.713283
10.988700
10.719067
10.927760
10.837216
10.733104
10.558338
10.802224
10.792655
10.816329
10.547733
10.671840
10.497397
10.922763
10.840458
10.703182
10.727504
10.597048
10.718599
10.812274
10.522564
10.727622
10.719525
10.878459
10.585584
10.761799
10.505181
10.509454
10.709823
10.652518
10.505978
10.765308
10.503607
10.575058
10.690717
10.809541
10.857684
10.661086
10.575980
10.744509
10.636481
10.706157
10.747403
10.699313
10.702166
11.053177
10.591845
10.704795
10.568007
10.826471
10.553644
10.766878
10.585289
10.870182
10.560817
10.812585
10.506602
10.690669
10.824981
10.838714
10.723042
10.665579
10.707216
10.620879
10.865705
10.630697
10.702277
10.739424
10.853601
10.748176
10.695874
10.685523
10.614912
10.722921
10.687671
10.620451
10.682059
10.573468
10.647212
10.665597
10.687480
10.633808
10.811415
10.855886
10.769182
10.925896
10.980432
10.708061
10.713771
10.762594
10.702369
10.684991
10.718982
10.647472
10.662559
10.820017
10.692337
10.611665
10.525623
10.653565
10.645781
10.968887
10.659333
10.794002
10.795484
10.799915
10.839256
10.846904
10.705152
10.625032
10.682461
10.613129
10.826280
10.764546
10.535468
10.596180
10.875579
10.574615
10.990103
10.581391
10.636386
10.710657
10.552921
10.512511
10.699479
10.876740
11.506158
10.572175
10.477840
10.915656
10.698174
10.767958
10.994069
10.858455
10.776978
10.750578
10.640994
10.758202
10.476314
10.746420
10.554295
10.759341
10.659929
10.679538
10.530144
10.796920
10.544003
10.562602
10.709796
10.627577
10.626001
11.098604
10.787380
10.723371
10.780719
10.925777
10.702077
10.949181
10.748356
10.556164
10.988296
10.744540
10.767587
10.447456
10.792211
10.728381
10.550515
10.540829
10.676873
10.509824
11.065612
10.637565
10.722844
10.632310
10.721207
10.930684
10.660970
10.573986
10.720995
10.825352
10.625104
10.901968
10.808839
10.930724
10.821187
10.825274
11.066532
10.639308
10.546581
10.667418
10.880927
10.676768
10.707915
10.557460
10.512030
10.711685
10.572894
10.849480
10.702308
10.614680
10.694108
10.730138
10.617022
10.825971
10.640485
10.604442
10.705385
10.637270
10.600025
10.908192
10.708858
10.705074
11.041840
11.000662
10.828362
10.659398
10.507123
10.652045
10.693641
10.737172
10.591753
10.798522
10.590315
10.658347
10.625016
10.689345
10.531545
10.534297
10.808201
10.852376
10.517676
10.906184
10.530177
10.680584
11.192184
10.819645
10.968694
10.852727
10.652132
10.809970
10.748597
10.565647
11.066254
10.449777
10.689187
10.832422
10.698013
10.711312
10.901894
10.902784
10.770644
10.681317
10.681710
10.842840
10.561074
10.901200
10.760625
10.857554
10.636101
10.704776
10.955859
11.253611
10.536137
10.767123
10.628269
10.830257
10.647695
10.400347
10.747866
10.584085
10.750776
10.864211
10.607335
10.743042
10.352783
10.572497
10.722060
10.775204
10.698253
10.692775
10.646774
10.566426
10.718145
10.770988
10.679288
10.800919
10.844649
10.615654
10.768820
10.725135
10.439923
10.935898
10.709857
10.576097
10.757342
10.739160
10.722974
10.601916
10.786688
10.477562
10.641170
10.732052
10.648045
10.602375
10.510248
10.692072
10.705614
10.874444
10.482045
10.631251
10.646727
10.744858
10.703412
10.565386
10.663012
10.919035
10.653738
10.587212
10.623702
10.837725
10.893424
10.672160
10.598340
10.572419
10.548459
10.632985
10.775369
10.648968
10.512539
10.678786
10.863512
10.583342
10.712087
10.765151
10.833660
10.558682
10.898641
10.962454
10.687287
10.828174
10.652988
10.725238
10.567505
10.902066
10.709879
10.660698
10.743002
10.581333
10.995251
10.730817
10.668110
10.831238
10.787598
10.512123
10.634671
10.759321
10.554422
10.842314
10.672446
10.691630
10.731683
10.798730
10.500185
10.677311
10.656634
10.656868
10.782075
10.700535
10.734253
10.664772
10.786918
10.614675
10.574287
10.658567
10.690346
10.552161
10.857614
10.722763
10.593586
10.527982
10.967220
10.734503
10.898781
10.501325
10.794709
10.546025
10.696314
10.798631
10.425651
10.631816
10.677720
10.736231
10.630056
10.635023
10.687957
10.515452
10.751721
10.574915
10.829344
10.662764
10.894279
10.622513
10.752942
10.668716
10.505357
10.576570
10.408557
10.560943
10.850631
10.718744
10.671041
10.604060
10.983259
10.692980
10.677679
10.539948
10.714636
10.962182
10.840396
10.795214
10.744747
10.566562
10.620327
10.627069
10.621071
10.587392
10.704056
10.831468
11.049910
10.675819
10.752687
10.626666
10.685359
10.586941
10.447508
10.787632
10.711280
10.592003
10.576615
10.728482
10.445588
10.774619
10.765739
10.770037
10.601607
10.614498
10.758216
10.637539
10.605303
10.817992
10.817169
10.752267
10.531640
10.905340
10.813655
10.720614
10.674443
10.868922
10.595168
10.564151
10.681829
10.758190
10.639267
10.645186
10.898565
10.711157
10.745461
10.752148
10.748566
10.507688
10.690572
10.567618
10.473068
11.072615
10.524229
10.610135
10.689434
10.735108
10.649902
10.829265
10.635347
10.538220
10.729572
10.853924
10.717590
10.826106
10.657199
10.631442
10.435951
10.672605
10.583075
10.768844
10.712021
10.604149
10.755542
10.740245
10.682102
10.757819
10.720903
10.559258
10.514018
10.554652
10.676666
10.840762
10.729329
10.676617
10.789484
10.842954
10.524127
10.653140
10.595055
10.596513
10.800452
10.838114
10.904959
10.534355
10.985343
11.079782
10.825160
10.717751
10.710213
10.649909
10.612583
10.673330
10.538617
11.065963
10.823064
10.450244
10.919359
10.459034
11.014492
10.787819
10.935656
10.739901
10.663734
10.671734
10.522010
10.832267
10.655532
10.694574
10.863285
10.684453
10.812951
10.766486
10.468368
10.720563
10.710631
10.698546
10.696572
10.942259
10.729595
10.704635
10.587389
10.497945
11.191224
10.548830
10.819390
11.020693
10.783934
10.656255
10.941888
10.739896
10.654514
10.680951
10.575020
10.597350
10.679446
10.876352
11.235869
10.640279
10.506876
10.761879
10.912703
10.615748
10.689358
10.648217
10.534717
10.815942
10.688595
11.055648
10.737098
10.626209
10.632244
11.056674
10.596834
10.757086
10.611573
10.679131
10.593543
10.728563
10.894197
10.598546
10.760982
10.501394
10.711996
10.608113
10.816960
10.736785
10.684321
10.749717
10.613680
10.800150
10.612925
10.763459
10.541936
10.718537
10.753604
10.524949
10.969454
10.683059
10.630018
10.461362
10.831318
11.345696
10.533582
10.759947
10.627052
10.637945
10.664859
10.635929
10.845030
10.595398
10.571614
10.732782
10.842465
10.741579
10.693339
10.842293
10.923531
10.914810
10.676704
10.437061
10.658392
10.635660
10.592902
10.697136
10.929563
10.676500
10.837610
10.669691
10.770751
10.683896
10.789495
10.662940
10.801219
10.648837
10.705451
10.574516
10.552444
10.526242
10.704058
10.914876
10.495454
10.644543
10.594145
10.675391
10.713977
10.566807
10.757093
10.647984
10.828176
10.865415
10.594856
10.422953
10.814555
10.642492
10.517196
10.686817
10.515533
10.684354
10.502978
10.774115
10.729575
10.466316
10.727574
10.669739
10.691151
10.643057
10.770996
10.609281
10.856023
10.630436
10.616779
10.591493
10.882988
10.548206
10.691204
10.754991
10.872344
10.506024
10.666591
10.665945
10.750306
10.680808
10.705347
10.950180
10.664998
10.569855
10.821285
10.485109
10.922761
10.763833
10.922094
10.623344
10.773746
10.827196
10.721207
10.794774
10.584552
10.822589
10.667565
10.585920
10.559105
10.798097
10.856024
10.888661
10.674258
10.647347
10.628396
10.636633
10.532222
10.683578
10.706026
10.491075
10.656761
10.663367
10.716032
10.788997
10.620172
10.645842
10.462997
10.717968
10.880367
10.828121
10.453265
10.513220
10.476919
10.606798
10.681356
10.830731
10.695489
10.812738
10.734113
10.510801
10.623930
10.661220
10.674037
10.630603
10.939281
10.964337
10.742769
10.496702
11.024556
10.583998
10.589029
10.688587
10.858017
10.627720
10.609072
10.798759
10.686481
10.689724
10.741239
10.651453
10.517862
10.639333
10.588791
10.850029
10.818084
10.645556
11.192325
10.730480
10.423684
10.808757
10.933306
10.567545
10.646467
10.577132
10.593030
10.659580
10.394378
10.715861
10.658378
10.762915
10.919984
10.681226
10.747723
10.818384
10.617507
10.686352
10.536017
10.671505
10.735000
10.488263
10.706200
10.705764
10.733444
10.623569
10.678462
10.640923
10.603119
10.610045
10.733440
10.696892
10.553856
10.680220
10.775564
10.590682
10.623620
10.676101
10.570992
10.694431
10.882442
10.602989
10.697656
10.663417
10.753297
10.613559
10.774532
10.523855
10.542196
10.887225
10.778830
10.603295
10.677438
10.820490
10.710458
10.728305
10.740725
10.710435
10.710716
10.812123
10.722438
10.794143
10.885688
10.394157
10.725845
10.663412
10.688425
10.701728
10.702641
10.872395
10.787563
10.656070
11.039826
10.828827
10.655099
10.506167
10.717411
10.645665
10.977500
10.883709
10.704319
10.567449
10.591924
10.532164
10.591349
10.785885
10.675155
10.766311
10.831524
10.749894
10.826801
10.710691
10.475544
10.645399
10.667544
10.573235
10.696976
10.869789
10.805782
10.954792
11.018149
10.535780
10.716734
10.717659
10.868375
10.486115
10.664112
10.828613
10.800674
10.803470
10.610737
10.604560
10.580469
10.895683
10.577872
10.741438
10.645322
10.441552
10.552066
10.621756
10.563874
10.911151
10.765945
10.709753
10.563664
10.910396
11.048148
10.815666
10.640816
10.790140
10.634601
10.657779
10.920277
10.628549
10.672032
10.742214
10.607863
10.793716
10.680318
10.787840
10.726749
10.564079
10.602414
10.685931
10.663224
10.789997
10.674604
10.684548
10.659260
10.570127
10.973075
10.584925
10.406834
10.613505
10.652407
11.193006
10.737691
10.912761
10.499136
10.751729
10.682785
10.640866
10.808796
10.818657
10.763102
10.731729
10.761301
10.920824
10.505959
10.567931
10.735246
10.596368
10.659837
10.537853
10.634138
10.617834
10.716302
10.727604
10.687933
10.533818
10.686619
10.659158
10.612315
10.655916
10.768825
10.614601
10.603863
10.655045
10.529999
10.539365
10.750831
10.714607
10.827957
10.732696
10.551497
10.699386
10.566769
10.867562
10.541012
10.701157
10.633707
10.584088
10.747985
10.905292
10.688534
10.827130
10.642074
10.473274
10.717597
10.710511
10.663550
10.708532
10.572266
10.700812
10.588148
10.691172
10.788575
10.622574
10.863921
10.778949
10.709676
10.982416
10.629264
10.980682
10.675448
10.704940
10.800205
10.693997
10.781951
10.549922
11.043028
10.669168
10.744102
10.642386
10.901431
10.682494
10.821930
10.855649
10.909672
10.753354
10.603067
10.585538
10.442702
10.690067
10.766968
10.768489
10.719364
10.536228
11.049398
10.812754
10.713497
10.730751
10.605736
10.710410
10.852587
10.680622
10.724299
10.633963
10.927959
10.557953
10.665573
10.986684
10.825071
10.779391
10.574854
10.715011
10.825204
11.007467
10.857907
11.190097
11.201219
10.619361
10.505612
10.729017
10.724612
10.591369
10.586620
10.935569
10.560006
10.767960
10.683925
10.649171
10.815171
10.531480
10.731377
10.746054
10.764679
10.591117
10.646073
10.634139
10.610929
10.732688
10.572556
10.798168
10.486748
11.092824
10.689387
10.556799
11.293577
10.511190
10.799997
10.546345
10.766936
10.766345
10.558735
10.879287
10.799261
10.644928
10.822967
10.632808
10.663157
10.990354
10.823641
10.587500
10.498442
10.876496
10.648092
10.921029
10.704604
10.741475
10.788989
10.646446
10.613410
10.693112
10.838860
10.815362
10.747204
10.528629
10.685934
10.643166
10.829101
10.595244
10.918137
10.747532
10.559287
10.674089
10.657990
11.061813
10.654611
10.690730
10.899147
10.933181
10.926582
10.804173
10.778055
10.860933
10.538117
10.615509
10.615876
11.012960
10.650743
10.823982
10.808883
10.694680
10.672483
10.741953
10.565748
10.533572
10.681839
10.702907
10.874136
10.919090
10.483966
10.734086
10.616889
10.429989
10.781221
10.796867
10.739640
10.860650
10.805966
10.566299
10.534596
10.590699
10.673681
10.970181
10.858356
10.550789
10.498578
10.682564
10.714529
10.655532
10.703365
10.545007
10.601601
10.629576
10.647367
10.747252
10.845073
10.749030
10.549652
10.736586
10.675702
10.818252
10.870688
10.881422
10.575634
10.552011
10.570384
10.754779
10.801335
10.724134
10.631848
10.656194
10.628538
10.597991
10.382547
10.932388
10.495632
10.582670
10.526435
10.633172
10.614305
10.683929
10.813631
10.724986
11.063958
10.707226
10.738025
10.811608
10.870541
10.711956
10.583142
10.791276
10.906868
10.638837
10.868732
10.664874
10.548893
10.902600
10.980444
10.588439
10.638758
10.656464
10.643307
10.797927
10.553158
10.814398
11.011644
10.610808
10.589521
10.665830
10.541452
10.894528
10.800606
10.736394
10.517304
10.661680
10.546728
10.605807
10.608051
10.697203
10.813366
10.805382
10.837602
10.619245
10.687830
10.585218
10.794994
10.692524
10.954832
10.877688
10.957194
10.509247
10.551271
10.594283
10.903339
10.666210
10.591452
10.883206
10.629002
10.572210
10.629405
10.644108
10.727956
10.802964
10.769442
10.792074
10.941093
10.722927
10.683448
10.747512
10.561725
10.684629
10.657992
10.648650
11.151749
10.834772
10.887648
10.864979
10.690245
10.769849
10.484327
10.790040
10.755768
10.576367
10.749234
10.633193
10.617704
10.751820
10.887773
10.758578
10.743948
10.769029
10.671011
10.714179
10.452126
10.819949
10.849468
10.888894
10.646710
10.733460
10.775451
10.741980
10.719561
10.692502
10.793217
10.696591
10.670163
10.955747
10.636426
10.689984
10.614253
10.660269
10.946114
10.616839
10.736680
10.746931
10.970487
10.669930
10.619007
11.139515
10.735527
10.766108
10.679555
10.694685
10.731084
10.597891
10.775535
10.766715
10.754684
10.759712
10.930368
10.903247
10.601876
10.720435
10.888063
10.759325
10.727992
10.484085
10.829486
10.493810
10.716291
10.696253
10.649550
10.593032
10.786335
10.506921
10.956005
10.671803
10.597136
10.528791
10.603950
10.802778
10.644921
10.477753
10.839428
10.492151
10.479084
10.784050
10.597931
10.798130
10.529860
10.811763
10.439279
10.593171
10.514723
10.618042
10.441202
10.685243
10.759161
10.931819
10.936746
10.726443
10.819272
10.572090
10.647736
10.620556
10.749119
10.456452
10.911536
10.728690
10.586535
10.680909
10.841396
10.558218
11.232420
10.685805
11.029702
10.537061
10.505025
10.808854
11.012858
10.667878
10.852900
10.397667
10.639816
10.686246
10.626146
10.576711
10.523973
10.492003
10.575592
10.955258
10.895697
10.518786
10.721347
10.772165
10.751724
10.535786
10.533462
10.417858
10.582594
10.476849
10.689985
10.541165
10.678892
10.726340
10.629479
10.438959
10.719049
10.619011
10.717949
10.657076
10.574602
10.610184
10.742553
10.749584
10.508430
10.957637
10.673411
10.745671
10.618287
10.550084
10.762123
10.782238
10.854872
10.708751
10.832339
10.730173
10.822575
10.977139
10.770417
10.925100
10.613539
10.533353
10.830672
10.724868
10.688354
10.556070
10.434867
10.536888
10.756243
10.642803
10.379951
10.525352
10.773475
10.563948
10.480955
10.652557
10.760973
10.618158
10.766855
10.784182
10.975561
10.673383
10.606733
10.755059
10.994368
10.576803
10.780343
10.767999
10.662712
11.010448
10.549913
10.446765
10.865939
10.771707
10.719346
10.716063
10.632436
10.537142
10.775601
10.652455
10.621839
10.736215
10.778072
10.468585
10.765755
10.704671
10.566269
10.757069
10.646445
10.794029
10.618341
10.536802
10.524828
10.609795
10.740026
10.669889
10.743214
10.758118
10.887620
10.637632
10.507621
10.672456
10.481533
10.645580
10.892765
10.543701
10.603221
10.715227
10.684103
10.670151
11.017013
10.748548
10.835098
10.712077
10.731008
10.685314
10.657983
10.560594
10.629401
10.665014
10.658911
10.801869
10.693112
10.810078
10.591586
10.596208
11.060814
10.870345
11.170555
10.737662
10.739388
10.675339
10.763518
10.923596
10.796886
11.118509
10.636369
10.730209
10.833008
10.510319
11.146974
10.774995
10.689842
10.605111
10.947279
10.733021
10.794020
10.752759
10.894034
10.717678
10.782332
10.955059
10.576926
10.518548
10.669523
10.799281
10.793506
10.690731
10.862179
10.817723
10.702347
10.649441
10.489684
10.783944
10.622519
10.610246
10.531768
10.731571
10.614641
10.733352
10.566665
10.703277
10.858080
10.787898
10.558752
10.363950
10.513298
10.630877
10.663118
10.716427
10.682905
10.678521
10.562955
10.687192
10.848703
10.808686
10.599820
10.755418
10.770595
10.723434
10.764582
10.777027
10.524274
10.760959
10.684242
10.716873
10.363367
10.705496
10.623233
10.728155
10.563280
10.548126
10.763727
10.588012
10.673598
10.760485
10.653062
10.843468
10.710194
10.549196
10.818814
10.450394
10.867043
10.849673
10.621843
11.028188
10.595793
11.070108
10.834822
10.612177
10.940000
10.466032
10.700100
10.809955
10.743473
10.632497
10.648633
10.636132
10.557112
10.652701
10.631059
10.628707
10.647366
10.725444
10.674721
10.660662
10.569393
10.586321
10.767863
10.544217
10.678557
10.490151
10.697669
10.794432
10.480206
10.745339
10.690305
10.534347
10.770682
10.688165
10.659790
10.726475
10.581500
10.821446
10.663638
10.788590
10.406776
10.655390
10.751417
10.682180
10.821023
10.776420
10.574800
10.619535
10.555022
10.807198
10.821120
10.760469
10.620239
10.694834
10.738816
10.661282
10.634422
10.646034
10.729998
10.487735
10.947156
10.707912
10.719082
10.675150
10.634638
10.628810
10.662291
10.808834
10.485176
10.337658
11.051072
10.820460
10.870145
10.473522
10.578836
10.491994
10.847455
10.705158
10.806906
10.673075
10.608833
10.575437
10.857717
10.763975
10.694894
10.698681
10.935874
10.658150
10.648015
10.645135
10.656791
10.740441
10.645057
10.829016
10.679739
10.584246
10.640671
10.740061
10.629853
10.727226
10.963203
10.472329
10.928008
10.667942
10.887691
10.696201
10.681341
10.417273
10.532577
10.470368
10.685790
10.690146
10.610534
10.748196
10.611906
10.550625
10.591294
10.624927
10.910174
10.837341
10.647937
10.652933
10.869252
10.833022
10.777004
10.591604
10.723650
10.582594
10.730586
10.606260
10.678362
10.659728
10.668880
10.859500
10.862158
10.656525
10.793208
11.397090
10.821576
10.780611
10.895486
10.776509
10.860400
10.626643
10.519910
10.853983
10.576244
10.694982
10.723679
11.135128
10.463652
10.829787
10.797920
10.604792
10.818082
10.432061
10.812711
10.465082
10.752520
10.855665
10.799244
10.554218
10.528174
10.712291
10.676890
10.968780
10.720340
10.668473
10.951603
10.755349
10.605213
10.674982
10.657531
10.542693
10.561268
10.605310
10.748209
10.598742
10.995113
10.567762
11.027800
10.737522
10.631739
10.841342
10.620088
10.703272
10.865626
10.624378
10.843771
10.836296
10.572657
10.483664
10.503491
10.811826
10.751559
10.677424
10.566135
10.842176
10.686552
10.984365
10.679077
10.812158
10.568528
10.637011
10.710692
10.772068
10.718745
10.881403
10.748648
10.613263
10.593885
10.629385
10.584790
10.876404
10.576160
10.762401
10.819212
10.680820
10.636592
10.632623
10.857703
11.255269
10.807658
10.630815
10.652096
10.697441
10.960587
10.667854
10.648764
10.625522
10.616903
10.743536
10.639065
10.860927
10.705186
10.998206
10.632895
10.603466
10.852822
10.868978
10.664246
10.598983
10.626043
10.759200
10.772560
10.831308
10.769942
10.564834
10.765293
10.783618
10.568469
10.591426
10.510661
10.575003
10.718165
10.611376
10.940981
10.575300
10.678698
10.733236
10.859291
10.811094
10.934447
10.434499
10.692043
10.567257
10.711589
10.796744
10.754131
10.762000
10.495273
10.598904
10.538556
10.529875
10.818226
10.860773
10.598301
10.901145
10.758752
10.760109
10.687443
10.638951
10.733305
10.759176
10.583671
10.569061
10.699683
10.452434
10.714648
10.815553
10.765958
10.556516
10.765079
10.746700
11.162925
10.533746
10.675354
10.957867
10.757713
10.568980
10.884459
10.506698
10.747818
10.662915
10.924838
10.699685
10.745551
10.621116
10.832071
10.487430
10.792096
10.702527
10.605330
10.494022
10.866306
10.930538
10.699584
10.726960
10.616778
10.748680
10.692314
10.626001
10.780523
10.951115
10.542511
10.959288
10.743478
10.850229
10.770737
10.507095
10.735103
10.715727
10.675231
10.699370
10.811898
10.748633
10.651971
10.606216
10.491048
10.630026
10.690895
10.792379
10.664709
10.758913
10.879474
10.929703
10.699073
10.861520
10.774888
10.690311
10.517049
10.779565
10.757255
10.600166
10.765622
10.756505
10.632637
10.581644
10.817077
10.760548
10.578691
10.624652
10.712295
10.601340
10.471459
10.813842
10.824580
10.598759
10.874354
10.630923
10.597938
10.811096
10.644668
10.677016
10.687432
10.688147
10.696393
10.703301
10.882475
10.718224
10.656374
10.881074
10.679388
10.582073
10.679107
10.724702
10.965562
10.596802
10.815560
10.633699
10.601818
10.630727
10.788179
10.785889
10.597272
10.653217
10.655294
10.737882
10.692033
10.507205
10.760555
10.673997
10.676653
10.738512
10.824250
10.739287
10.541442
10.799549
10.735544
10.726305
11.036632
10.605351
10.693392
10.597402
10.710692
10.497628
10.553121
10.325461
10.715020
10.643948
10.572232
10.735531
10.806141
10.999421
10.670328
10.677097
10.901894
10.851503
10.655194
10.713280
10.591486
10.671009
10.558833
10.510323
10.531150
10.642217
10.689135
10.597278
10.746147
10.624551
10.725657
10.734041
10.947203
10.529188
10.722854
10.609442
10.686231
10.795729
10.810331
10.556861
10.625638
10.464214
10.716679
10.793805
10.852895
10.694081
10.731622
10.587822
10.878239
10.939057
10.675824
10.744233
10.696631
10.721022
10.741516
10.546644
10.716971
10.756583
10.658330
10.639744
10.622998
10.693149
10.692652
10.735514
10.552483
10.567453
10.756281
10.895042
10.743305
10.497528
10.995595
10.794579
11.147208
10.791268
10.495084
10.716213
10.744524
10.562053
10.683454
10.704190
11.248838
10.651512
10.755156
10.623604
10.873152
10.726251
10.483527
10.744312
10.688553
10.608480
10.842088
10.650247
10.758077
10.583919
10.613489
10.712505
10.717526
10.619897
10.514702
10.661419
10.952637
10.580665
10.701819
10.684707
10.691160
10.699277
10.769661
10.603211
10.528443
10.661999
10.751112
10.697122
10.796897
10.596669
10.643575
10.712941
10.722937
10.715384
10.719152
10.485488
10.625780
10.631232
10.647448
10.607394
10.600709
10.585152
10.641068
10.882436
10.797770
10.939453
10.597976
10.630934
10.722586
10.491538
10.809857
10.957266
10.719139
10.532374
10.532389
10.636704
10.641232
10.850755
10.687228
10.643619
10.475862
10.582931
10.672555
10.889095
10.548978
10.708630
10.869097
10.594195
10.758429
10.679369
10.872538
10.566563
10.476569
10.852141
10.930168
10.637543
10.713781
10.651970
10.823762
10.685981
10.551984
10.806373
10.697530
10.806990
10.702233
10.915075
10.897355
10.730672
10.631056
10.599057
10.579838
10.547716
10.549497
10.467688
10.700791
10.513601
10.658913
10.851622
10.489729
10.702866
10.702353
10.479616
10.759337
10.935502
10.815653
10.710603
10.730179
10.913602
10.328368
10.681953
10.675620
10.751455
10.420801
10.694598
10.827473
10.807700
10.964480
10.713101
10.417554
10.671457
10.677311
10.651536
10.660216
10.714410
10.770321
10.925400
10.564787
10.673634
10.722906
10.614854
10.834881
10.817829
10.606316
10.601768
10.739402
10.622225
10.738466
10.499307
11.055288
10.644491
10.766087
10.650471
10.649067
10.728331
10.745341
10.573811
10.519576
10.716411
10.650771
10.677122
10.431665
10.758227
10.729218
10.616765
10.453643
10.533369
10.607082
10.861611
10.694973
10.610679
10.579680
10.923001
10.772118
10.653050
10.579830
10.478354
10.653372
10.738546
10.757753
10.852811
10.776005
10.557034
10.612676
10.839010
10.607185
10.566400
10.582856
10.733859
10.914941
10.630721
10.616046
10.725656
10.574603
10.640883
10.888517
10.662621
10.738599
10.619937
10.740974
10.648585
10.784201
10.642914
10.681139
10.689392
10.967936
10.794610
10.560281
10.699796
10.610158
10.670411
10.289947
10.486217
10.770288
10.711180
10.746279
10.808311
10.647273
10.706822
10.494573
10.926820
10.728993
10.858173
10.632032
10.609585
10.737145
10.708358
10.770957
10.609109
10.679505
10.584737
10.564307
10.818415
10.752645
10.818594
10.644330
10.585713
10.896442
10.971209
10.516713
10.560410
10.594034
10.644212
10.652425
10.848078
10.531594
10.583256
10.613570
10.675171
10.703574
10.623154
10.905466
10.576603
10.581993
10.985099
10.687493
10.690665
10.714016
10.672457
10.825027
10.716406
10.731926
10.664461
10.708960
11.016661
10.582452
10.628752
10.697894
10.793315
10.578649
10.755593
10.751189
10.731790
10.828255
10.609628
10.641137
10.753152
10.628227
10.564050
10.712950
10.806780
10.792170
10.730503
11.036751
10.717412
10.626896
10.659274
10.751229
10.667852
10.687212
10.870164
10.786766
10.511934
10.666308
10.693568
10.640351
10.575356
10.495186
10.834341
10.681487
10.780109
10.494966
10.611709
10.903764
10.873118
10.579949
10.638887
10.958751
10.764030
10.581108
10.909575
10.743509
10.835951
10.652727
10.654274
10.644952
10.996070
10.815623
10.626348
10.871517
10.664403
10.698965
10.641426
10.726282
10.883069
10.564805
10.725989
10.983819
10.826509
10.726919
10.775945
10.904339
10.650528
10.489495
10.606264
10.685658
10.737495
10.637920
10.564397
10.655159
10.742030
10.784143
10.747680
10.760522
10.747121
10.857649
10.872893
10.657175
10.775084
10.920650
10.769124
10.567136
10.753880
10.689631
10.994827
10.672016
10.637173
10.586771
10.738391
10.689591
10.736893
10.564684
10.719153
10.901147
10.839993
10.641317
10.635609
10.744378
10.723721
10.667385
10.682812
10.737847
10.664167
10.247410
10.836672
10.839077
10.752949
10.663637
10.751002
10.898023
10.610367
10.785015
10.757376
10.853581
10.802970
10.571106
10.667263
11.029050
10.922302
10.555370
10.808009
10.548601
10.635763
11.018084
10.618859
10.815332
10.828816
10.628763
10.651652
10.831612
10.929363
10.395530
10.584821
10.762909
10.695902
10.800028
10.826487
10.795935
10.697426
10.672748
10.673394
10.632356
10.672732
10.504748
10.598637
10.550225
10.717883
10.601286
10.835383
10.857825
10.856132
10.546569
10.659949
10.919709
10.689538
10.608872
10.740326
10.596199
10.676159
10.928546
11.244273
11.427011
11.215422
10.950518
10.662180
10.677690
10.786367
10.640071
10.597072
10.626566
10.884844
10.823191
10.829395
10.615016
10.823399
10.833591
10.508759
10.599520
10.765388
10.606713
10.794448
10.567723
10.896782
10.656215
10.787472
10.647212
10.837285
10.642730
10.673368
10.748478
10.688847
10.695546
10.783129
10.808083
11.088694
10.494392
10.698137
10.536792
10.600748
10.917379
10.757740
10.721861
10.771324
10.655785
10.628594
10.674637
10.931596
10.764044
10.639734
10.590224
10.512659
10.634088
10.569021
10.854758
10.817692
10.838999
10.536428
10.814057
10.680414
10.698375
10.688851
10.610765
11.131052
10.665300
10.634475
10.560218
10.623702
10.794634
10.744250
10.730495
10.772923
10.625007
10.621848
10.560937
10.858035
10.768949
10.845914
10.587878
10.614708
10.662729
10.638152
10.860618
10.667421
10.532643
10.634014
10.711364
10.651394
10.574307
10.767137
10.704274
10.629652
10.752215
10.676117
10.725696
10.900694
10.669167
10.648920
10.598403
10.945864
10.884727
10.751363
10.725483
10.661409
10.694937
10.651606
10.574753
10.747067
10.623508
10.642711
10.478276
10.863075
10.515823
10.851352
10.594146
10.903247
10.596891
10.713059
10.800594
10.520668
10.784149
10.726714
10.578000
10.464085
10.634258
10.630434
10.687611
10.872319
10.707899
10.602934
10.737298
10.592076
10.682034
10.549661
10.840402
10.514940
10.876997
10.576660
10.757505
10.886804
10.674016
10.642066
10.530753
10.840221
10.663621
10.818693
10.731032
10.598864
10.720209
10.831068
10.723413
10.470475
10.467340
10.952670
11.169449
10.495675
10.726072
10.529383
10.795949
10.693688
10.773369
10.645270
10.603401
10.862357
10.663644
10.516674
10.641174
10.732174
10.772940
10.860200
10.710886
10.745899
10.869717
10.752186
10.669915
10.514814
10.738509
10.526336
10.971582
10.895145
10.476896
10.661740
10.641360
10.667070
10.779636
10.624335
10.558193
10.697502
10.807117
10.594562
10.960786
11.006739
10.818805
10.621785
10.763886
10.571759
10.668741
10.731892
10.640519
10.665499
10.725464
10.642648
10.750526
10.601033
10.746406
10.515115
10.756082
10.711497
10.426715
10.727913
10.722789
10.656526
10.859020
10.616285
10.687493
10.844167
10.755333
10.950176
10.625085
10.642309
10.857625
10.542794
10.474660
10.582399
10.834136
11.170573
10.415532
10.611355
10.429739
10.615329
10.669701
10.648362
10.723754
10.583397
10.762638
10.725990
10.505562
10.589299
10.472092
10.697681
10.690260
10.672859
10.843038
10.686995
10.725366
10.808460
10.718841
10.548888
10.935389
10.599003
10.679921
10.734719
10.873708
10.532607
10.543686
10.909870
10.625178
10.581796
10.687586
10.757580
10.728005
10.914669
10.585443
10.766628
10.748556
10.658723
10.846014
10.731885
11.195066
10.487144
10.486354
10.912539
10.667770
10.614586
11.455583
10.740637
10.754744
10.838483
10.476089
10.470960
10.951866
10.671377
10.663305
10.626321
10.650436
10.794909
10.471424
10.777640
10.718157
10.925064
10.770602
10.609958
10.431013
10.951547
10.537200
10.598502
10.812492
10.960663
10.603727
10.691936
10.719905
10.968795
10.887375
10.911138
10.630371
10.547240
10.665464
10.608015
10.693002
10.467887
10.595864
10.612942
10.820486
10.668189
10.772501
10.579608
10.852956
10.503482
10.550790
10.605455
10.744651
10.975692
10.578724
10.815384
10.906464
10.588503
10.893646
10.809939
10.495303
10.869490
10.592780
10.371120
10.656299
10.742152
10.690957
10.820352
10.685586
10.692129
10.791859
10.636056
10.743078
10.771929
10.665674
10.749455
10.867631
10.769611
10.562128
10.631574
10.783269
10.829287
10.819908
10.608157
10.508816
10.701966
10.730210
10.743601
10.662356
10.568996
10.724591
10.636916
10.932173
10.539606
10.759437
11.059533
10.925887
10.700345
10.555719
10.716660
10.742638
10.524308
10.946172
10.942495
10.658248
10.700667
10.566592
10.760732
10.624001
10.706831
10.840422
10.515015
10.853736
10.853736
