10.822176
10.410347
10.612275
10.546558
10.473759
10.630710
10.647940
10.574947
10.372973
10.510538
10.724395
11.095842
10.688939
10.680403
10.668970
10.984325
10.595816
10.569700
10.691024
11.162367
10.552541
10.557126
11.100712
10.893755
10.617616
10.814510
10.667667
10.658126
10.657218
10.876607
10.737322
10.709503
10.629250
10.908972
10.577119
10.618894
10.642496
10.615031
10.735455
10.761153
10.678780
10.662342
10.556680
10.448428
10.843442
10.567122
10.709794
10.500970
10.570472
10.649881
10.825032
10.916092
10.900822
10.655100
10.697094
10.851665
10.695531
10.723762
10.769530
10.594999
10.666825
10.781250
10.909477
10.985522
10.672163
10.620221
10.485214
10.591349
10.540254
10.780530
10.732919
10.838666
10.639805
10.727499
10.739216
10.657602
10.885675
10.775107
10.774607
10.798860
10.617179
10.689066
10.756462
10.504163
10.664216
10.717118
10.881006
10.469065
10.669384
10.578900
10.514109
10.580443
10.631585
10.567578
10.738925
10.667873
10.532913
10.803653
10.684495
10.514038
10.709169
10.653070
10.601211
10.609123
10.710136
10.797899
10.865466
10.715155
10.548343
10.734031
10.792742
10.591509
10.792982
10.745748
10.853232
10.863838
11.037885
10.807347
10.586384
10.546063
10.740535
10.610481
10.748380
10.678899
10.711758
10.706216
10.643345
10.707332
10.572564
10.571044
10.734538
10.723533
10.706196
10.593660
10.690326
10.697095
11.059678
10.646526
10.834532
10.561103
10.572975
10.703438
10.783129
10.453448
10.463910
10.605177
10.462164
10.642003
10.613509
10.861880
10.676711
10.771368
10.640828
10.790709
10.633205
10.603157
10.656507
10.679242
10.606146
10.928387
11.167190
10.823019
11.018750
10.667465
10.643377
10.588743
10.600865
10.537237
10.568367
10.702377
10.706297
10.597103
10.722128
10.849865
10.752701
10.769736
11.067503
10.633959
10.884402
10.634889
10.534075
11.006806
10.950929
10.493161
10.701757
10.724134
10.993338
10.505043
10.633083
10.694174
10.903793
10.640253
10.589213
10.503731
10.871861
10.587094
10.954804
10.631952
10.748145
10.526113
10.662306
10.817528
10.678071
10.828507
10.665419
10.674837
10.761017
10.565754
10.726693
10.908408
10.722178
10.818740
10.526717
10.595801
10.950391
10.765549
10.469818
10.793593
10.906136
10.751706
10.623697
10.817824
10.885902
10.770704
10.612044
10.565788
10.961862
10.621867
10.897188
10.807197
10.937781
10.927601
10.557567
10.723409
10.706890
10.834102
10.667953
10.485988
10.678480
10.776987
10.926713
10.535546
10.949086
10.691770
10.849619
11.326603
10.853347
10.625367
10.831466
10.714702
10.750106
10.853449
10.752792
10.609439
10.416710
10.492641
10.560732
10.841745
11.047532
10.626074
10.787817
10.666684
10.584052
10.868677
10.485889
10.700193
10.630548
10.566798
10.687682
10.663864
10.668038
10.872839
10.633968
10.752693
10.914113
10.459696
10.623762
10.519475
10.648110
10.531458
10.742624
10.707397
10.689206
10.927079
10.865693
10.735951
10.827745
10.731623
10.629048
10.769530
10.728322
10.758780
10.873837
10.638522
10.789606
10.755968
10.803266
10.691329
10.609950
10.550414
10.716093
10.995465
10.739820
10.493580
10.618385
10.963161
10.646440
10.540111
10.545338
10.443419
10.806561
10.572391
10.674483
10.624637
10.793233
10.892784
10.633178
10.628218
10.635565
10.733187
10.573447
10.989583
10.517450
10.718404
10.556055
10.863467
10.534455
10.571236
10.675632
10.920929
10.499493
10.658385
10.527463
10.992203
10.815676
10.783010
10.661005
10.873653
10.695113
10.610583
10.713783
10.723029
10.703465
10.508272
10.605501
10.839299
10.800366
10.722268
10.455037
10.682362
10.592958
10.928712
10.715061
10.701790
10.483549
10.483348
10.545683
10.771902
10.622007
10.474712
10.848047
10.649730
10.661073
10.597905
10.682537
10.863905
10.524172
10.762736
10.796010
10.643046
10.654162
10.820743
10.585177
10.564666
10.479481
10.640540
10.652993
10.825424
10.734318
10.545148
10.753536
10.379369
10.866795
10.832419
10.516014
10.427285
10.917507
10.911770
10.541370
10.552862
10.862667
11.093683
10.806087
10.818566
10.552611
10.681837
10.554819
10.813409
10.757181
10.598174
10.517225
10.730617
10.736781
10.705811
10.292405
10.728724
10.545477
10.828759
10.776627
10.707115
10.809117
10.749558
10.664395
10.572405
10.538870
10.821960
10.528710
10.817279
10.505500
10.660872
10.629612
10.971038
10.581482
10.881002
10.714373
10.682421
10.695439
10.830834
10.659432
10.480805
11.082537
10.937164
10.945225
10.692882
10.745288
10.551697
10.549200
10.803414
10.706230
10.809634
10.687454
10.728571
10.537964
10.712261
10.793137
10.703089
10.617872
11.191776
10.678480
10.719731
10.839014
10.552507
10.788828
10.557130
10.630723
10.861506
10.882324
10.684724
10.731132
10.833914
10.466403
10.902508
10.558637
10.785717
10.862357
10.547612
10.840408
10.564441
10.851449
10.465993
10.731410
10.736223
10.747982
10.604494
10.701842
10.732789
10.681527
10.601043
10.563473
10.877113
10.688114
10.675681
10.745297
10.658071
11.094087
10.740909
10.572302
10.628821
10.768657
10.659244
10.835682
10.623673
10.634260
10.813255
10.677078
10.800683
10.866154
10.780666
10.611894
10.699292
10.710543
10.759636
10.758873
10.924537
10.720754
10.663227
10.778921
10.873263
10.767969
10.724288
10.605398
10.515882
10.578462
10.794257
10.705834
10.872749
10.676497
10.676055
10.607121
10.514906
10.650997
10.549381
10.732016
10.748535
10.786231
10.610398
10.583445
10.578703
10.810000
10.926840
10.644600
10.665358
10.622260
10.949087
10.725191
10.575875
10.663088
10.688820
10.775847
10.600264
10.657160
10.737472
10.689112
10.668467
10.561016
10.633822
10.589906
10.438944
10.662050
10.653050
10.552520
10.517360
10.530451
10.559086
10.435544
10.591158
10.588916
10.556416
10.970113
10.566845
10.772009
10.689009
11.030927
10.626604
10.634854
10.684893
10.600428
10.796040
10.703667
10.717949
10.582511
10.439057
10.916308
10.738184
10.463233
10.914091
10.879565
10.505262
10.607700
10.985248
10.546179
10.622445
10.785401
10.590119
10.606831
10.543460
10.739643
10.750575
10.676396
10.829647
10.725105
10.550402
10.830636
10.655116
10.473777
10.757009
10.761111
10.524862
10.625315
11.244614
10.690201
10.619865
10.555505
10.730666
10.995994
10.749920
10.675528
10.815375
10.734886
10.624882
10.821815
10.492044
10.710313
10.763311
10.715911
10.835259
10.628450
10.596731
10.877184
10.930656
10.626380
10.630656
10.674754
10.762032
10.521857
10.825272
10.560120
10.714062
10.762982
10.619124
10.616158
10.687499
10.945880
10.527004
10.758957
10.540878
10.604190
10.764712
10.519948
10.745819
10.693501
10.667532
10.568241
10.631105
10.657384
10.659711
10.667609
10.808388
10.689601
10.664164
10.739513
10.741277
11.044319
10.894800
10.851224
10.701368
10.581663
10.678281
10.541799
10.695083
10.515233
10.752556
10.732265
10.593383
10.596429
10.661262
10.526717
10.574873
10.699828
10.684359
10.819478
10.897376
10.693186
10.735849
10.920690
10.495521
10.937997
10.865159
10.495114
10.765204
10.866419
10.580436
10.606529
11.005572
10.801787
10.857536
10.896917
10.642652
10.622746
10.663396
10.597971
10.498872
10.630485
10.699742
10.731775
10.430468
10.599680
10.673691
10.537242
10.665493
10.698281
10.792709
10.591744
10.506709
10.632623
10.725850
10.929829
10.657781
10.671996
10.580757
10.456566
10.650588
10.771261
11.009175
10.609241
10.857519
10.784127
10.711037
10.502276
10.588162
10.746967
10.759720
10.889138
10.731577
10.740573
10.585216
10.695534
10.475801
10.598413
10.664947
10.626407
10.714039
10.638310
10.783000
10.530235
10.679326
10.819745
10.440352
10.734119
10.659545
10.531139
10.831383
10.520759
10.522436
10.779962
10.615542
10.779845
10.690098
10.525631
10.652839
10.852396
10.726422
10.676272
10.665967
10.824349
10.515481
10.703330
11.085716
10.571953
11.009689
10.579119
10.642542
10.599172
10.664874
10.786194
10.846013
10.697437
10.656487
10.766914
10.480009
10.645275
10.550575
10.643664
10.703393
10.725552
10.669468
10.837428
10.697413
11.142340
10.606696
10.795299
10.729527
10.865503
10.762948
10.368280
10.876524
10.844148
10.788573
10.816120
10.923084
10.843282
10.579441
10.581226
10.492016
10.579035
10.659343
10.692041
10.828803
10.753744
10.773093
10.780820
10.703189
10.697739
10.818046
10.582134
10.748622
10.998705
10.723585
10.649778
10.923058
10.837114
10.852725
10.543247
10.697185
10.832721
10.584511
11.021825
10.662437
10.801434
10.682536
10.924869
10.701309
10.625193
10.548190
10.562471
10.737364
10.809289
10.623741
10.507387
10.668717
10.800129
10.837454
10.556134
11.044536
10.783779
10.598074
10.550005
10.716268
10.677813
10.640275
10.764698
10.621806
10.587967
10.663070
10.641717
10.701543
10.589101
10.716398
10.690394
10.797221
10.615196
10.854301
10.611620
10.630980
10.602263
10.613869
10.552036
10.740505
10.585334
10.510966
10.629358
10.731758
10.775072
10.599134
10.502160
10.552772
10.591992
10.719102
10.733701
10.677169
10.822668
10.871250
10.730312
10.839145
10.663319
10.612476
10.587651
10.901454
10.776965
10.796468
10.610935
10.747979
10.705190
10.610185
10.767711
10.491352
10.640185
10.643261
10.378997
10.751600
10.725032
10.649827
10.645094
10.725067
10.745053
10.742484
10.707287
10.833071
10.648913
10.603074
10.476641
10.680772
10.871680
10.627499
10.741217
10.729698
10.570120
10.657491
10.845522
10.778192
10.713430
10.615363
10.873442
10.746122
10.930428
10.818852
10.738987
10.656040
10.642340
10.639268
10.739823
10.758518
10.479856
10.814350
10.799948
10.772901
10.675969
10.750772
10.531341
10.712486
10.494915
10.747164
10.471195
10.755911
10.696303
10.762360
10.775616
11.001382
10.750388
10.796503
10.674963
10.649189
10.589562
10.700957
10.695857
10.672959
10.582726
10.590622
10.874514
10.720744
10.977138
10.672940
10.580686
10.959611
10.699441
10.587115
10.460763
10.739103
10.614117
10.633528
10.666041
11.040220
10.784736
10.771670
10.667209
10.552873
10.754363
10.768831
10.679768
10.704151
11.059910
10.594474
10.355275
10.764808
10.594209
10.960258
10.817504
10.639652
10.809421
10.651487
10.423760
10.685202
10.549827
10.397294
10.615227
10.758544
10.743394
10.842199
10.844630
10.736025
10.795006
10.591460
10.718442
10.670172
10.768018
10.768830
10.565239
10.918733
10.549522
10.652731
10.551242
10.945045
10.515357
10.643931
10.906176
10.686191
10.599397
10.566750
10.681619
10.688355
10.583768
10.875880
10.585685
10.771014
10.624882
10.730158
10.571375
10.550210
10.954882
10.587247
10.869767
10.586215
10.479591
10.902067
10.524421
10.591636
10.560293
10.853935
10.455063
10.793162
10.693030
10.788433
10.825059
10.585826
10.809860
10.874438
10.808999
10.613634
10.626265
10.577352
10.779784
10.414223
10.426276
10.733812
10.606424
10.640657
10.631497
10.736269
10.674088
10.949935
10.690379
11.097453
10.627983
10.582815
10.570286
10.488428
10.563887
10.587891
10.809583
10.805017
10.685489
10.651747
10.831260
10.711167
10.701506
10.751116
10.547183
10.698549
10.777278
10.625988
10.763052
10.808825
10.886987
10.713441
10.845544
10.668210
10.645339
10.635424
10.538008
10.779261
10.754565
10.696523
10.666613
10.516860
10.561084
10.638748
10.983665
10.468260
10.777193
11.241680
10.895186
10.701555
10.622066
10.737753
10.825787
10.692017
10.568550
10.664942
10.858796
10.607662
10.589191
10.764738
10.607776
10.760064
10.661276
10.784684
10.831082
10.672933
10.698449
10.791696
10.669804
10.698799
10.748762
10.755417
10.922032
10.631833
10.826460
10.678271
10.702802
10.668005
10.652544
10.725424
10.481120
10.681917
10.675410
10.766248
10.687287
10.766400
10.585741
10.534614
10.797893
10.696203
10.678361
10.521566
10.703170
10.846137
10.895851
10.749181
10.822145
10.832134
10.933557
10.950588
10.904907
11.066375
10.597023
10.795234
10.638904
10.715561
10.766387
10.747465
10.411543
11.075969
10.582155
10.683469
10.668861
10.662360
10.890030
10.812403
10.685120
10.742711
10.729316
10.728118
10.662365
10.781999
10.547984
10.643161
10.704440
10.820823
11.052792
10.757685
10.553911
10.575273
10.543748
10.541563
10.718351
10.583644
10.702605
10.928033
10.591857
10.791720
10.644459
10.447515
10.863400
10.591873
10.714469
10.605712
10.760415
10.572574
10.588023
10.975433
10.656867
10.702246
10.538442
10.558057
10.600858
10.635243
10.623765
11.020070
10.789286
10.558105
10.668102
10.719309
10.857831
10.745551
10.622505
10.721641
10.739555
10.667661
10.817490
10.600375
10.892203
10.734509
10.588624
10.524049
10.570776
10.676141
10.582777
10.695991
10.686049
10.690464
10.819287
10.639874
10.942327
10.784320
10.585812
10.871638
10.695537
10.535460
10.966446
10.633185
10.487866
10.627939
10.591036
10.775363
10.734151
10.645382
10.632676
10.804193
10.809613
10.636385
10.739034
10.683864
10.747609
10.982948
10.529586
10.662013
10.625161
10.499144
10.670438
10.700392
10.769121
10.589846
10.670083
10.785718
10.907985
10.844243
10.536971
11.045683
10.884345
10.691201
10.556943
10.561714
10.715261
10.706161
10.924107
10.552592
10.682754
10.733102
10.684748
10.514128
10.582810
10.658077
10.756725
10.943771
10.796882
10.732042
10.864105
10.581357
10.608865
10.893798
10.773951
10.809753
11.243457
10.949404
10.893994
10.636036
10.781506
10.741543
10.800810
10.647264
10.883920
10.575401
10.653928
10.772375
10.754985
10.548640
10.861485
10.750421
10.559736
10.863095
10.746714
10.582095
10.624615
10.823861
10.805733
10.515397
10.726984
10.631239
10.713531
10.737509
10.873163
10.770480
10.582933
10.800440
10.684447
10.877672
10.591633
10.765824
10.610753
10.586565
10.730393
10.520700
10.568696
10.751198
10.877616
10.475821
10.629414
10.723439
10.843842
10.581978
10.572183
10.571431
10.926821
10.550004
10.529705
10.638846
10.654942
10.658585
10.527816
10.748876
10.639745
10.836123
10.319914
10.510913
11.032934
10.621427
10.754346
10.797308
10.750906
10.747834
10.522142
10.555140
10.842640
10.723468
10.774842
10.890788
10.767669
10.647002
10.634725
10.825322
10.710623
10.626909
10.617801
10.533997
10.798415
10.651832
10.881035
10.655656
10.884931
10.825782
10.604653
10.652775
10.793580
10.667751
10.821518
10.606777
10.558220
10.664835
10.461752
10.780826
10.547445
10.903567
10.728065
10.625012
10.481212
11.031245
10.918739
10.673137
10.749267
10.808819
10.727049
10.729772
10.672992
11.299107
10.540670
10.694429
10.600932
10.618507
10.428663
10.485728
10.587988
10.879858
10.633250
10.680382
10.611873
10.703328
10.680619
10.779691
10.993529
10.923184
10.761205
10.426026
10.598398
10.591850
10.711032
10.957291
10.544916
10.742265
10.824291
10.709430
10.470931
10.638369
10.643702
10.704287
10.906597
10.545905
10.556237
10.585433
10.780130
10.492581
10.547925
10.642335
10.605921
10.695701
10.568208
10.593670
10.753293
10.748689
10.736523
10.474255
10.837215
10.558454
10.706155
10.691607
10.876278
10.682400
10.669345
10.572679
10.635176
10.613520
11.275987
10.734610
10.660548
10.867905
10.729472
10.829316
10.753756
10.769275
10.698632
10.596475
10.683431
10.700190
10.811918
10.676013
10.784185
10.829742
10.909746
10.774024
10.834935
10.707869
10.641664
10.523761
10.646525
10.843513
10.764334
10.621955
10.542249
10.696994
10.701964
10.537225
10.634336
10.611005
10.757924
10.755198
10.822782
10.845038
10.424239
10.580161
10.901348
10.864789
10.648960
10.681336
10.797472
10.894963
10.754717
10.786943
10.892195
10.737517
10.541962
10.944822
10.732162
10.756736
11.049781
10.506019
10.703800
11.029738
10.653408
10.971959
10.667972
10.752537
10.849817
10.672273
10.723155
10.544674
10.607213
10.756916
10.573730
10.726012
10.817469
10.872990
10.778996
10.623284
10.769425
10.816920
11.031183
10.627346
10.652216
10.677960
10.969210
10.482304
10.579215
10.893122
10.688697
10.605186
10.793010
10.869020
10.703553
10.915371
10.532657
10.593545
10.620331
10.701308
10.655882
10.645987
10.738865
10.616643
11.061857
10.775223
10.948709
10.796951
10.823094
10.657610
10.623158
10.780904
10.724197
10.719017
10.646920
10.689416
10.494254
10.791975
10.959677
10.675710
10.638123
10.719997
10.517184
10.466176
10.552984
10.853669
10.614581
10.923999
10.872528
11.002076
10.840356
10.772345
10.752951
10.777190
10.616340
10.767318
10.497635
10.828413
10.692416
10.585742
10.747847
10.834922
10.695978
10.722476
10.571411
10.504335
10.698416
10.953754
10.649522
10.863136
10.663449
10.739073
10.717516
10.538771
10.846099
10.483392
10.494330
10.528443
10.951950
10.745739
10.597434
10.607344
10.576865
10.811094
10.759910
10.699792
10.579161
10.690132
10.630148
10.858604
10.979134
10.690229
10.693523
10.715342
10.806579
10.817060
10.671144
10.894958
10.581636
10.633743
10.744168
10.641069
10.605489
10.597144
10.457327
10.613801
10.697662
10.729102
10.799985
10.777562
10.542441
10.690307
10.924258
10.560076
10.538989
10.789141
10.868782
10.632484
10.880584
10.705569
10.690837
10.787948
10.606966
10.796842
10.658305
10.778091
10.620179
10.585110
10.725480
10.758631
10.788347
10.640580
10.860038
10.628997
10.568424
10.801959
10.744898
10.833725
10.590062
10.742497
10.496823
10.450236
10.593724
10.698498
10.577082
10.758184
10.728528
10.557675
10.496101
10.610506
10.476836
10.707726
10.466454
10.741757
10.593867
10.631238
10.681479
10.549696
10.799648
10.715596
10.654342
10.832111
10.650802
10.799801
10.639000
10.609676
10.576391
10.608832
10.713376
10.544241
10.753537
10.487128
10.731885
10.534314
10.907249
10.730304
10.543251
10.806558
10.680485
10.575438
10.507289
10.891001
10.689101
10.575550
10.727691
10.649744
10.690310
10.920710
10.717609
10.607719
10.808309
10.655845
10.620729
10.644538
10.834108
10.641648
10.826705
10.582659
10.540251
10.717076
10.706439
10.637181
10.505582
10.820513
10.763793
10.663103
10.906926
10.781793
10.960844
10.476031
10.552615
10.738196
10.573637
10.702514
10.744971
10.807003
10.629001
10.667950
10.683609
10.769905
10.502590
10.655113
10.736063
10.507084
10.597856
10.640450
10.769356
10.621657
10.592573
10.817809
10.480773
10.637979
10.671238
10.889880
10.693263
10.692542
10.701361
10.708507
10.629666
10.723235
10.465349
10.665438
10.701337
10.648953
10.571892
10.523943
10.705361
10.712860
10.736420
10.744089
10.679459
10.690576
10.720041
10.730860
10.668157
10.813115
10.693231
10.798112
10.729783
10.819176
10.655728
10.833191
10.790262
10.744177
10.600448
10.942987
10.553154
10.718710
10.512481
10.717647
10.895516
10.878361
10.626607
10.676634
10.714764
10.645849
10.834448
10.493112
10.585267
10.823365
10.530967
10.615952
10.626663
10.981355
10.693841
10.753503
10.640263
10.650124
10.774788
10.730840
10.672196
10.586979
10.620354
10.575819
10.640326
10.727477
10.664363
10.646705
10.677582
10.478031
10.609545
10.646199
10.363551
10.753087
10.811032
10.567106
10.804666
10.662223
10.598268
10.758655
10.561289
10.592876
10.748762
10.912390
10.727662
10.734817
10.559003
10.628480
10.725843
10.654138
10.637202
10.612638
10.646314
10.721685
10.747371
10.791053
10.604405
10.813716
10.607485
10.634461
10.709847
10.681686
10.550796
10.562063
10.672981
10.818641
10.743948
10.605807
10.711880
10.754318
10.788769
10.550977
10.778451
10.749929
10.475504
10.568769
10.515703
10.859839
10.406032
10.647788
10.446743
10.478651
10.808236
10.791585
10.612330
10.993221
10.623130
10.706991
10.694765
10.928361
10.572335
10.630144
10.655153
10.535445
10.685486
10.740024
10.644206
10.562551
10.544463
10.593308
10.716565
10.703936
10.819126
10.528383
10.365356
10.649029
10.649072
10.860950
10.702469
10.795240
10.715147
10.431884
10.623050
10.741763
10.547369
10.732785
10.664719
10.681200
10.786411
10.773057
10.518948
10.595451
10.844019
10.608580
10.597703
10.863719
10.755396
10.759632
10.951349
10.424819
10.570224
10.684925
10.670442
10.802297
10.813943
10.704044
10.636723
10.614793
10.724387
10.535776
10.720982
10.734192
10.686019
10.719957
10.701382
10.633008
10.708831
10.641122
10.725288
10.710665
10.999050
10.646408
10.689092
10.644974
10.645271
10.765076
10.706164
10.923510
10.558002
10.597462
10.825464
10.731657
10.453824
10.591456
10.682328
10.569463
10.862424
10.706173
10.773652
10.528869
10.851636
10.632012
10.735689
10.572875
10.958471
10.791192
10.590016
10.708277
10.881196
10.841126
10.796547
10.624392
10.671720
10.565904
10.696276
10.938124
10.873508
10.704550
10.749511
10.821673
10.635546
10.455614
10.514288
10.802073
10.742137
10.697120
10.652909
10.965580
10.645497
10.565121
10.522504
10.987436
10.601981
10.746044
10.759214
10.772793
10.769901
10.621476
10.860782
10.640023
10.630837
10.851559
10.731137
10.634323
10.733200
10.449873
10.426777
10.646968
10.627520
10.698911
10.485732
10.618948
10.751150
10.513368
10.526860
10.797200
10.766172
10.614608
10.972314
10.509740
10.674819
10.391837
10.728951
10.835505
10.494504
10.749666
10.593554
10.574394
10.755305
10.570827
10.461446
10.706620
10.767534
10.720339
10.548321
10.637920
10.600594
11.045127
10.561098
10.664515
10.839615
10.701390
10.715194
10.767626
10.810563
10.702054
10.680422
10.514849
10.766792
10.813453
10.819239
10.636515
10.490323
10.531672
10.635535
10.745288
10.495924
10.746091
10.781440
10.566649
10.668175
10.889743
10.768947
10.694040
10.515621
10.897967
10.504356
10.731817
11.133710
10.600099
10.581451
10.677705
10.993161
10.692631
10.646846
10.617599
10.860090
10.847841
10.678713
10.771820
10.674155
10.737067
10.684325
10.938402
10.723033
10.603365
10.642913
10.569681
10.605855
10.795020
10.897211
10.973643
10.569051
10.674598
10.638785
10.742863
10.741483
10.617793
10.651915
10.767946
10.661732
10.722768
10.660037
10.883342
10.806727
10.667469
10.722130
10.844956
10.643988
10.723484
10.770507
10.672287
10.528243
10.617091
10.752752
10.636297
10.587723
10.752838
10.642664
10.646219
10.710566
10.710155
10.431377
10.359858
10.809954
10.723858
10.541149
10.612314
10.694750
10.914030
10.628780
10.979587
10.583478
10.573966
10.738927
10.559406
10.732156
10.836949
10.556259
10.801640
10.640623
10.636561
10.555625
10.756689
10.673752
10.568239
10.727292
10.715957
10.626272
10.700533
10.793146
10.582359
10.712947
10.836785
10.517576
10.816589
10.680561
10.545154
10.615187
10.747054
10.553354
10.917617
10.355387
10.630380
10.612651
10.676128
10.913548
10.736702
10.847174
10.563873
10.947497
11.109925
10.702003
10.467207
10.623822
10.700799
10.686428
10.623717
10.852149
10.598619
10.737631
10.629950
10.920363
10.563360
10.874044
10.472446
10.662453
10.875786
10.518065
10.713956
10.608602
10.492668
10.577215
10.830679
10.847975
10.731717
10.661941
10.631275
10.554857
10.748814
10.712614
10.753333
10.743845
10.592580
10.463192
10.803273
10.713968
10.616768
10.858079
10.630966
10.669108
10.484412
10.633175
10.596292
10.955209
10.727489
10.475393
10.514420
10.719673
10.881512
10.677674
10.577510
10.512938
10.653612
10.642899
10.684738
10.606375
10.649177
10.613516
10.547263
10.757357
10.849993
10.674879
10.691704
10.708681
10.774027
10.658442
10.708482
10.693630
10.710819
10.449308
10.556015
10.652379
10.706207
10.548369
10.630399
10.713720
10.779248
10.851086
10.757185
10.819177
10.695409
10.740418
10.564398
10.799037
10.607029
10.722569
10.657872
10.657458
10.756271
10.735676
10.595748
10.709432
10.627959
10.870714
10.736732
10.500641
10.511156
10.556204
10.528359
10.885378
10.743709
10.538451
10.747955
10.663856
10.646458
10.662925
10.523776
10.492855
10.609721
10.586770
10.841811
10.657826
10.829334
10.702288
10.697016
10.761834
10.584152
10.764712
10.783108
10.710565
10.576687
10.605659
10.830899
10.757794
11.434487
11.060459
10.719124
10.874754
10.669454
10.570931
10.736675
10.735733
10.745485
11.028436
10.550129
10.734024
10.773191
10.713143
10.468504
10.705770
10.624439
10.853704
10.689342
10.519101
10.629391
10.605346
10.632729
10.785818
10.746512
10.850113
10.492833
10.569480
10.652379
10.665646
10.670351
10.775370
10.687950
10.797179
10.551233
10.629431
10.581380
10.686050
10.827137
10.746751
10.964075
10.605991
10.650039
10.949483
10.750570
10.474912
10.723757
10.618924
10.721012
10.627562
10.705867
10.552797
11.082106
10.602842
10.594685
10.886941
11.070645
10.677009
10.571854
10.714657
11.016273
10.897457
10.643029
10.450889
10.651536
10.868250
10.572748
10.665251
10.724609
10.679072
10.625513
10.637488
10.720211
10.607406
10.699209
10.487080
10.715853
10.774354
10.638453
10.915800
10.538991
10.721397
10.828928
10.371977
10.611494
10.612619
10.640724
10.600638
10.513708
10.715967
10.891724
10.862340
10.658766
10.972620
10.527176
10.671941
10.938563
10.432607
10.712057
10.616307
10.651074
10.724247
10.733128
10.670836
10.500793
10.536533
10.968467
10.641215
10.659548
10.924684
10.942239
10.879211
10.722045
10.672430
10.522822
10.589007
10.692196
10.599894
10.764064
10.697910
10.658309
10.816329
10.743779
10.622683
10.554460
10.513718
10.781027
10.668379
10.849175
10.600607
10.672220
10.623510
10.608014
10.597787
10.817793
10.750681
11.088314
10.617071
10.623012
10.734382
10.893367
10.829394
10.953919
10.854029
10.581906
10.437479
10.486766
10.683515
10.825221
10.610472
10.606220
10.577919
10.666944
10.695351
10.800470
10.918989
10.729172
10.687365
10.602902
10.817337
10.747206
10.611263
10.907131
10.571275
10.715829
10.761439
10.685598
10.777517
10.711468
10.752282
10.589327
10.763550
10.699435
10.635687
10.700802
10.635830
10.545933
10.749521
10.683482
10.608537
10.484905
10.500301
10.590741
10.732570
10.878293
10.605712
10.446699
10.697091
10.687450
10.752515
10.506498
10.655319
10.584406
10.875585
10.958319
10.709710
10.685246
10.544335
10.511548
10.697047
10.867436
10.880928
10.502722
10.698783
10.822868
10.452209
10.667380
10.559145
11.001202
10.660377
10.591329
10.714071
10.677017
10.676262
10.734623
10.952420
10.641021
10.488328
10.721774
10.601231
10.843066
10.804182
10.726362
11.024739
10.923189
10.845240
10.817316
10.559533
10.688646
10.793589
10.789267
10.620679
10.670451
10.558720
10.630915
10.718102
10.541346
10.551540
10.706010
10.786607
10.771433
11.138589
10.614164
10.696175
10.710561
10.818000
10.789389
10.658386
10.630919
10.503402
10.768074
10.865539
10.551056
10.573880
10.958818
10.771981
10.512823
10.762099
10.833866
10.725055
10.521244
10.607685
11.066489
10.661764
11.070710
11.250304
10.607484
10.635898
10.634938
10.593003
10.654219
10.685486
10.853699
10.716412
10.617616
10.790455
10.632868
10.676001
10.641526
10.606641
10.598610
10.733231
10.718461
10.792800
10.489524
10.813347
10.683730
10.639233
10.723359
10.521911
10.954535
10.964671
10.795060
10.484234
10.968661
10.809459
10.823546
10.687505
10.718649
10.598808
11.056956
10.550589
10.651070
10.831738
10.800512
10.743764
10.752963
10.595127
10.868983
10.691354
10.686330
10.555119
10.497013
10.827277
10.706286
10.656085
10.988999
10.526186
10.549755
10.601772
10.493168
10.682147
11.005591
10.594883
10.524949
10.694859
10.723119
10.769954
10.697052
10.824001
10.801282
10.813937
10.911662
10.672712
10.804603
10.519504
10.676760
10.771101
10.747333
10.715705
10.780578
10.578794
10.837897
10.589090
10.848945
10.681808
10.714580
11.018539
10.667717
10.750519
10.664726
10.807420
11.086707
10.525532
10.739390
10.550392
10.688536
10.494702
10.625370
10.526637
10.681735
10.524673
10.701624
10.769801
10.757881
10.895959
10.702539
10.641726
10.790403
10.659243
10.874055
10.643549
10.928967
10.706402
10.842234
10.660554
10.689605
10.758423
11.091781
10.662571
10.605237
10.515292
10.587942
10.554984
10.735297
10.887927
10.813424
10.656832
10.643050
10.961593
10.717046
10.963081
10.503234
10.605743
10.559136
10.673434
10.549614
10.825442
10.790574
10.641402
10.534924
10.997087
10.898000
11.345180
10.831931
10.438164
10.717280
10.674473
10.876382
10.653361
10.759356
10.642252
10.589057
10.588292
10.624727
10.550593
10.531595
10.649554
10.529801
10.719919
10.591101
10.756993
10.497667
10.689985
10.800253
10.667817
10.879676
10.548309
10.744256
10.770475
11.037021
10.557944
10.675280
10.688788
10.962880
10.751162
10.586372
10.496638
10.681145
10.788429
10.724682
10.722830
10.844388
10.562746
10.780852
10.640774
10.928229
10.811459
10.652129
10.613673
10.894053
10.825997
10.675828
10.691258
10.746317
10.725898
11.223955
10.777791
10.476284
10.566117
10.591669
10.789079
10.649903
10.777109
10.737807
10.783928
10.634403
10.731664
10.629955
10.757931
10.744875
10.673508
10.482809
10.729026
10.769498
10.628601
10.590489
10.751378
10.718568
10.519353
10.494857
10.827786
10.768056
10.702070
10.731126
10.710687
10.740723
10.557013
10.753855
10.829976
10.752661
10.733198
10.830789
10.901047
10.896989
10.761883
10.607941
10.752971
10.611133
10.672890
10.572736
10.539733
10.654553
10.600479
10.777489
10.688907
10.892123
10.635824
11.015236
10.748445
10.738027
10.566649
10.500780
10.564366
10.780620
11.003303
10.902029
10.675538
10.564050
10.672299
10.681577
10.826787
10.673973
10.836442
10.874815
10.903716
10.635272
10.521545
10.628103
10.917522
10.908035
10.679809
10.548334
10.630620
10.622604
10.598731
10.653162
10.723374
10.511727
10.647996
10.559124
10.667162
10.644573
10.869000
10.681551
10.737064
10.748555
10.575481
10.492498
10.769347
10.573854
10.409868
10.784036
10.949350
10.586426
10.568942
10.620116
11.015970
10.735046
10.715210
10.761456
10.803235
10.575382
10.669706
10.868565
10.649277
10.805547
10.835644
10.648300
10.716313
10.569579
10.459669
10.514997
10.639719
10.564364
10.742716
10.789535
10.929517
10.733735
10.799265
10.665906
10.725157
10.784343
10.520579
10.666119
10.997928
10.704726
10.744718
10.624946
10.946109
10.634456
11.059614
10.584848
10.909300
10.714808
10.696382
10.601018
10.830091
10.682115
11.010003
10.664471
10.705869
10.714635
10.580616
10.686200
10.893420
10.590782
10.701288
10.619141
10.748911
10.656553
10.792301
10.731462
10.452203
10.595328
10.447189
10.650023
10.624714
10.671929
10.555975
10.911030
10.740600
10.481591
10.872125
10.686903
10.485477
10.745999
10.534620
10.546067
10.500373
10.732410
10.689302
10.675045
10.647306
10.688678
10.586298
10.446894
10.624307
10.714435
10.801801
10.605524
10.626520
10.775345
10.552514
10.676014
10.822184
10.858353
10.866598
10.650334
10.669672
10.820188
10.589025
10.719355
10.602204
10.817162
10.785051
10.527017
10.901776
10.802802
10.864825
11.026509
10.632873
10.644714
10.891785
11.037638
10.570822
10.737140
10.684238
10.913386
10.602975
10.736916
10.986796
10.612002
10.836481
10.678380
10.612452
10.607537
10.692360
10.762801
10.767748
10.630928
10.604885
10.560083
10.831904
10.707453
10.428944
10.652541
10.698385
10.877769
10.981457
10.787294
10.910891
10.875742
10.714412
10.717176
10.563714
10.909515
10.780086
10.620359
10.770420
10.694843
10.515722
10.694559
11.183262
10.777637
10.811307
10.825412
10.833088
10.542881
10.629599
10.796593
10.780112
10.758529
10.609247
10.876520
10.820623
10.749843
10.998684
10.887020
10.789892
10.662526
10.666613
10.754300
10.530459
10.660840
10.801701
10.616905
10.650740
10.605699
10.372975
10.606228
10.500122
10.846505
10.506517
10.557520
10.712869
10.506028
10.697309
10.858398
10.691875
10.761975
10.643260
10.740357
10.614276
10.845101
10.679318
10.581270
11.171903
10.515610
10.671185
10.751808
10.875573
10.648655
10.523329
10.552594
10.708824
10.779444
10.712759
10.948828
10.707906
10.656718
10.923158
10.656117
10.593718
10.595353
10.636894
10.752440
10.646853
10.742462
11.056407
10.636507
10.601876
10.811703
10.858986
10.862558
10.769961
10.793857
10.659053
10.983864
10.561464
10.833441
10.746301
10.566901
10.614513
10.744747
10.600898
10.692461
10.611594
10.626944
10.619399
10.667208
10.628408
10.624461
10.722160
10.941372
10.731307
10.809261
10.648366
10.732065
10.507388
10.539271
10.595938
10.632533
10.483809
10.722955
10.661730
10.696514
10.681084
10.766515
10.949481
10.671662
10.726351
10.792943
10.670942
10.710769
10.596449
10.552948
10.616064
10.581351
10.530738
10.569060
10.885343
10.547413
10.373305
10.686131
10.643811
10.757570
10.674129
11.052988
10.636243
10.648380
10.741379
10.776140
10.690754
10.509252
10.897997
10.777279
10.469350
10.659311
10.502699
10.521625
10.768670
10.632021
10.668409
10.550656
10.647376
10.978578
10.752724
10.732229
10.488745
10.706668
10.769643
10.716513
10.684239
10.669679
10.782164
10.536461
10.817959
10.650287
10.835250
10.399389
10.450845
10.786296
10.573431
10.888539
10.535952
10.635230
10.528520
10.582569
10.530706
10.966357
10.670839
10.796290
10.598310
10.661542
10.847646
10.589828
10.749785
10.617513
10.553795
10.773052
10.524624
10.631289
10.751961
10.592817
10.905533
10.735439
10.956910
11.058452
10.733439
10.700375
10.667253
10.746041
10.697904
10.856554
10.710144
10.426877
10.715921
10.699960
10.722306
10.813044
11.093839
10.730639
10.823192
10.633404
10.636505
11.040331
10.715604
10.562688
10.723345
10.647457
10.861111
10.685933
10.854209
10.576530
10.670038
10.859512
10.709301
10.873506
10.630561
10.654035
10.776825
10.680201
10.578772
10.661864
10.549116
10.676956
10.649778
10.584304
10.822166
10.681300
10.660128
10.800034
10.616351
10.654951
10.908309
10.593717
10.703438
10.581697
10.668184
10.657902
10.632299
10.656497
10.808824
10.698231
10.763748
10.607382
10.685238
10.549923
10.848523
10.631922
10.658266
10.758224
10.586796
10.848484
10.935002
10.704974
10.806668
10.933472
11.085560
10.680601
10.491734
11.018989
10.666855
10.920528
10.870496
10.536350
10.691500
10.644555
10.992050
10.643338
10.629421
10.579887
10.418478
10.805233
10.721215
10.624867
10.881909
10.702748
10.672181
10.765724
10.769491
10.746307
10.668653
10.792302
10.670060
10.578434
10.753523
10.677693
10.600918
10.379408
10.720859
10.628208
10.779210
10.805516
10.675115
10.838510
10.641206
10.624700
10.726041
10.933533
10.668106
11.189420
10.684154
10.562487
10.925064
11.062791
11.031959
10.791477
10.738777
10.736574
10.572005
10.818741
10.765608
10.672325
10.672320
10.566975
10.610498
10.872798
10.743477
10.822476
10.739541
10.662974
10.539796
10.559705
10.487678
10.587208
10.585110
10.632563
10.587752
10.838291
10.746614
11.186842
10.693835
10.644376
10.685962
10.643868
10.592994
10.745447
10.621259
10.604208
10.651487
10.564612
10.650977
10.605061
10.759530
10.934292
10.846862
10.744490
10.748619
10.675070
10.627715
10.601727
10.766967
10.820099
10.615107
10.614062
10.543380
10.629957
10.545915
10.702569
10.627402
10.793201
10.758517
10.643579
10.592954
10.689098
10.702807
10.646245
10.785542
10.522816
10.830640
10.723446
10.599582
10.631065
10.714094
10.621497
10.850038
11.012078
10.697230
10.691170
10.816082
10.840253
10.807084
10.716805
10.698699
10.702000
10.521673
11.044643
10.652504
10.518253
10.738478
10.652037
10.661119
10.660158
10.577878
10.542161
10.870354
10.837662
10.722252
10.582735
10.477249
10.790474
10.971224
10.849986
10.624919
10.606888
10.728806
10.520965
10.802298
10.954877
10.555238
10.693023
10.557061
10.805402
10.715969
10.743419
10.543033
10.687350
10.893994
10.502619
10.771917
10.752309
10.690103
10.736326
10.739012
10.700329
10.428996
10.598677
10.551585
10.716958
10.743454
10.838436
10.595438
10.953636
10.610012
10.873307
10.611711
10.717104
10.643975
10.839183
10.858088
10.678025
10.765026
10.693444
10.628749
10.572939
10.710640
10.468286
10.636096
10.689745
10.581306
10.917486
10.605509
10.661565
10.645951
10.809893
10.819097
10.825611
10.415383
10.737615
10.840584
10.610235
10.481810
10.382280
10.452657
10.863788
10.561285
10.656916
10.778643
10.720514
10.638182
10.951679
10.704496
10.742309
10.645922
10.534491
10.576810
11.232583
10.815616
10.525573
10.933452
10.824539
11.261784
10.913128
10.580362
10.753402
10.446050
10.490745
10.726620
10.672336
10.493806
10.803074
10.705850
10.717111
10.983642
10.956910
10.701860
10.666275
10.634229
10.975155
10.647964
10.796262
10.669990
10.650905
10.603231
10.610777
10.605679
10.683987
10.632183
10.835158
10.624665
10.595941
10.796594
10.560541
10.634185
10.861755
10.819149
10.530171
10.707100
11.084635
10.768253
10.790051
10.779007
10.763626
10.719128
10.644919
10.576999
10.758263
10.701404
10.954978
10.457349
10.771268
10.702573
10.477359
10.757135
10.543915
10.694822
10.711718
10.649333
10.789132
10.695830
10.759836
10.790766
10.698638
10.488610
10.725059
10.731150
10.564767
10.707547
10.723618
10.746315
10.585024
10.511052
10.730669
10.571955
10.559198
10.614558
10.916835
10.599369
10.610882
10.701181
10.764406
10.689083
10.685460
10.699312
10.483153
10.505896
10.458228
10.641283
10.714474
10.714959
10.698783
10.608498
10.957009
10.613458
10.497553
10.768310
10.683808
10.703928
10.729529
10.728902
10.660846
10.730834
10.685101
10.681966
10.687184
10.508621
10.753154
10.539940
10.867104
11.088437
10.589325
10.540023
10.779972
10.577677
10.847332
10.671611
10.712778
10.524713
10.682443
10.754666
10.916665
10.604594
10.673533
10.609339
10.885782
10.730714
10.661901
10.724092
10.621893
10.665788
10.703864
10.811505
10.624167
10.532182
10.717818
10.642322
10.805020
10.996694
10.484950
10.606171
10.905295
10.714633
10.762692
10.618492
10.743432
10.725244
10.721997
10.719809
10.518053
10.988099
10.591731
10.468905
10.852874
10.570587
10.576087
10.820319
10.897362
10.732108
10.822808
10.660184
10.577921
10.857864
10.807719
10.627947
10.760640
10.584600
11.099737
10.806817
10.666004
10.937329
10.734092
10.891669
10.409149
10.627375
10.738386
10.584565
10.554884
10.654198
10.628302
10.903885
10.903024
10.534198
10.876368
10.582252
10.654969
10.621828
10.511640
10.636291
10.607427
10.596310
10.590862
10.985274
10.634484
10.776833
10.394124
10.743499
10.806847
10.626446
10.573806
10.692680
10.914136
10.757442
10.887906
10.784024
10.725367
10.762080
10.758848
10.675484
10.614227
10.693157
10.797416
10.685252
10.986431
10.547348
10.649778
10.862530
10.711874
10.606867
10.751403
10.696501
10.683588
10.626553
10.792432
10.733057
10.575159
10.737005
10.984251
10.739169
10.766333
10.815587
10.662730
10.817105
10.668160
10.660029
10.710131
10.374135
10.760198
10.725536
10.868898
10.528362
10.595053
10.697150
10.626413
10.778972
10.932644
10.729271
10.747867
10.598161
10.439298
10.700785
10.376966
10.807928
10.679020
10.735058
10.717725
10.718352
10.589713
10.678030
10.614691
10.561631
10.705614
10.738682
10.680585
10.559801
10.700426
10.464746
10.854769
10.831059
10.646517
10.867117
10.777468
10.816913
10.658287
10.681860
10.702024
10.702873
10.731971
10.771268
10.892286
10.751303
10.648190
10.826549
10.479640
10.696509
10.546668
10.964515
10.532927
10.572504
10.881929
10.800493
10.789011
10.619958
10.768182
10.450379
10.541956
10.536736
10.618594
10.649076
10.684553
10.647706
10.639634
10.431410
11.245159
10.448069
10.819675
10.791703
10.956065
10.810363
10.764902
10.647867
10.499182
10.672360
10.561332
10.692180
11.036052
10.552691
10.729283
10.988473
10.652754
10.606757
10.826753
10.649505
10.800393
10.792858
10.759819
11.238653
10.781145
10.949022
10.574422
10.494641
10.567150
10.576891
10.725111
10.855917
10.616827
10.543697
10.742637
10.657282
10.615116
10.688737
10.826497
10.703928
10.777367
10.992413
10.798550
10.765673
10.718922
10.577813
10.674291
10.785529
10.687348
10.635904
10.666767
10.714911
10.484602
10.610329
10.907118
10.783238
10.727898
10.640145
10.455094
10.569195
10.647550
10.537227
10.878925
10.576730
10.702642
10.742149
10.898777
10.475344
10.638636
10.944758
10.792190
10.907240
10.978906
10.497793
10.665841
10.677737
10.816010
10.697509
10.451003
10.870620
10.740653
10.541584
10.555459
10.870411
10.649045
10.782208
10.766274
10.695740
10.591330
10.608196
10.583537
10.670504
10.873969
10.523446
10.776589
10.634257
10.658554
10.828649
10.623623
10.759736
10.519574
10.558459
10.605381
10.462260
10.582494
11.174603
10.793346
10.955969
10.489834
10.659115
10.940545
10.837184
10.662007
10.710210
10.611087
10.819989
10.955577
10.715417
10.749549
10.860213
11.029600
10.781572
11.060853
10.719620
10.419520
10.835028
11.022480
10.675654
10.503612
10.692823
11.028668
10.852138
10.697228
10.825942
10.626227
10.542084
10.465062
10.764348
10.455917
11.090707
10.970657
10.653922
10.689519
10.838824
10.633473
10.789496
10.522048
10.660463
10.600071
10.607336
10.713682
10.535840
10.829434
10.628176
10.867645
10.688551
10.604147
10.610864
10.715255
11.026105
10.594139
10.615660
10.808698
10.670745
10.729150
10.603204
10.468501
10.584893
10.601958
10.650285
10.815705
10.535716
10.674109
10.632914
10.754535
10.716217
10.650161
10.835690
10.670277
10.679404
10.734653
10.619088
10.687110
10.498119
10.654967
10.602490
10.906072
10.862502
10.711192
10.877203
10.617083
10.610118
10.422562
10.775446
10.649519
10.497414
11.000255
10.770935
10.634932
10.813479
11.034878
11.075469
10.768281
10.693882
10.820428
10.657476
10.538755
10.770706
10.570576
10.808723
10.686087
10.686649
11.541906
10.932143
10.879639
10.719562
10.707241
10.515184
10.713807
10.782582
10.460811
10.546190
10.794463
10.658683
10.728617
10.794060
10.966404
10.665459
10.775747
10.630088
10.654464
10.603618
10.515701
10.503020
10.636812
10.815095
10.735999
10.743057
10.675684
10.504743
10.754298
11.007471
10.999241
10.513802
10.663780
10.726014
10.775400
10.576567
11.106559
10.559228
10.782193
10.765535
10.878300
10.696899
10.718685
10.634779
10.520852
10.767954
10.420150
10.730987
10.745839
10.636325
10.695997
10.563625
10.871150
10.624959
10.586850
10.555450
10.801561
10.668123
10.677344
10.603738
10.864308
10.874230
10.791445
10.619216
10.849471
10.731142
10.711520
10.928772
10.670458
10.548028
10.751702
10.680088
10.728163
10.519508
10.651771
10.929008
10.478802
10.761097
10.631212
10.728367
10.535284
10.615307
10.689520
10.610861
10.724841
10.644103
10.768428
10.696201
10.636641
10.814461
10.871367
10.657870
10.637359
10.990922
10.519490
10.798581
10.998584
10.414908
10.608346
10.764969
10.631567
10.654643
10.700275
10.576061
10.708174
10.782684
10.913344
10.858987
10.755506
10.806090
10.619140
10.618088
10.659203
10.730521
10.573807
10.590049
10.627568
10.692874
10.788021
10.615878
10.699406
10.688143
10.903520
10.954127
10.713564
10.686505
10.692467
10.669695
10.529189
10.505130
10.671981
10.676516
10.602090
10.796936
10.658377
10.562609
10.640683
10.762410
10.623452
10.714477
10.678836
10.739737
10.687425
10.976696
10.533021
10.665661
10.684031
10.755874
10.582061
10.502862
10.789928
10.671280
10.767795
10.807644
10.624078
10.760756
10.770809
10.834956
10.530752
10.456931
10.732166
10.772392
10.709712
11.111224
10.685925
10.757593
10.972078
10.663141
11.312843
10.621766
10.812288
10.610831
10.666235
10.675728
10.727886
10.774740
10.581427
10.703562
10.698845
10.996723
10.720705
10.830000
10.708389
10.705350
10.804125
10.684197
10.624836
11.087736
10.857060
10.516470
10.482314
10.601916
10.713037
10.681630
10.914783
10.762115
10.759421
10.718772
10.770074
10.643383
10.785648
10.488721
10.674423
10.666708
10.801210
10.774305
10.517182
10.706524
10.730952
10.761884
10.584194
10.905383
10.548484
10.643532
10.386302
10.619010
11.036208
10.449844
10.662649
10.572944
10.554956
10.770701
10.537475
10.695681
10.751531
10.768789
10.617260
10.630497
10.622833
10.427116
10.714191
10.528373
10.675085
10.714574
10.749353
10.838559
10.893362
10.712451
10.577853
10.773778
10.631240
10.774820
10.769907
10.889359
11.051266
10.514191
10.652537
10.563575
10.696113
10.612425
10.732109
10.778000
10.647295
10.672994
10.393832
10.706054
10.865122
10.796069
10.542382
10.651047
10.563476
11.006292
10.715680
10.601239
10.753573
10.760539
10.604506
10.672778
10.804724
10.756626
11.245316
10.708869
10.613680
10.553743
10.743159
10.649044
10.490286
10.755324
10.576439
10.601518
11.010014
10.847992
10.696391
10.696166
10.692398
10.643342
10.716217
10.675756
10.729053
10.538213
10.534315
10.682802
10.667026
10.638944
10.671387
10.618998
10.715981
10.734068
10.631232
10.675011
10.579205
10.556412
10.607926
10.693380
10.656234
10.679361
11.009812
10.746276
10.701600
10.715896
10.813831
10.555504
10.597706
10.564967
10.575456
10.622876
10.726712
10.574586
10.625332
10.822853
10.757389
10.664401
10.970906
10.745442
10.614928
10.665780
10.768724
10.648021
10.708556
10.652986
10.723546
10.813553
10.665762
10.655150
10.654719
10.898051
10.768443
10.779456
10.811117
10.813869
10.705834
10.503995
10.652634
10.678172
10.795789
11.072699
10.539692
10.712575
10.924665
10.548225
10.634436
11.076671
11.080097
10.718762
10.685848
10.932670
10.674671
10.631558
10.740283
10.753376
10.628550
10.707656
10.848266
10.360337
10.485902
10.634434
10.586853
10.549617
10.473443
10.680869
10.807228
10.531041
10.387713
10.610244
10.779828
10.620991
10.522658
10.747086
10.742049
10.636935
10.750366
10.897306
10.768376
10.722652
10.988934
10.633431
10.750019
10.687557
10.837809
10.621026
10.715980
10.632699
10.758750
10.768802
10.768815
10.717185
10.729105
10.630035
10.840665
10.987592
10.941023
10.498738
10.776116
10.566128
10.589017
10.599562
10.720136
10.808829
10.966070
11.004389
10.607785
10.664595
10.680527
10.829203
10.746486
10.536482
10.698227
10.703600
10.399320
10.660424
10.748181
10.621718
10.570123
10.662968
10.573589
10.434958
10.560746
11.242682
10.574129
10.672102
10.818521
10.836415
10.565965
10.629482
10.722409
10.712672
10.531939
10.985928
10.399228
10.638687
10.719603
10.792619
11.077375
10.754694
10.884922
10.645828
10.674023
10.759615
10.713859
10.438927
10.616202
11.191730
10.620775
10.885048
10.677245
10.746159
10.752161
10.869011
10.949646
10.633549
11.126446
10.602640
10.743763
10.641408
10.642608
10.598708
10.692346
10.665365
10.734397
10.498716
10.844793
10.758489
10.701592
10.720327
10.570388
10.909621
10.669288
10.835703
10.490081
10.792318
10.557909
10.527009
10.931474
10.667098
10.550988
10.655954
10.682548
10.440671
10.782504
10.607890
10.686015
10.619521
10.602619
10.419815
10.783347
10.700129
11.383012
10.726025
10.700518
10.634987
10.614356
11.017714
10.801330
10.664044
10.680397
10.672962
10.500717
10.481023
10.552600
10.644070
10.885810
10.655553
10.507937
10.785207
10.688580
10.769232
10.759427
10.896891
10.610653
10.749662
10.762292
10.442260
10.677726
10.659148
10.534112
10.766324
10.753725
10.907097
10.724696
10.621578
10.702538
10.935591
10.686822
10.599552
10.452204
10.649927
10.631369
10.515633
10.899704
11.063080
10.778635
10.539241
10.352053
10.550684
10.776997
10.694669
10.903943
10.417439
10.846802
10.685097
10.633704
10.625124
10.682507
11.030075
10.806141
10.789134
10.690572
10.559044
10.816758
10.460763
10.587231
10.725146
10.761795
10.837731
10.829475
10.585809
10.601467
10.705515
10.841431
10.479433
10.644863
10.793660
10.742665
10.789756
10.584803
10.564484
10.548335
10.586072
10.671512
10.600480
10.727080
10.665891
10.626984
10.676642
10.762108
10.689307
10.630157
10.720605
11.028614
10.840696
11.043568
11.323521
11.085074
10.836090
10.694698
10.590712
10.750425
10.737084
10.630742
10.742753
10.752918
10.647265
10.615231
10.564860
10.721776
10.641245
10.934847
10.766474
10.529147
10.931122
10.591276
10.713542
10.634116
10.596766
10.803599
10.776756
10.705778
10.805953
10.528926
10.639398
10.739769
10.780957
10.891235
10.692649
10.809251
10.707782
10.888838
10.762952
10.503464
10.371523
10.826431
10.642015
10.534765
10.675053
10.727118
10.761034
10.861239
10.526130
10.786708
10.724294
10.925715
10.665200
10.622226
10.735020
10.670853
11.141697
10.776780
10.739155
10.688672
10.654225
10.932366
10.533792
10.441664
10.803009
10.856251
10.722104
10.918062
10.651637
10.958247
10.917798
10.527327
10.814287
10.651152
10.676857
10.879524
10.578295
10.752613
10.485701
10.956141
10.653878
10.700600
10.560710
10.622000
10.619327
10.887253
10.645309
10.594139
10.871256
10.881489
10.781504
10.798842
10.836003
10.633622
10.848225
10.620303
10.769792
10.612092
10.637828
10.856324
10.572503
10.959940
10.644203
10.567264
10.664619
10.681888
10.524386
10.714249
10.554835
10.830771
10.945940
10.774840
10.745200
10.655685
10.608349
10.613413
10.752998
10.448722
10.759340
10.807786
11.057256
10.698450
10.635128
10.595551
10.705979
10.565464
10.767667
11.087293
10.748005
10.668271
10.798438
10.581929
10.628990
10.835833
10.835734
10.737119
10.500244
10.986688
10.594817
10.701011
10.633060
10.608411
10.873114
10.746985
10.719140
10.796911
10.546752
10.732746
10.664486
10.491585
10.711028
10.812135
10.801158
10.611113
10.865587
10.782288
10.692543
10.670539
10.741213
10.606980
10.928302
10.766315
10.665818
10.646532
10.770753
10.593373
10.791374
10.650924
10.602522
10.835776
10.706851
10.663484
10.751961
10.674913
11.080303
10.773066
10.615439
10.738661
11.043040
10.531910
10.888421
10.662726
10.583509
10.728622
10.721462
10.650203
10.966121
10.979003
10.792724
10.824966
10.746175
10.617830
10.720691
10.746992
10.677401
10.878282
10.533701
10.787694
10.884078
10.731822
10.879794
10.765509
10.763827
10.676101
10.574340
10.687287
10.691030
10.896043
10.657005
10.517052
10.707314
10.612367
10.502082
10.673413
10.617021
10.696556
10.575959
10.801153
10.773602
10.543736
10.582816
10.829743
10.550335
10.895952
10.503354
10.624517
10.871756
10.915470
11.047345
10.773759
11.075148
11.141092
10.811351
10.634000
11.004525
10.885707
10.773410
10.601506
10.696088
10.752436
10.835983
10.838604
10.484884
10.920101
10.699478
10.882293
10.596739
10.622793
10.770484
10.901865
10.713233
10.788125
10.815735
10.635796
10.559215
10.710303
10.660706
10.689950
10.785807
10.806357
10.691450
10.531629
10.541812
10.557308
10.584113
10.589150
10.614973
10.743376
10.864456
10.626714
10.847293
10.534731
10.760815
10.464201
10.445621
10.492549
10.711452
10.749026
10.616698
10.831254
10.548145
10.626925
10.547299
10.538840
10.848307
10.742851
10.664613
10.639863
10.648336
10.714691
10.740310
10.583085
10.753768
11.037014
10.706243
10.666338
10.907217
10.836505
10.802459
10.641999
10.443697
10.708665
10.685313
10.795464
10.694083
10.669797
10.849997
10.752950
10.752221
10.548687
10.539800
10.552332
10.602339
10.726364
11.052102
10.654047
10.697080
10.794665
10.906203
10.659407
10.656898
10.561108
10.629416
10.575616
10.695860
10.609694
10.618106
10.608747
10.812305
10.722473
10.902950
10.694844
10.692004
10.924328
10.647982
10.701580
10.598174
10.719781
10.890181
10.786186
10.806782
10.867939
10.672350
10.648121
10.887447
10.573105
10.626986
10.603177
11.047016
10.520748
10.718632
10.696728
10.646440
10.757957
10.446133
10.695501
10.496335
10.730733
10.826626
10.789846
10.876553
10.701707
10.531871
10.551171
10.905874
10.760587
10.884501
10.709947
10.640756
10.874930
10.813740
10.694986
10.908132
10.885717
10.994337
10.654290
10.664160
10.658273
10.680670
10.830203
10.781929
10.577979
10.757816
10.856646
10.793177
10.557913
10.606018
10.663016
10.572458
10.621977
10.728331
10.780731
10.471458
10.724212
10.647895
10.783910
10.578113
10.700743
10.564224
10.467990
10.803418
10.710182
10.580415
10.498179
10.522989
10.646859
10.591992
10.931379
10.710929
10.773977
10.735831
10.781314
10.907314
10.669807
10.735244
10.606920
10.606920
