10.818102
10.696448
10.901837
11.025582
10.813842
10.748882
10.800668
10.620574
10.660506
10.654855
10.505696
10.703265
10.634061
10.823699
10.512693
10.599944
10.827556
10.828094
10.924598
10.616962
10.536549
10.714661
10.828371
10.660061
11.320411
10.579231
10.674003
10.721438
10.758908
10.664068
10.890319
10.850108
10.700476
10.540490
10.703000
10.632286
10.884571
10.714870
10.669681
10.537622
10.658010
10.615736
10.461689
10.554264
10.780843
10.620935
10.786417
10.698080
10.715874
10.412833
10.638856
10.662359
10.635426
10.641308
10.661657
10.932763
10.749767
10.724708
10.622561
10.664456
10.764218
10.732741
10.622254
10.792468
10.628599
10.756614
10.467515
10.751639
10.716651
10.576168
10.619817
10.847995
10.499461
10.579393
10.637178
10.495369
10.551622
10.761940
10.817380
10.891206
10.844197
10.809478
10.701763
10.688876
10.660526
10.611740
10.886429
10.735240
10.472974
10.644836
10.553770
10.784245
10.609017
10.847258
10.720317
10.817276
10.617140
10.563019
10.651666
10.717057
10.619087
10.572711
10.738277
10.431716
10.574918
10.561843
10.779723
10.798493
10.807695
10.503821
10.652516
10.561093
10.764736
10.648434
10.851984
10.992967
10.619232
10.705227
10.672629
11.034894
10.622579
10.685469
10.746025
10.556230
10.859899
10.636646
10.480582
10.918472
10.589454
10.455752
10.524047
10.558469
10.735302
10.595465
10.759274
10.583441
10.806058
10.849907
10.704514
10.681650
10.705816
10.639874
10.753148
10.722037
10.579584
10.674779
10.921980
10.621615
10.732374
10.640347
10.457544
10.572253
10.499376
10.672107
10.675547
10.674492
10.597107
10.754482
10.667673
10.929212
10.677773
10.638495
10.604764
10.656370
10.591494
11.119508
10.598704
10.477297
10.626463
10.792007
10.444450
10.700222
10.715877
10.787109
10.782037
10.849010
10.939426
10.750288
10.753579
10.715566
10.822672
10.650532
10.657553
10.579414
10.505816
10.885945
10.533483
10.700260
10.675312
10.566459
10.540794
10.918322
10.502426
10.676502
10.915705
10.715332
10.546392
10.672183
10.636109
10.736841
10.910537
10.879281
10.798377
10.654368
10.841276
10.888199
10.999409
10.633908
10.628714
11.087261
10.619282
10.713365
10.683101
10.693751
10.666738
10.787819
10.548976
10.595160
10.731636
10.740324
10.631053
10.680690
10.515622
10.976427
10.793676
10.616981
10.460995
10.530155
10.720036
10.634819
10.744634
10.656542
10.911350
10.837815
10.963967
10.617969
10.718530
10.512691
10.768151
10.582892
10.741042
10.649968
10.642653
10.725984
10.694686
10.579221
10.730366
10.753059
10.706735
10.589269
10.483061
10.586901
10.667159
10.786247
10.670199
10.653922
10.647965
11.102722
10.490333
10.835954
10.646670
10.582970
10.541882
10.693785
10.867753
10.596968
10.931506
10.586765
10.530449
10.543195
10.840800
10.615119
10.682816
10.550820
10.581484
10.541906
10.834432
10.333940
10.709495
10.566943
10.766422
10.500818
10.921560
10.534284
10.753509
10.529023
10.560149
10.898686
10.801568
10.530513
10.691689
10.533754
10.955074
10.763341
10.586081
10.757976
10.568045
10.760783
10.699370
10.608354
10.412937
10.618492
10.632712
10.765878
10.653513
10.487190
10.606077
10.692792
10.519515
10.603204
10.515021
10.811518
10.916233
10.680136
10.814415
10.779348
10.536450
10.542983
10.601233
10.804123
10.530006
10.760661
10.516530
10.705176
10.506060
10.758168
10.783268
10.779342
11.350122
10.682118
10.667390
10.695684
10.722728
10.709307
10.689068
10.966879
10.873157
10.837526
10.736832
10.946706
10.764958
10.643150
10.687984
10.418532
10.757717
10.636944
10.518454
10.869385
10.497491
10.663253
10.624384
10.596401
10.649066
10.533182
10.566374
10.584278
10.826706
10.706178
10.737070
10.550969
10.559817
10.611125
10.715809
10.927925
10.803108
10.704245
10.747296
10.919566
10.632091
10.709463
10.777735
10.935501
10.738061
10.588377
10.680670
10.597741
10.706506
10.427353
10.707174
10.695558
10.692204
10.764854
10.763200
10.716539
10.677646
10.624151
10.823302
10.767069
10.520189
10.633349
10.737672
10.583283
10.800435
10.692783
10.736131
10.655394
10.786490
10.624675
10.911253
10.660697
10.642481
10.507947
10.785148
10.743055
10.550908
10.550868
10.671270
10.753338
10.736894
10.668837
10.674319
10.635572
10.661444
10.761653
10.762603
10.972449
10.764515
10.641457
11.124679
10.868173
10.550146
10.775154
10.775838
10.639048
10.653179
10.580514
10.728664
10.837526
10.594432
10.675643
10.615472
10.613546
11.226346
10.530652
10.636376
10.554450
10.768691
10.592276
10.683282
10.625972
10.520552
10.713743
10.616115
10.757299
10.641326
10.618056
11.029160
10.915093
10.767528
10.722784
10.660077
10.831271
10.547963
10.772418
10.720240
10.629815
10.558923
10.767739
10.558150
10.911335
10.621262
10.740699
10.732595
10.619082
10.723797
10.658760
10.525986
10.648443
10.725163
10.819523
10.543179
10.634070
10.556608
10.658755
10.685776
10.823979
10.649505
10.730583
10.628896
10.621538
10.665545
10.573151
10.563847
10.898925
10.704419
10.641507
10.635889
10.535375
10.968822
10.741761
10.738807
10.741815
10.553353
10.581002
10.835703
10.685526
10.529347
10.644225
10.625623
10.768213
10.683647
10.700877
10.620348
10.796839
10.892713
10.663363
10.739352
10.637055
10.886753
10.719009
10.669980
10.447476
10.501069
10.637662
10.743771
10.647795
10.606423
10.842692
10.628705
10.712148
10.611827
10.645936
10.644287
10.808537
10.515612
10.645656
10.786119
10.842772
10.671841
10.540924
10.840925
10.832562
10.847219
10.902870
10.744576
10.595030
10.407475
10.551645
10.710875
10.625478
10.550691
10.855060
10.656802
10.655235
10.383920
10.529141
10.622961
10.606143
10.491392
10.611088
10.673853
10.635593
10.579239
10.874833
10.765870
10.754585
10.482805
10.715531
10.699032
10.711108
10.635080
10.717139
10.677998
10.730768
10.968775
10.700734
10.801222
10.419680
10.683120
10.879575
10.915209
10.760432
10.748546
10.619797
10.877660
10.544773
10.810121
10.722396
10.763401
11.029076
10.760244
11.497873
10.617527
10.564439
11.025957
10.850282
10.850454
10.690762
10.667259
10.530121
10.525222
10.897741
10.831558
10.820723
11.118596
10.715309
10.909495
10.601636
10.813473
10.941785
10.837107
10.724207
10.587430
10.769179
10.588205
10.759866
10.655313
10.600623
10.578908
10.695539
10.697784
10.475857
10.779157
10.593088
10.909614
10.784318
10.725503
10.605227
10.970663
10.662684
10.760465
10.908181
10.752711
10.782080
10.543813
10.664549
10.824345
10.699738
10.609230
10.690204
10.772352
10.656701
10.625497
10.492750
10.545045
10.643862
10.769926
10.664451
10.603130
10.847130
10.595434
10.628299
10.605271
10.858917
10.613269
10.932104
10.667885
10.750084
10.595888
11.007894
10.645567
11.070840
10.793101
10.562183
10.893925
10.721078
11.093345
10.352015
10.646231
10.607773
10.647903
10.745707
10.793224
10.794743
10.671530
10.517306
10.718224
10.790772
10.675818
10.756303
10.741523
10.772630
10.616664
11.009507
10.741003
10.754361
10.723517
10.610569
10.582760
10.600921
10.561199
10.624314
10.790174
10.969757
10.792749
10.577720
10.709065
10.752887
10.404568
10.363506
10.836568
10.556601
10.701761
11.039638
10.664725
10.630858
10.594436
10.764093
10.732864
10.556699
10.679023
10.611340
10.934947
10.779837
10.682883
10.841399
11.011540
11.493417
10.956194
10.612740
10.628807
10.766872
10.610066
10.698094
10.599507
10.561664
10.703237
10.764433
10.840481
10.774798
10.780423
10.755403
10.802711
10.579156
10.641786
10.634303
10.620627
10.888907
10.558768
10.873433
10.805061
10.569572
10.662960
10.669385
10.700169
10.693510
10.691149
10.898626
10.720073
10.593907
10.756803
10.730108
10.537400
10.473957
10.630704
10.777404
10.942361
10.682113
10.699601
10.649190
10.495597
10.764043
10.631084
10.676284
10.658955
10.770301
10.506979
10.828795
10.757094
10.813579
10.780304
10.623452
10.749138
10.602434
10.690119
10.675973
11.801655
10.851218
10.866321
10.722924
10.346250
10.615062
10.648600
10.548639
10.753782
10.694299
10.743758
10.672612
10.685422
10.685545
10.669089
10.561110
10.815707
10.584449
10.701063
10.513533
11.041547
10.686034
10.753003
10.696668
11.023480
10.650496
10.758417
10.778088
10.672815
10.726886
10.503307
10.577619
10.662997
10.676325
10.491520
10.623778
10.656791
10.657962
10.721320
10.817469
10.817203
10.653493
10.702691
10.933157
10.624581
10.748360
10.828305
10.781192
10.912447
10.725877
10.821802
10.515522
10.619892
10.470336
10.679447
10.669834
10.799673
10.721558
10.680572
10.762680
10.656431
10.808775
10.685906
10.438343
10.719811
10.737502
10.543919
10.552888
10.609172
10.937456
10.966154
10.757514
10.956175
10.641351
10.755637
10.630616
10.676457
10.673705
10.713433
10.565585
10.933944
10.832288
10.711003
10.505345
10.865638
11.035768
10.690384
10.594017
10.642961
10.540122
10.972614
10.628550
10.653877
10.477086
10.673905
10.417182
10.698366
10.671692
10.908554
10.657206
10.697866
10.682813
10.928352
10.766760
10.688922
10.709356
10.642464
10.562073
10.644680
10.612864
10.732040
10.798202
10.754247
10.609479
10.627672
10.788834
10.616727
10.914511
10.989551
10.735228
10.586318
10.838045
10.560245
10.630166
10.599174
10.666824
10.673790
10.823043
10.829497
10.620540
10.603224
10.672675
10.402200
10.782692
10.493195
10.647637
10.749253
10.568708
10.853048
10.477503
10.639906
10.827482
10.716295
10.651466
10.825999
10.921995
10.634336
10.781809
10.712115
10.614437
10.564844
10.861698
10.747829
10.632798
10.742171
10.718486
10.624647
10.576381
11.331863
10.945685
10.596479
10.753287
10.720844
10.801198
10.638640
10.686218
10.570826
10.491190
10.644585
10.793911
10.549981
10.816924
10.570851
10.800720
11.034242
10.617303
10.511800
10.513419
10.887653
10.574173
10.594826
10.815688
10.865519
10.703636
10.953806
10.745769
10.710155
10.735492
10.599651
10.696259
10.498219
10.684157
10.626177
10.585197
10.623852
10.505205
10.806965
10.505735
10.587956
10.549800
10.525751
10.809620
10.611731
10.791301
10.892838
10.711730
10.728063
10.616514
10.581047
10.809995
10.818100
10.645327
10.766286
10.805446
10.548918
10.613289
10.570155
10.640380
10.637592
10.642787
10.714709
10.617780
10.771489
10.953688
10.649051
10.741254
10.645570
10.643358
10.605098
10.547054
10.587910
10.763179
10.852967
10.652793
10.585363
10.605153
11.012457
10.598572
10.795236
10.694050
10.706858
10.798411
11.264247
10.458063
10.617544
10.647861
10.847253
10.657925
10.657631
10.708992
10.782399
10.513862
10.616856
10.536654
10.936475
10.525599
10.580430
10.749651
10.641537
10.707407
10.526924
10.768033
10.620719
10.817188
10.735472
10.661034
10.474988
10.545273
10.782315
10.588813
10.670315
10.615661
10.594004
10.694600
10.842422
10.738498
10.648437
10.388765
10.885439
10.645127
10.862636
10.661994
10.812774
10.758439
10.927414
10.652671
10.712545
10.968865
10.784937
10.605042
10.531628
10.804257
10.996324
10.626870
10.645926
10.666968
10.958722
10.719805
10.713843
10.799360
10.848310
10.700493
10.531232
10.805141
10.595930
10.696765
10.740475
10.781640
10.670052
10.712937
10.623107
10.623905
10.954199
10.632671
10.755145
10.654440
10.505330
10.617123
10.653571
10.808685
10.463593
10.807706
10.469756
10.587324
10.950778
10.430469
10.735482
10.577123
10.644699
10.618551
10.455808
10.488757
10.549965
10.613851
10.760139
10.580904
10.803690
10.592809
10.681797
10.602810
10.605744
10.748560
10.735446
10.621828
10.646985
10.795932
10.640566
10.781658
10.451905
10.615131
10.620389
10.755979
10.475917
10.485235
10.773244
10.802637
10.734734
11.025845
10.877877
10.804775
10.702508
10.815248
10.703402
10.442318
10.635692
10.665579
10.505813
10.573489
10.739630
10.728536
10.538653
10.719778
10.848454
10.712386
10.735479
10.546312
10.614246
10.757299
10.725299
10.742759
10.766705
10.626899
10.684662
10.607409
10.542395
10.726074
10.794722
10.807578
10.617681
10.864124
10.506060
10.611260
10.779139
10.680613
10.743205
10.646109
10.585331
10.823551
10.978121
10.656825
10.609909
10.734311
10.763097
10.695083
10.764508
10.630215
10.648003
10.747986
10.669517
10.457857
10.611835
10.778968
10.654666
10.532363
10.461513
10.805128
10.868642
10.789237
10.757715
10.728493
10.596254
10.759380
10.659686
10.600057
10.510163
10.857941
10.765138
10.558633
10.604824
10.985402
10.635909
10.772140
10.436377
10.517237
10.717630
10.379462
10.561789
10.728981
10.781162
10.607938
10.847220
10.578422
10.846615
10.758892
10.757010
10.560804
10.785590
10.835718
10.577766
10.700856
10.686412
10.740836
10.974077
10.866697
11.096940
10.434063
10.792401
10.553057
10.709695
10.921637
10.499709
10.692079
10.625704
10.729840
10.663391
10.734651
10.805365
10.611639
10.673926
10.688854
11.003440
10.676362
10.826542
11.021296
10.654630
10.561937
10.733321
10.574538
11.086028
10.553038
10.644587
10.700018
10.698444
10.739524
10.725283
10.601270
10.722587
11.192570
10.927403
10.826058
10.671465
10.640979
10.758606
10.649056
10.675926
10.693790
10.748189
10.721347
10.757211
11.020764
10.540997
10.719421
10.929606
10.742351
10.638041
10.670912
10.694203
10.798457
10.755002
10.730035
10.723652
10.624982
10.641531
10.715567
10.903602
10.601498
10.856896
10.594569
10.892772
10.823839
10.581059
10.725928
10.574100
10.752953
10.912592
10.687314
10.668703
10.677041
10.859405
10.715584
10.917100
10.727563
10.481938
10.592590
10.620107
10.652370
10.645671
10.594800
10.656785
10.380397
10.876822
10.668600
10.569633
10.654257
10.648717
10.674799
10.982360
10.672184
10.903356
10.622124
10.551538
10.678694
10.675832
10.756508
10.846181
10.663666
10.659858
10.827305
10.927215
10.664741
10.703790
10.987730
10.537791
10.582911
10.598266
10.723153
10.622384
10.948005
10.848653
10.676766
10.796936
10.772771
10.538681
10.705395
10.800064
10.657424
10.500488
10.738134
10.709518
10.882034
10.612029
10.610036
10.788313
10.709626
10.730340
10.806447
10.702500
10.605593
10.793218
10.644363
10.676814
10.724595
10.729143
10.701508
10.769890
10.631492
10.716925
10.750330
10.747643
10.789677
10.673479
10.563825
10.500112
10.711709
10.669311
10.475516
10.621764
10.518143
10.640288
10.738745
10.507443
10.605758
10.520902
10.655232
10.792728
10.542132
10.690985
10.555961
10.650033
10.640527
10.924239
10.996731
10.609159
10.617441
10.713664
10.699116
10.386669
10.867710
10.759590
10.566512
10.829166
10.475731
10.701391
10.780411
10.670587
10.718511
10.640390
10.775141
10.790670
11.058056
10.788699
10.646238
10.714358
10.681993
10.739163
10.342276
10.566174
10.755152
10.596071
10.675349
10.871476
10.613098
10.558774
10.635994
10.582237
10.379316
10.336529
10.927711
10.752999
10.557348
10.687542
10.664186
10.634176
10.661720
10.829121
11.034401
10.556233
10.611058
10.696499
10.920803
10.653191
10.590912
10.653761
10.579546
10.658501
10.932024
10.748946
10.620867
10.685272
10.719528
10.754720
10.663002
10.612666
10.754824
10.715199
10.577897
10.618290
10.702370
10.667365
10.541213
10.575754
11.077524
10.469508
10.713063
10.616754
10.798248
10.577000
10.691864
10.728219
10.603379
10.979553
10.775910
10.644845
10.740886
10.889799
10.900803
10.940947
10.499738
10.845353
10.833242
10.890118
10.646698
10.680718
10.534142
10.618164
10.746371
10.693076
10.751154
10.736408
10.663485
10.605112
10.937811
10.700405
10.745256
10.775451
10.603241
10.437616
10.888810
10.657836
10.795199
10.753958
10.728596
10.796173
10.571054
10.835374
10.723638
10.748027
10.763750
10.599318
10.603340
10.633554
10.577430
10.722899
10.863218
10.808754
10.515171
10.838236
10.761049
10.684263
10.540317
10.789424
10.660141
10.537543
10.566682
10.815090
11.002716
10.805360
10.787381
10.639576
10.623023
10.496318
10.469896
10.778218
10.843412
10.626440
10.715739
10.493043
10.577660
10.688110
10.609017
10.838964
11.010271
10.804803
10.585939
10.586151
10.819785
10.985069
10.733569
10.835561
10.780865
10.748984
10.633660
10.606777
10.548767
10.760181
10.547629
10.826096
10.588111
10.661297
10.557340
10.735242
10.563383
10.414260
10.768457
10.781074
10.865148
10.555527
10.716561
10.519382
10.696246
10.641674
10.560514
10.698539
10.727129
10.750297
10.673574
10.882368
10.961448
10.694379
10.586827
10.610951
10.559141
10.836127
10.815593
10.680526
10.682954
10.722653
10.846801
10.489082
10.914739
10.647327
10.740721
10.492242
10.610131
10.564397
10.781834
10.470080
10.631077
10.580434
10.654049
10.746736
10.570020
10.724701
10.714892
10.752503
10.637085
10.598494
10.692330
10.815824
10.917807
10.818557
10.789982
10.624165
10.588870
10.657927
10.856408
10.843640
10.515089
10.864047
10.872294
10.828234
10.928583
10.591069
10.605256
10.606202
10.602999
10.539753
10.976040
10.792684
10.413278
10.697093
10.698819
10.969694
10.931375
11.028175
10.498344
10.729804
10.643264
10.760414
10.643059
10.590619
10.668515
10.668960
10.864931
10.712896
10.787964
10.721190
10.994231
11.424370
10.969314
10.662883
10.694055
10.995704
10.764141
10.584088
10.515386
10.695013
10.867979
10.704294
10.932954
10.572352
10.557597
10.636495
10.663976
10.693370
10.734993
10.695461
10.687671
10.660772
10.643196
10.542034
10.615315
10.748541
10.670042
10.639911
11.099931
10.593098
10.935036
10.847636
10.534750
10.769342
10.842990
10.579565
10.580636
10.912608
10.622874
10.464209
10.589882
10.857041
10.764029
10.461323
10.875595
10.617601
10.753670
10.714096
10.866503
10.714458
10.565037
10.649401
10.738006
10.481620
10.709760
10.681703
10.480245
10.497102
10.574903
10.735310
10.634553
10.628727
10.799070
10.453075
10.645546
10.697467
10.597131
10.785426
10.733215
10.525151
10.376681
10.773581
10.759658
10.696665
10.545264
10.530560
10.648499
10.944661
10.425247
10.671634
10.501469
10.635094
10.705790
10.677237
10.693326
10.792407
10.719067
10.792537
10.919037
10.768176
10.940336
10.627989
10.654733
10.595033
10.608924
10.816341
10.739639
10.903250
10.764051
10.988069
10.718943
10.685210
10.635523
10.610220
10.911642
10.677931
10.569162
10.772776
10.656114
10.695002
10.676996
10.544007
11.156223
10.613165
10.523381
10.517441
10.570252
10.727082
10.955036
10.828226
10.880168
10.780661
10.714166
10.704321
10.782858
10.610311
10.630675
10.753170
10.646055
10.697685
10.678266
10.883666
10.658971
10.692566
10.766078
10.625943
10.490213
10.636825
10.601541
11.084357
10.656339
10.698604
10.519822
10.591245
10.959379
10.807042
10.771228
10.619622
11.016663
10.796094
10.856817
10.684181
10.550563
10.665266
10.751648
10.729914
11.025608
10.710131
10.677327
10.620650
10.551565
10.467298
10.830661
10.612030
10.492447
10.588251
10.862948
10.841459
10.701214
10.886550
10.667969
10.662562
10.752241
10.691110
10.654648
10.811320
10.803107
10.628543
10.741226
10.657783
10.738688
10.831207
10.766112
10.496534
10.749531
10.630262
10.569148
10.499962
10.760298
10.519772
10.596917
10.810840
10.589590
10.588732
10.769212
10.762963
10.678168
10.674607
10.745641
10.789620
10.662923
10.611822
10.766555
10.648566
10.727429
10.683853
10.715630
10.731948
10.766389
10.955798
10.623877
10.735982
10.577162
10.676146
10.703516
10.730690
10.500529
10.722853
10.938705
10.614572
10.689705
10.719099
10.557468
10.750843
10.431444
10.575299
10.874267
10.915468
10.669309
10.880447
10.289482
10.647313
10.674197
10.589058
10.576507
10.619666
10.617052
11.064612
10.757349
10.704476
10.650493
10.652494
10.644665
10.707882
10.718265
10.611428
10.615995
10.634870
10.929667
10.745340
10.824725
10.606107
10.505667
10.459418
10.625278
10.771758
10.513918
10.651991
10.775410
10.653691
10.584422
10.564477
10.955883
10.648635
11.262988
10.616892
10.624356
10.436141
10.739430
10.642847
10.889083
10.658119
10.782347
10.605974
10.732459
10.652618
10.577797
10.697829
10.825127
10.730246
10.778444
11.052227
10.968552
10.991383
10.646234
10.859884
10.954752
10.569509
10.655272
10.710411
11.063060
10.950444
10.535284
10.785378
10.560495
10.713509
10.698692
10.702647
10.776591
10.668187
10.471827
10.501756
10.640092
10.799065
10.828998
10.806295
10.693934
10.758399
10.794041
10.662855
10.784841
10.556624
10.567588
10.734057
10.838681
10.839854
10.679015
10.719938
10.483049
10.404544
11.013804
10.769241
10.826683
10.500439
10.521136
10.782866
10.591116
10.570601
10.729028
10.601517
10.805494
10.664240
10.737114
10.596801
10.659043
10.955609
10.865809
10.501397
10.879612
10.765589
10.674320
10.577459
10.807303
10.723478
10.683347
10.919619
10.586396
10.863547
10.411012
10.647961
10.520757
10.766437
10.717677
10.594656
10.483532
10.603967
10.545200
10.887670
10.684653
10.501716
10.683692
10.819729
10.658158
10.565328
10.571843
10.746114
10.613480
10.604308
10.928157
10.618665
10.576851
10.644678
10.792078
10.874946
10.560433
10.833670
10.538127
10.690669
10.924084
10.530975
10.442997
10.687904
10.607800
10.690553
10.821824
10.797703
10.677151
10.720350
10.821306
10.682652
10.759770
10.558332
10.688183
10.859258
10.834780
10.764565
10.624478
10.822757
10.780874
10.704456
10.983835
10.659600
10.558878
10.655848
10.734781
10.408588
10.505927
10.516412
10.572231
10.872800
10.953519
10.859248
10.944357
10.737910
10.747060
10.740093
10.611087
10.786816
10.829578
10.807786
10.793270
10.581111
11.019116
10.651122
10.473039
10.724175
10.610294
10.932454
11.249431
10.694393
10.824551
10.725413
10.808370
10.961265
10.941308
10.629872
10.564334
10.591357
10.378370
10.593408
10.774536
10.685913
10.695394
10.718137
10.715444
10.752309
10.608675
10.862551
10.664395
10.716257
10.681550
10.824261
10.741072
10.883261
10.570513
10.686395
10.707691
10.440325
10.770868
10.702350
10.631458
10.647518
10.994515
10.602422
10.685250
10.518076
10.759603
10.611392
10.511580
10.704151
11.026772
10.873759
10.769656
10.670761
10.621220
10.677022
10.587016
10.723807
10.528031
10.680794
10.587856
10.656388
10.745765
10.678221
10.530717
10.677050
10.532117
10.663030
10.962470
10.579480
10.801426
10.572998
10.651726
10.604544
10.761685
10.737980
10.899296
11.178709
10.891781
10.872427
10.812342
10.428170
10.561101
10.599023
10.725609
10.712907
10.616754
10.827858
10.622830
10.767502
10.709813
11.165879
10.634316
10.768311
10.586566
10.690873
10.747964
10.689259
10.560975
10.570328
10.559173
10.563195
10.565908
10.832286
10.631873
10.845021
10.809834
10.659308
10.582213
10.581388
10.530014
10.736582
10.560984
10.390498
10.953355
10.774672
10.821964
10.515202
10.557331
10.572629
10.630855
10.795517
11.025665
10.730494
10.757552
10.749406
10.655570
10.723864
10.603445
10.561977
10.675745
10.574558
10.655818
10.604391
10.817739
10.892530
10.727295
10.670210
10.758327
10.598455
10.491162
10.591894
10.905931
10.637784
10.792043
10.515443
10.898317
10.793163
10.839420
10.723350
10.841780
10.756037
10.725089
10.372988
11.014411
10.667181
10.672181
10.839782
10.654020
10.706474
10.657320
10.542821
10.683112
10.756055
10.670064
10.658124
10.728055
10.617244
10.591330
10.940877
10.731299
10.587762
10.722957
10.552251
10.792044
10.563848
10.539153
10.798623
10.682134
10.804487
10.610884
10.678465
10.408191
10.719539
10.858978
10.543950
10.586489
10.847209
10.657453
10.539160
10.699736
10.475185
10.525167
10.589388
10.535884
10.623845
10.659573
10.949298
10.735463
10.689225
10.917509
10.826058
10.864874
10.791627
10.743056
10.591602
10.620216
10.613487
10.842176
10.729532
10.554482
10.749281
10.573791
10.622200
10.731495
10.870907
10.564912
10.899354
10.919621
10.756927
10.626871
10.871794
10.639451
10.632648
10.828956
10.749576
10.893851
10.759341
10.666528
10.622671
10.421951
10.488404
10.636609
10.795447
10.845484
10.992808
10.689251
10.754052
10.596309
10.750853
10.763216
10.692573
10.880407
10.654977
10.765118
10.595503
10.732966
10.769801
10.510513
10.732222
10.545431
10.840415
10.690876
10.719387
10.524971
10.830267
10.531926
10.690488
10.496165
10.697231
10.666547
10.683099
10.621417
10.706845
10.692175
10.688108
10.886370
10.604387
10.713769
10.744916
10.499208
10.549447
10.783328
10.800423
10.577872
10.764893
10.848139
10.764814
10.570765
10.791845
10.863195
10.874475
10.957751
10.673538
10.691057
10.751592
10.700005
10.891148
10.426729
10.615481
10.790486
10.674362
10.969093
10.622523
10.520124
10.623928
10.716943
10.921562
10.822741
10.672682
10.608057
10.795967
10.801614
10.923997
10.730622
10.854738
10.586510
10.700469
10.403125
11.117501
10.717646
10.715380
10.586167
10.645378
10.588006
10.782927
10.675972
10.617217
10.792175
10.706520
10.578344
10.566501
10.505014
10.675254
10.819469
10.846291
10.510081
10.684313
10.566959
10.673843
10.488196
10.649607
10.521222
10.698372
10.643287
10.805002
10.563884
10.937505
10.791721
10.677252
10.903396
10.750166
10.844022
10.598837
10.544759
10.592295
10.644968
10.707706
10.624965
10.508576
10.853620
10.557904
10.443549
10.747918
10.875386
10.601212
10.920381
10.630780
10.824436
10.684734
10.862902
10.616053
10.688165
10.877174
10.894377
10.723550
10.866620
10.491335
10.688852
10.774283
10.609551
10.743422
10.642632
10.574645
10.899451
10.846502
10.905157
10.797818
10.916669
10.622145
10.736214
10.664369
10.695089
10.709980
11.195321
10.895386
10.784113
10.529223
10.738115
10.814885
10.711366
10.829718
10.779924
10.770911
10.595544
10.937253
10.959826
10.837179
10.650798
10.785001
10.783790
10.454400
10.637827
10.854495
10.732738
10.996182
10.627951
11.027397
10.594321
10.763963
10.775668
10.783671
10.664333
10.434049
10.671664
10.712070
10.722486
10.913583
10.807422
10.782274
10.894564
10.729509
10.662797
10.789641
10.752879
10.527758
10.565437
10.660770
10.580748
10.851756
10.599479
10.684074
10.467197
10.867197
10.607990
10.581594
10.654382
10.660205
10.576599
10.771517
10.605922
10.684978
10.676619
10.889521
10.625391
10.732628
10.574686
10.844350
10.610106
10.763825
10.735635
10.799402
10.986770
10.573373
10.711868
10.918680
10.757684
10.736198
10.678841
10.662267
10.733693
10.691014
10.706206
10.783590
10.788168
10.824755
10.692908
10.751946
10.645083
10.766857
10.926607
10.754771
10.560462
10.741041
10.516172
10.778265
10.546799
10.588781
11.005213
10.595061
10.834346
10.754080
10.604793
10.857200
10.722396
10.562430
10.831959
10.778641
10.830105
10.521548
10.709512
10.971909
10.648319
10.772548
10.728910
10.678333
10.489377
10.872115
10.918116
10.693354
10.530309
10.597183
10.793104
10.551288
10.504499
10.682908
10.676350
10.744328
10.646409
10.963702
10.771628
10.648759
10.690463
10.728483
10.850934
10.751437
10.633359
10.762905
10.684634
10.551055
10.673277
10.684851
10.628528
10.794657
10.555900
10.621433
10.519077
10.399192
10.657682
10.903254
10.475910
10.647197
10.937860
10.884119
10.836943
10.580630
10.556399
10.633746
10.660306
10.597901
10.672440
10.761284
10.975770
10.788087
10.876448
10.539548
10.668160
10.794009
10.604246
10.652073
10.720359
10.638147
10.909745
10.578792
10.931250
10.747365
10.719707
10.928307
10.645660
10.748858
10.925182
10.778918
10.692873
10.708804
10.682761
10.895572
10.802932
10.818519
10.847202
11.047975
10.714158
10.687264
10.518966
10.635804
10.642727
10.795123
11.049837
10.781195
10.526395
10.443120
10.669872
10.887629
10.417569
10.726186
10.915547
10.599029
10.800631
10.661246
10.859490
10.617811
10.783526
10.772971
10.774268
10.705527
10.724699
10.470847
10.903614
10.857613
10.701947
10.823461
10.627875
10.878581
10.588797
10.841385
10.686551
10.695841
10.615226
10.660078
10.716954
10.709933
10.464957
10.727547
10.565724
10.762672
10.696130
10.834450
10.424435
10.753653
10.609636
10.581180
10.745968
10.700338
11.064541
10.660183
10.786195
10.726506
10.779267
10.536263
10.678861
10.907931
10.879933
11.029585
10.700247
10.581316
10.662504
10.709377
10.664381
10.714915
10.708051
10.751138
10.643065
10.854515
10.743181
10.799441
10.784733
10.874147
10.529678
10.641224
10.676691
10.659645
10.593461
10.773756
10.571617
10.741547
10.739864
10.706191
10.754434
10.695086
10.669586
10.728794
10.877684
10.489865
10.974144
10.822580
10.643953
10.696246
10.485298
10.425236
10.881437
10.628227
10.665165
10.563114
10.873928
10.650348
11.003403
10.634866
10.652337
10.595921
10.891231
10.882022
10.652854
10.643586
10.647344
10.824589
10.526980
10.664843
10.672502
10.690864
10.681994
10.524997
10.598013
10.522574
10.553983
10.472205
10.645009
10.772955
10.874733
11.020946
10.640765
10.648856
10.952925
10.779719
10.629013
10.864301
10.748901
10.829694
10.766781
10.785933
10.696915
10.784253
10.501609
10.937383
10.769804
10.451712
10.516610
10.744304
10.566760
10.550241
10.804091
10.650381
10.668229
10.575785
10.779421
10.638667
10.568989
10.634041
10.672289
10.882585
10.474914
10.803244
10.699000
10.662856
10.920960
10.753753
10.792845
10.675313
10.774147
10.575020
10.921539
10.795211
10.797506
10.716246
10.710804
10.457882
10.869663
10.678296
10.514622
10.653856
10.774630
10.599641
10.780737
10.647919
10.624458
10.990593
10.864762
10.740882
10.750870
10.443927
10.794543
10.729955
10.700922
10.877580
10.687572
10.798673
10.589202
10.924941
10.643278
10.583578
10.508648
10.704987
10.758406
10.597083
10.585617
10.680245
10.831640
10.757134
10.697594
10.722567
11.079487
10.948222
10.639881
10.745878
10.716318
10.597020
10.622859
10.798901
10.765728
10.956749
10.776974
10.489298
10.486844
10.788580
10.797779
10.598144
10.859009
10.770046
10.764374
10.815792
10.918881
10.642397
10.746145
10.657268
10.856397
10.548382
10.616930
10.536358
10.821879
10.774254
10.650595
10.692412
10.794375
10.951762
10.698909
10.764979
10.823959
10.648043
10.916670
10.643270
10.695169
10.705427
10.738672
10.771942
10.730711
10.633393
10.632232
10.658772
10.567098
10.521346
10.488910
10.796474
10.765022
10.679545
10.759971
10.932806
10.692165
10.978331
10.416802
10.731854
10.754767
10.832309
10.667684
10.774224
10.740446
10.619457
10.864922
10.781998
10.851112
10.692995
10.736851
10.525385
10.732657
10.697574
10.667623
10.459259
10.535260
10.835319
10.728306
10.681633
10.946852
10.607270
10.936404
10.730352
10.568652
10.816696
10.485926
10.528193
10.702148
10.964181
10.926465
10.532535
10.913973
10.738385
10.652848
10.651638
10.561028
10.538859
10.820217
10.807241
10.685405
10.538088
10.883600
10.668767
10.843379
10.977464
10.883753
10.668122
10.701682
10.655937
10.773406
10.646581
10.651011
10.770182
10.390140
10.576890
10.560260
10.703971
10.596024
10.884717
10.639559
10.696351
10.614664
10.737753
10.687379
10.529579
10.670456
10.905249
10.651128
10.973439
10.666797
10.823593
10.772370
10.937665
10.624195
10.764661
10.591880
10.627977
10.645310
10.770078
10.589732
10.622207
10.710978
10.699233
10.729139
10.567395
10.886760
10.822090
10.734541
10.770545
10.788530
10.813912
10.666499
10.744221
10.629941
10.701117
10.706274
10.886554
10.720475
10.574663
10.952268
10.473494
10.481548
10.630840
10.727714
10.652322
10.658177
10.597564
10.634006
10.759519
10.769831
10.819177
10.812574
10.789770
10.584126
10.513738
10.564768
10.733350
10.527396
10.606554
10.691828
10.537340
10.714401
10.793032
10.688504
10.455758
10.786754
10.716763
10.793791
10.589381
10.603303
10.777302
10.949426
10.461179
10.555970
10.620517
10.669191
10.887952
10.667018
10.432232
10.666642
10.674127
10.671561
10.739382
10.724481
10.661414
10.807892
10.589654
10.657094
10.668717
10.456294
10.636389
10.695753
10.770930
10.575258
10.470712
10.808452
10.906730
10.871332
10.642703
10.667745
10.557752
10.757118
11.375548
10.551821
11.193223
10.654681
10.716231
10.612584
10.614557
10.832127
10.733971
10.727812
10.619827
10.632824
10.591847
10.592781
10.560067
10.885677
10.863299
10.578178
10.838650
10.506853
10.553245
10.671730
10.598807
10.895700
10.807706
10.452489
10.971675
10.672014
10.749610
10.765826
11.009997
10.875850
10.599273
10.844285
10.808084
10.823442
10.642775
10.568523
10.811258
10.670173
10.531694
10.824858
10.605288
10.817754
10.915244
10.512372
10.550485
10.396964
10.746282
10.714715
10.418484
10.850190
10.578935
10.771693
10.745619
10.707853
10.588084
10.690536
10.562446
10.548184
10.759556
10.668292
10.587389
10.977632
10.807431
10.581967
10.548978
10.638627
10.897878
10.947420
11.100542
10.607689
10.951066
10.973731
10.908895
10.821317
10.645858
10.642056
10.507178
10.522343
10.829733
10.723341
10.774631
10.690782
10.730364
10.794670
10.821248
10.607829
10.459152
10.726135
10.811584
10.550928
10.606917
10.648710
10.759769
10.421518
10.621593
10.849576
10.601003
10.635282
10.689424
10.567500
10.820452
10.604267
10.807730
10.979252
10.726550
10.771442
10.672958
10.778554
10.684606
10.698818
10.655912
10.691711
10.691918
10.908118
10.615624
10.467110
10.648579
10.824744
10.661354
10.742587
10.666559
10.761421
10.687827
10.841808
10.615516
10.461461
10.788066
10.458099
10.836796
10.795506
10.598463
10.845057
10.675192
10.578189
10.546982
10.612824
10.517923
10.678388
10.895142
10.734995
10.547772
10.765033
10.540660
10.682384
10.904659
10.640353
10.663518
10.565172
10.613362
10.641529
10.560203
10.579812
10.765145
10.685437
10.759123
10.642968
10.589305
10.775785
10.991019
10.993015
10.719348
10.686428
10.686731
10.784505
10.700513
10.520937
10.623184
10.583744
10.610664
10.639674
10.768729
10.698320
10.872819
10.784085
10.710690
10.996894
10.653471
10.618819
10.752008
10.731230
10.848998
10.707376
11.009249
10.841716
10.640737
10.852527
10.663398
10.651494
10.586460
10.659138
10.696094
10.684496
10.869567
10.686559
10.642509
10.582445
10.534871
10.674799
10.598981
10.626610
10.680374
10.946418
10.492502
10.557230
10.459279
10.747466
10.705641
10.841635
10.933097
10.670272
10.684555
10.816949
10.697315
10.501375
10.648024
10.534558
10.722993
10.462906
10.866317
10.545245
10.962739
10.719302
10.747536
10.754471
10.581062
10.791050
10.676242
10.658170
10.734990
10.475548
10.680391
10.810042
10.781237
10.624701
10.803294
10.847133
10.613358
10.594678
10.741044
10.902666
10.913519
10.790943
10.791071
10.592348
10.664672
10.659334
10.459575
10.610862
10.553059
10.585148
10.768918
10.591780
10.648001
10.599626
10.985025
10.869187
10.716667
10.665855
10.862134
10.614454
10.717812
10.498140
10.706683
10.856936
10.741979
10.651024
10.711330
10.836017
10.479136
10.704740
10.666296
10.654736
10.734221
10.901642
10.610862
10.670831
10.653674
10.639983
10.575923
10.869713
10.864732
10.509023
10.825117
10.516694
10.532754
10.532390
10.834223
10.667621
10.808848
10.690024
10.626082
10.517127
10.620148
10.595541
10.755901
10.854811
10.913723
10.312789
10.691735
10.878453
10.922141
10.753815
10.845296
10.830281
10.731565
10.688281
10.568555
10.713015
10.584634
10.697725
10.788986
10.387022
10.601668
10.740695
10.570820
10.617845
10.665350
10.843115
10.595990
10.638961
10.743186
10.618285
10.856806
10.568967
10.708210
10.686027
10.497103
10.729743
10.518629
10.799784
10.601836
10.760216
10.677368
10.609899
10.831659
10.550884
10.832698
10.881105
10.793113
10.671456
10.735092
10.474533
10.535519
10.647224
10.642103
10.699954
10.660074
10.852157
10.584265
10.640314
10.635571
10.658705
10.674108
10.702610
10.804866
10.542621
10.824689
10.791838
10.856224
11.034883
10.827492
10.619071
10.304206
10.648384
11.083103
10.882735
10.825827
10.637070
10.392513
10.681003
10.868224
10.827108
10.539667
10.680898
10.725567
10.754833
10.577792
10.682731
10.841777
10.845272
10.538994
10.606730
10.800842
10.856211
10.792931
10.851348
10.692075
10.706410
10.799603
10.788755
10.665183
10.845513
10.714553
10.542300
10.715365
10.568627
10.549742
10.733663
10.742721
10.455623
10.684321
10.817056
10.639929
10.786878
10.829754
10.804336
10.968188
10.552901
10.832793
10.717403
10.691174
10.502195
10.848105
10.879538
10.772008
10.482395
10.671243
10.570206
10.575663
10.804305
10.703163
10.767560
10.587667
10.670858
10.385120
10.863169
10.957546
10.577827
10.678242
10.661274
10.673582
10.731143
10.781195
10.776870
10.594275
10.601395
10.715038
10.698804
10.571202
10.511306
10.728611
10.746495
10.566082
10.670534
10.674909
10.725051
10.617674
10.600211
10.629065
10.714448
10.576467
11.012877
10.437326
10.582443
10.722917
10.654436
10.717687
10.790731
10.550539
10.678487
10.812843
10.684515
10.747596
10.751450
10.588125
10.656231
10.872265
10.542622
10.733621
10.506894
10.550354
10.757395
10.981977
10.724021
10.814415
10.530925
10.766113
10.642402
10.669241
10.708207
10.792184
10.768419
10.455004
10.814511
10.743480
10.339434
10.524944
10.546183
10.854951
10.783055
10.632155
10.920965
10.977936
10.730264
10.584082
10.834478
10.688798
10.522287
10.797677
10.670675
10.712167
10.684812
10.641983
10.446552
10.794013
11.031058
10.622515
10.702371
10.498010
10.729962
11.098063
10.741294
10.796248
10.799913
10.596788
10.761816
10.598808
10.512430
10.916163
10.549520
10.870617
10.720415
10.817068
10.864768
10.695481
10.845949
10.611904
10.544179
10.618666
10.697553
10.553794
10.472786
10.676116
10.560277
10.626699
10.708396
10.660726
10.840410
10.837489
10.785970
10.695765
10.509898
10.542423
10.522305
10.785755
10.610437
10.583421
10.582047
10.558279
10.582821
10.745270
10.771757
10.722501
10.904472
10.928973
10.789072
10.371577
10.599996
10.440582
11.105376
10.505420
10.679027
10.450766
10.824584
10.599058
10.788602
10.642293
10.601874
10.692743
10.624301
10.485821
10.493850
10.766463
10.777117
10.632236
10.902944
10.890947
10.739555
11.149979
10.741003
10.607920
10.758134
10.683309
11.086665
10.466837
10.801797
10.798108
10.853490
10.744961
10.837134
10.726601
10.612577
10.670941
10.534008
10.636087
10.696711
10.624645
10.956489
10.619608
10.858751
10.746334
10.646708
10.752769
10.703204
10.630286
10.760263
10.695332
10.573536
10.711222
10.753745
11.011319
10.566292
10.554085
10.708797
10.711890
10.815778
10.922295
10.590352
10.731475
10.766476
10.664884
10.580038
10.862649
10.874669
10.686236
10.685487
10.604842
10.415588
10.825961
10.668707
10.575109
10.720988
10.732243
10.709106
10.675708
10.760310
10.771898
10.858370
10.550899
10.836101
10.517648
10.663288
10.700592
10.612178
10.732448
10.645899
10.626647
10.617527
10.599919
10.585697
10.870824
10.794804
10.810042
10.858330
10.653342
10.847923
10.767465
10.857864
10.640565
10.817866
10.600673
10.709860
10.899173
10.498273
10.710079
10.739324
10.531893
10.587861
11.220292
10.816317
10.640542
10.716222
10.748516
10.537067
10.463773
10.644798
10.685713
10.881525
10.701452
10.815212
10.644871
10.767956
10.632018
10.920855
10.795076
10.676153
10.746994
10.511826
10.567235
10.522188
10.489724
10.558851
10.740874
10.694681
10.612124
10.810967
10.482216
10.773093
10.816603
10.800438
10.844407
10.809464
10.670370
10.667741
11.025115
10.853919
10.584955
10.984262
10.676032
10.734644
10.627747
10.675759
10.699256
10.476694
10.674851
10.787988
10.558411
10.427512
10.528700
10.467305
10.707275
10.681090
10.565657
10.758353
10.628543
10.751038
10.711824
10.756441
10.996380
10.868040
10.591608
10.637230
10.479535
10.621236
10.631575
10.908031
10.835506
10.803782
10.784941
10.566363
10.669139
10.906275
10.730489
10.622813
10.738906
10.678164
10.926647
10.644958
10.741207
10.862858
10.439254
10.585308
10.794201
10.806992
10.682142
10.993088
10.603799
10.497533
10.697770
10.692181
11.014532
10.642725
10.594364
10.731329
10.660896
10.770968
10.593825
10.561370
10.507441
10.771946
10.819882
10.541272
10.731593
10.606986
10.584901
10.518539
10.613152
11.111320
10.819528
10.735759
10.667664
10.693381
10.545795
10.722128
10.535441
10.784005
10.619696
10.679311
10.821907
10.717203
10.655006
10.770516
10.726763
10.807174
10.575047
10.776720
10.634849
10.820181
10.609086
10.973571
10.864150
10.800931
10.773790
10.629717
10.734734
10.727836
10.943448
10.741818
10.922586
10.537097
10.702604
10.993917
10.656192
10.817961
10.596818
10.818567
10.494665
11.138140
10.650600
10.687427
10.694228
10.873665
10.714950
10.463299
10.464102
10.816175
10.833539
10.812651
10.716130
10.736115
10.634504
10.526344
10.878058
10.658951
10.850874
10.787504
10.520787
10.755218
10.697380
10.754397
10.603559
10.643796
10.583731
10.788521
10.448927
10.533296
10.851256
10.762637
10.647728
10.443555
10.623963
10.672153
10.774661
10.776698
10.640413
10.853126
10.799606
10.729198
11.122806
10.793519
10.434780
10.757415
10.580457
10.774224
10.517339
10.691621
10.765543
10.910094
10.642554
10.660210
10.849072
10.822843
10.572087
10.806040
10.827412
10.532956
10.690604
10.723024
10.701280
10.732167
10.491273
10.453744
10.697877
10.697473
10.739783
10.508202
10.585997
10.809021
10.705497
10.796222
10.879983
10.860694
10.639436
10.727786
10.596510
10.653800
10.749583
10.652270
10.634712
11.032305
11.102737
10.930685
10.566508
10.789183
10.576567
10.696875
10.619790
10.592087
10.692518
10.471552
10.630212
10.841279
10.697730
10.721870
10.866464
10.653497
10.714184
10.504767
10.567222
10.900975
10.755744
10.637946
10.794326
10.834518
10.652023
10.602453
10.635197
10.829202
10.671629
10.636518
10.826786
10.778904
10.762895
10.633443
11.174004
10.648611
10.674468
10.562282
10.662161
10.864093
10.738802
10.638172
10.733919
10.695495
10.623181
10.667651
10.700470
10.494562
10.673333
10.690800
10.637331
10.731548
10.808108
10.984148
10.756475
10.571063
10.713898
10.689048
10.685458
10.865820
10.681742
10.714543
10.682832
10.553878
10.780528
10.658181
11.022959
10.605342
10.635428
10.490998
10.672059
10.630287
10.391582
10.657086
10.670245
10.500403
10.677776
10.628930
10.730619
10.620432
10.731847
10.678743
10.774474
10.716173
10.583383
10.538892
10.707800
10.461858
10.870218
10.722777
10.679047
11.013770
10.784509
10.625366
10.594627
10.647139
10.763580
10.737230
10.857552
10.665972
10.812887
10.664230
10.737978
10.722898
10.745897
10.850551
10.659746
10.704769
10.629296
10.562701
10.703909
10.709187
10.691078
10.847303
10.525846
10.690193
10.611439
10.785905
10.590393
10.571839
10.714476
10.576332
10.470130
10.623602
10.774986
10.750124
10.459377
10.710597
10.785986
10.641324
10.607814
10.730119
11.026760
10.784567
10.624427
10.894522
10.688943
10.679045
10.650664
10.828446
10.841015
10.546850
10.718917
10.567070
10.779865
10.825955
10.787149
10.681816
10.517898
10.945708
10.757968
10.951335
10.625050
10.747800
10.705184
10.631441
10.676211
10.871845
10.867143
10.665105
10.581419
10.642742
10.923804
10.957961
10.865391
10.655291
10.622285
10.637677
10.559833
10.853525
10.704891
10.780685
10.703242
10.593575
10.641434
11.009100
10.594461
10.552547
10.667544
10.391703
10.522485
10.631125
10.455058
10.473522
10.518762
10.658377
10.710800
10.726630
10.862947
10.535958
10.709787
10.662259
10.885563
10.733288
10.656266
10.750528
10.972033
10.486039
10.760309
10.442113
10.722613
10.781050
11.029404
10.568472
10.698329
10.652643
10.339815
10.571997
10.452660
10.594548
10.932663
10.602770
10.636238
10.862684
10.738283
10.820857
11.139580
10.778664
10.600636
10.642548
10.626674
10.613659
10.545315
10.581562
10.661127
10.909105
10.589082
10.582635
10.624307
10.690922
10.728881
10.961737
10.558148
10.613224
10.754942
10.648777
10.845527
10.595082
10.671434
10.850127
10.865440
10.710261
10.648939
10.859704
10.688373
10.692732
10.698934
10.840468
10.632750
10.829254
10.651522
10.697107
10.786476
10.706424
10.911116
10.786516
10.877520
10.744679
10.937401
10.612352
10.609563
11.191680
10.677167
10.580981
10.724197
10.542436
10.523099
10.653811
10.691121
10.289475
10.837152
10.749059
10.641569
10.624299
10.655992
10.705568
10.956974
10.758002
10.646084
10.711719
10.779200
10.839597
10.596016
10.665006
11.001066
10.797060
10.812339
10.525932
10.793123
10.588803
10.828497
10.900541
10.628886
10.484450
10.635902
10.641303
10.733179
10.740931
10.620183
10.639596
10.584706
10.943179
10.845577
10.552548
10.704387
10.548919
10.706781
10.612870
10.853710
10.718902
10.790397
10.751050
10.781863
10.699161
10.742285
10.697899
10.861148
10.721742
10.883676
10.716435
10.500099
10.706721
10.839679
10.717200
10.511512
10.626889
10.471374
10.876464
10.640402
10.963063
10.828499
10.586776
10.743302
10.709460
10.720351
10.548817
10.611349
10.625186
10.944114
10.637431
10.714882
10.710504
10.815502
10.720177
10.750058
10.585873
11.201176
10.589308
10.474603
10.628707
10.432305
10.716475
10.643954
10.793131
10.631523
10.656452
10.982169
10.462677
10.792025
10.755370
10.946194
10.510599
10.592251
10.731987
10.841056
11.007951
10.952064
10.683425
10.724534
10.670409
10.459779
10.771136
10.776114
10.626480
10.830286
10.746517
10.876461
10.495064
10.632994
10.813037
10.647387
10.663194
10.637687
10.571841
10.601376
10.689828
10.999989
10.606934
10.670439
10.709313
10.734871
10.699994
10.635825
10.531933
10.560497
11.036955
10.833667
10.723666
10.674977
10.927001
10.757172
10.668069
10.658085
10.494335
10.587855
10.537928
10.647382
10.678190
10.759933
10.610522
10.970991
10.719714
10.456181
10.551210
10.749065
10.736423
10.683827
10.703089
10.557266
10.617088
10.720063
10.646134
10.703238
10.653496
10.923407
10.913475
10.677462
10.500109
10.513643
10.604593
10.718625
10.806938
10.587335
10.529946
10.733797
10.729713
10.651133
10.814904
10.612208
10.865485
10.763733
10.756881
11.029997
10.765238
10.603320
10.806364
10.587858
10.876366
10.683664
10.717997
10.573919
10.679824
10.512521
10.640667
10.819028
10.760035
10.743342
10.872719
10.561956
10.631442
10.730840
10.691777
10.795018
10.653110
10.526317
10.826230
10.644789
10.928321
10.493178
10.577657
10.802773
10.872492
10.757502
10.409142
10.683019
10.594103
10.792539
10.729250
10.815958
10.860932
10.736420
10.677518
10.639700
10.756424
10.792795
10.813934
10.793869
10.658848
10.939502
10.745122
10.653475
10.791771
10.520004
10.519820
10.628544
10.589313
10.565734
10.736477
10.944747
10.764555
10.875242
10.587324
10.669707
10.719386
10.566403
10.658633
10.703890
10.690658
10.741933
10.749859
10.596880
10.684221
10.573014
10.618303
10.893268
10.692404
10.648202
10.659352
10.597142
10.585658
10.614047
10.460072
10.757402
10.936434
10.703544
10.619747
10.631407
10.802165
10.576643
10.527035
10.688849
10.837377
10.484875
10.770221
10.476871
10.527042
10.569753
10.797146
10.520970
10.828797
10.688489
10.589529
10.591862
10.711819
10.811511
10.647042
10.488596
10.643910
10.657286
10.728686
10.679243
10.553248
10.828826
10.700771
10.760611
10.769160
10.949194
10.621038
10.543913
10.842536
10.474267
10.547975
10.749406
10.477305
10.805317
10.656315
10.712892
10.614899
10.657137
10.716951
10.670642
10.892829
10.744725
10.552595
10.615656
10.452815
10.616295
10.785662
10.758356
10.643610
10.637555
10.619706
10.544795
10.604732
10.681797
10.764390
10.670099
10.577600
10.711536
10.819670
10.476451
10.648446
11.135825
10.601914
10.614909
10.769348
10.858531
10.723661
10.878756
10.549029
10.474619
10.529891
10.875853
10.603950
10.630576
10.874267
10.693605
10.916520
10.619178
10.770253
10.733965
10.666407
10.679267
10.795113
10.734666
10.630948
10.952973
10.796049
10.876004
10.681833
10.774876
10.673911
10.671068
10.879582
10.680749
10.472556
10.614053
10.626681
10.652447
10.725180
10.751924
10.772472
10.631015
10.488831
10.726368
10.778486
10.677077
10.679333
10.920264
10.852205
10.691646
10.961293
10.677042
10.567276
10.801362
10.681479
10.655016
10.694511
10.788308
10.549947
10.618944
10.896200
10.889171
10.569609
10.563951
10.596375
10.878468
10.705955
10.801062
10.979071
10.588521
10.492930
10.826026
10.566611
10.724395
10.577383
10.735718
10.637822
10.632853
10.416825
10.767313
10.471985
10.857054
10.794790
10.622835
10.421197
10.634541
10.749460
10.763552
10.827947
10.582683
10.692116
10.823401
10.728662
10.628774
10.657069
10.557553
10.543563
10.598123
10.428431
10.676990
10.732282
10.588356
10.721911
10.931833
10.654334
10.730947
10.450550
10.669552
10.621810
10.656448
10.682505
10.796877
10.859373
10.614345
10.684405
10.666792
10.877533
10.655441
10.600895
10.733205
10.720676
10.591798
10.401882
10.600630
10.654218
10.958897
10.674157
10.644834
10.679848
10.686900
10.728314
10.489365
10.618989
10.741379
10.646059
10.951698
10.524817
10.763159
10.565474
10.626916
10.618030
10.416787
10.511734
10.839045
10.711328
10.611456
10.754178
10.679758
10.660356
10.693386
10.610126
10.938536
10.552268
10.619807
10.690974
10.703637
10.763024
10.973768
10.735114
10.782860
10.541517
10.411999
10.812187
10.717740
10.610252
10.819423
10.709859
10.779102
10.641582
10.773378
10.812451
10.561410
10.669073
10.706367
10.655776
10.541398
10.782541
11.110038
10.737478
10.800895
10.751556
10.816365
11.144872
10.573232
10.783986
10.738238
11.022996
10.707769
10.776381
10.595706
10.750895
10.742073
10.751339
10.850134
10.801361
10.905066
10.544081
11.062463
10.463945
10.673042
10.604512
10.854025
10.638277
10.672639
10.635840
10.806385
10.599075
10.621069
10.688677
10.675042
10.423733
10.765827
10.858734
10.543409
10.750571
10.961858
10.694415
10.639989
10.425731
10.787988
10.563137
10.821785
10.594202
10.558091
10.535195
10.740054
10.804608
10.611179
10.751576
10.714513
10.552817
10.474387
11.339844
10.729958
10.601752
10.617113
10.682310
10.675626
10.555237
10.679915
10.659826
10.811878
10.517193
10.596080
10.626363
10.650283
10.574883
10.712643
10.900824
10.757226
10.633917
10.574880
10.576243
10.698906
10.748673
10.952371
10.814812
11.096529
10.764049
10.578365
10.551091
10.666282
10.682698
10.508411
10.585378
10.964187
10.556775
10.706856
10.860328
10.811595
10.904972
10.540698
10.981811
10.702651
10.889175
10.856687
10.897928
10.772897
10.842997
10.707749
10.576291
10.649126
10.662560
10.681176
10.528061
10.736015
10.683431
11.211964
10.554673
10.885316
10.665602
10.629941
10.687983
10.916935
10.963847
10.624139
10.449445
10.450712
10.564104
10.597877
10.627332
10.799257
10.887015
10.648651
10.692568
10.643696
10.730503
10.671636
10.988474
10.721335
11.180485
10.703855
10.749851
10.489950
10.679346
10.519603
10.777521
10.946461
10.642472
10.656413
10.689935
10.642611
10.939996
10.750689
10.679809
10.924076
10.605197
10.613345
10.716961
10.908575
11.246528
10.788353
10.550001
10.529175
10.742508
10.749115
10.532006
10.577352
10.842841
10.674091
10.797194
10.805504
10.614824
10.868122
10.535840
10.696569
10.609427
10.705573
10.770645
10.820537
10.772164
10.695732
10.605822
10.926650
10.987245
10.798781
10.685937
10.587850
10.623313
10.708529
10.711050
10.468007
10.800076
10.623984
10.465759
10.579989
10.683770
11.015626
10.769154
10.674687
10.629621
10.837007
10.751141
10.822156
10.964853
10.859916
10.702060
10.693578
10.721674
10.566079
10.860834
10.478703
10.628815
10.656226
10.635242
10.600303
10.795253
10.740606
10.467346
10.934479
10.964119
10.699375
10.692282
10.534418
10.729325
10.763433
10.578086
10.564602
10.508155
10.772606
10.455459
10.866231
10.765165
10.666800
10.808396
10.706068
10.688433
10.685397
10.765420
10.573825
10.720545
10.773864
10.821970
10.615736
10.870532
10.740822
10.491470
10.652161
10.730939
10.761698
10.620917
10.777354
10.731353
10.794651
10.470496
10.634576
10.706738
10.774108
10.879544
10.538187
10.990625
10.645260
10.740091
10.788616
10.764873
10.490448
10.669930
10.778412
10.892836
10.430640
10.804072
10.804072
