10.847526
10.729758
10.915390
10.772537
10.702043
10.597415
10.703705
10.896666
10.909276
10.674790
10.646139
10.569936
11.100972
10.682461
10.764169
10.737227
10.655219
10.719220
10.789926
10.636388
10.736612
10.663195
11.012772
10.985526
10.875202
10.734967
10.761501
10.735741
10.816160
10.861075
10.642442
10.835578
10.936074
10.931152
10.928822
10.548916
10.693110
10.609956
10.833852
10.596259
10.758391
10.644319
10.929640
10.750549
10.648874
10.605868
10.663120
10.757264
10.814667
10.672712
10.842387
10.664279
10.628719
10.612210
10.793435
10.696062
10.816842
10.953076
10.652842
10.871794
10.570799
10.537966
10.479659
10.468068
10.854384
10.967340
10.588218
10.828902
10.812114
10.716244
10.715035
10.570494
10.870712
10.927367
10.731819
10.719144
10.664434
10.542698
10.608874
10.956341
10.659077
10.588149
10.674823
10.436977
10.741623
10.580814
10.699089
10.759272
10.497781
11.231962
10.656832
10.635671
10.499860
10.608676
10.847613
10.651899
10.563775
10.494200
10.725551
10.658165
10.492784
11.049468
10.558072
10.637289
10.781114
10.837407
10.687373
10.633145
10.832767
10.513623
10.820156
10.738124
10.806766
10.706827
10.680606
10.567536
10.664009
10.629129
10.886297
10.764006
10.880952
10.997964
10.654790
10.668969
10.633137
10.530264
10.411951
10.561990
10.620856
10.598838
10.698989
10.580088
10.833046
10.721895
10.855031
10.463290
10.665072
10.526998
10.684940
10.778358
10.585819
10.685403
10.499271
10.687128
10.702179
10.795231
10.541415
10.766634
10.860142
10.640424
10.710721
10.719657
10.850553
10.689416
10.586455
10.621850
10.802177
10.743202
11.071266
10.640495
10.731613
10.672955
10.615608
10.567004
10.821526
10.688978
10.525454
10.701572
10.751856
10.879881
11.054175
10.598212
10.960696
10.725734
10.659209
10.695503
10.817420
10.560089
10.591674
10.735183
10.698775
10.679951
10.942659
10.566267
10.728083
10.651365
10.758561
10.799748
10.779793
10.902260
10.407420
10.472569
10.631165
10.557101
10.945798
10.662951
10.648980
10.737017
10.644024
10.660236
10.549851
10.937134
10.878464
10.810427
10.580867
10.627075
10.951254
10.759844
10.618870
10.572628
10.668294
10.726612
10.384245
10.754581
10.863532
10.434905
10.608237
10.645371
10.692238
10.864976
10.573375
10.584788
10.652248
10.505069
10.762268
10.763881
10.623461
10.857989
10.507692
10.659470
10.680572
10.649972
10.753852
10.672716
10.648338
10.822037
10.564394
10.725401
10.634798
10.680360
10.686238
10.666397
10.848787
10.533369
10.681110
10.400652
10.795409
10.746836
10.608142
10.717158
10.818790
10.574728
10.668827
10.649052
10.604917
10.714545
10.646089
10.882225
10.676315
10.684374
10.860970
10.811896
10.899701
10.706728
10.402717
10.731791
10.639020
10.796059
10.729994
10.639957
10.792946
10.618605
10.684744
10.687057
10.971363
10.526028
10.717499
10.630262
10.521845
10.656337
10.560585
10.722717
10.786463
10.739305
10.753218
10.687208
10.692968
10.685301
10.766244
10.920102
10.642191
10.562398
10.938136
10.942152
10.672594
11.012382
10.775462
10.605215
10.867626
10.763516
10.862108
10.732876
10.553233
10.468756
10.828336
10.767870
10.627121
10.569611
10.696161
10.778191
10.758793
10.694850
10.876706
10.598912
10.633186
10.639242
10.677985
10.568364
10.783785
10.811691
10.826187
10.803027
10.660589
10.733774
10.723645
10.799618
10.668167
10.683584
10.516228
10.836472
10.759348
10.587970
10.559297
10.979959
11.378554
11.205367
10.644312
10.590639
10.601005
10.630604
11.052890
11.080612
10.766281
10.915543
10.918985
10.580083
10.857861
10.650396
10.913281
10.704487
10.757919
10.827931
10.720299
10.644985
11.222176
10.806985
10.686154
10.748187
10.595234
10.739057
10.607140
10.748432
10.643185
10.869428
10.570066
10.761338
10.519442
10.647717
10.657044
10.661303
10.664545
10.766233
10.750089
10.494310
10.770596
10.663615
10.871560
10.728587
10.810989
10.761021
10.638802
10.718654
10.522842
11.183847
10.743226
10.698272
11.024398
10.783124
10.756014
10.713111
10.632267
10.676677
10.637013
10.777140
10.678788
10.637565
10.653904
10.834693
10.746815
10.775063
10.941022
10.718738
10.642928
10.724841
10.719998
10.668518
10.747580
10.691719
10.639230
10.769308
10.866056
10.650805
10.663582
10.729190
10.910598
10.726828
10.727416
10.702791
10.601186
10.697784
10.774939
10.801876
10.874815
10.700265
10.649657
10.569700
10.657664
10.621509
10.691734
10.522802
10.743537
10.619225
10.803413
10.558006
10.872856
10.623009
10.975795
10.733649
11.119726
10.890413
10.608374
10.726313
10.655388
10.626306
10.704495
10.795222
10.944731
10.681304
10.706602
10.845272
10.689180
10.800117
11.017190
10.710334
10.599127
10.713518
10.816614
10.941994
10.990100
10.731818
10.719837
10.796975
10.861520
10.771981
10.561850
10.465234
10.764442
10.326264
10.765582
10.668562
10.773939
10.818808
10.732597
10.763619
10.792112
10.880964
11.057579
10.467527
10.772890
10.537280
10.627456
10.782216
10.649895
10.690468
10.725255
10.548464
10.729469
10.639086
10.759172
10.480167
10.712247
10.580606
10.747147
10.779588
10.948131
10.836181
10.934061
10.813154
10.499551
11.077530
10.494062
11.282068
10.636541
10.523716
11.011899
10.693397
10.751566
10.697324
10.641046
10.769964
10.804264
10.632478
10.686442
10.724136
10.641163
10.641832
10.675902
10.497922
10.800522
10.717053
10.683419
10.627874
10.721335
10.457379
10.708917
10.542205
10.745034
10.782824
10.626456
10.620041
10.807148
10.860875
10.942385
10.824707
10.663210
10.683679
10.386315
10.885126
10.875140
10.893449
10.766411
10.820710
10.892954
10.723715
10.902619
10.706103
10.707372
10.617636
10.714921
10.677892
10.678494
10.630804
10.800959
10.631467
10.547575
10.807027
10.971443
10.745524
10.952286
10.781720
10.861560
10.765872
10.734220
10.820988
10.681408
10.653472
10.815505
11.064799
10.755636
10.627337
10.681102
10.716736
10.830810
10.453017
10.625369
10.377829
10.426363
10.849266
10.686595
11.007515
10.820631
10.532206
10.630248
10.780024
10.879827
10.770227
10.799604
10.751509
10.883097
10.766785
10.610361
10.608221
10.907027
10.844395
10.609854
10.832516
10.708828
10.840975
10.852742
10.494475
10.749080
10.670783
10.902542
10.837570
10.565300
10.670145
10.577449
10.690039
10.717498
10.792058
10.581290
10.685571
10.857182
10.506413
10.609966
10.625638
10.764134
10.674047
10.521630
10.517627
10.820420
10.913684
10.804778
11.012945
10.905895
10.773026
10.652953
10.578124
10.836873
10.778467
10.963817
10.699183
10.637920
10.831094
10.679806
10.702544
10.567098
10.740224
10.774390
10.683757
10.600431
10.573823
10.828556
10.744191
10.557390
10.628307
10.627001
10.630735
10.738368
10.599046
10.705564
10.641970
10.629732
10.799854
10.917781
10.770982
10.746101
10.626196
10.691322
10.503178
10.546045
10.632873
10.733649
10.644384
10.930398
10.590370
10.724881
11.066000
10.637565
10.856267
10.795352
10.667331
10.750789
10.756386
10.722765
10.675062
10.880791
10.780769
10.717438
10.730274
10.836991
10.505994
10.595221
10.654136
10.622678
10.698074
10.661331
10.402248
10.686561
10.572039
11.056551
10.781455
10.535129
10.678403
10.582876
10.643625
10.666691
10.686730
10.713593
10.795729
10.697143
10.788173
10.782735
10.695922
10.588095
10.723279
10.712454
10.865178
10.832095
10.673600
10.664182
10.514658
10.561907
10.544464
10.895099
10.704544
10.556213
10.782722
10.894393
10.503736
10.798436
10.585117
10.764624
10.779896
10.592301
10.670877
10.578377
10.716521
10.838991
10.895992
11.052645
10.847724
10.728224
11.021633
10.632968
10.682666
10.674961
10.633314
10.562604
10.805935
10.674303
10.547791
11.031569
10.725832
10.771396
10.661068
10.505408
10.863104
10.642133
10.796549
10.901863
10.768884
10.543605
10.834997
10.687561
10.612190
10.557978
11.256338
10.707977
10.577046
10.780058
10.658377
10.894535
10.865147
10.743509
11.125590
11.015488
10.703709
10.519342
10.570527
10.596047
10.748483
10.872394
10.823742
11.045419
10.664703
11.068340
10.562996
10.826317
10.847257
10.594297
10.681279
10.956529
10.712554
10.675868
10.702708
10.751496
10.871526
10.823882
10.625442
10.970870
10.841060
11.032698
10.634205
10.707416
10.655963
10.744004
10.629074
10.656857
10.786556
10.637672
10.637320
10.563955
10.620895
10.764427
10.742087
10.520418
10.821353
10.686740
10.900546
10.691573
10.961106
10.711703
10.669030
10.864873
10.737228
10.666880
10.896395
10.619861
10.495696
10.675118
10.652970
10.660215
10.670411
10.828837
10.587082
10.905519
10.821974
10.854387
10.668098
10.663555
10.523238
10.686512
10.590452
10.611137
10.479348
10.623128
10.724327
10.602763
10.770848
10.732778
10.709629
10.782493
10.495426
10.654538
10.532319
10.943357
10.641758
10.651970
10.742695
10.599106
10.686753
10.819925
10.790945
10.755036
10.531494
10.465286
10.609307
10.609902
11.258152
10.859622
10.672396
10.647741
10.491874
11.036583
10.933526
10.802522
11.024998
11.103349
11.064538
10.739794
10.796764
11.293195
10.952919
10.994684
10.778482
10.967065
10.486485
10.640803
10.608925
10.581140
10.729541
10.664658
10.511916
10.589318
10.600517
10.734160
10.969641
10.661486
10.647230
10.785230
10.846565
10.547232
10.674331
10.619927
10.734081
10.495584
10.777458
10.564787
10.748162
10.597844
10.804716
10.690881
10.763763
10.690507
10.405550
10.588125
10.638221
10.866559
10.625971
10.777079
10.599275
10.626673
10.595751
10.852966
10.689424
10.717905
10.732788
10.706557
10.874301
10.831937
10.500432
10.692564
10.959320
10.590105
10.485721
10.573369
10.674154
10.799208
10.768686
10.478015
10.843660
11.225276
10.931741
10.757535
10.611074
10.824738
11.042689
10.752816
10.813256
10.590455
10.832931
10.626672
10.693567
10.754989
10.551986
10.790650
10.876747
10.697618
10.538212
10.609139
10.862666
10.641915
11.148048
10.783660
10.802966
11.143068
10.767712
10.750278
10.694607
10.613293
10.710907
11.009636
10.673279
10.982438
10.657602
10.640234
10.562324
10.473148
10.689445
10.485567
10.776541
10.708549
10.584875
10.503714
10.708733
10.765236
10.814518
10.633510
10.968402
10.956757
10.590682
10.760876
10.478300
10.761716
10.636203
10.686557
10.400725
10.904697
10.926961
10.695654
11.004062
10.737127
10.441416
10.643273
10.670640
10.676971
10.799342
10.838936
10.747840
10.646181
10.710914
11.131124
10.871648
10.491384
10.804781
10.734948
10.522706
10.745228
10.550111
10.556441
10.678663
10.576440
10.574977
10.712887
10.683415
10.622404
10.657120
10.780806
10.844682
10.778210
10.851178
10.645990
11.866769
11.555372
10.643025
10.784028
10.671406
10.840921
10.722214
10.801337
10.801744
10.533189
10.689863
10.808150
10.534135
10.652480
10.839895
10.667827
10.957102
10.595037
10.819568
10.780971
10.793022
10.713410
10.714117
10.898977
10.609799
10.604176
10.808871
10.679108
10.635083
10.850281
10.683037
10.695335
10.765717
10.753526
10.623442
10.620401
10.611466
10.786868
10.795289
11.036938
10.464316
10.661509
10.818214
10.780710
10.556740
10.507689
10.564757
10.533637
10.664303
10.668595
10.812467
10.622290
10.467507
10.923893
10.807883
10.720675
10.610094
10.645330
10.755111
11.232027
10.544013
10.578169
10.834616
10.641654
10.810699
10.831323
10.555417
10.722944
10.900912
10.563538
10.740520
10.908248
10.997772
10.821990
10.809054
10.599110
10.766154
10.628279
10.513103
10.508901
10.709320
10.832992
10.863021
10.719672
10.706058
10.659529
10.890754
10.815419
10.715633
10.856617
11.346875
10.733978
10.711933
10.687438
10.554931
11.119809
10.823785
11.045383
10.713290
10.683191
10.745388
10.798633
10.677990
10.667162
10.783246
10.686477
10.448390
10.744143
10.651702
10.749303
10.667949
11.166633
10.656490
10.539210
10.804952
10.847721
10.709407
10.637972
10.552518
10.573604
10.583488
10.672795
10.641566
10.691772
10.651076
10.799391
10.590302
10.718636
10.657449
10.628740
10.637288
10.773265
10.588221
10.574808
10.843431
10.682428
10.632328
10.848865
10.691909
10.831433
10.824547
10.961670
10.566281
11.052941
10.736534
10.739955
11.130994
10.684589
10.576835
10.886383
10.708607
10.699509
10.758714
10.691066
10.679452
10.716285
10.719933
10.640386
10.829136
10.580208
10.622003
10.769742
10.574514
11.020896
10.667042
10.874725
10.598721
10.820347
10.520095
10.875075
10.540534
10.744188
10.654117
10.861099
10.669680
10.650787
10.733395
10.894424
10.806198
10.865721
10.602778
10.622994
10.644349
10.708169
10.710578
10.655082
10.712353
10.668307
10.733820
10.723969
10.593654
10.747887
10.713205
10.640891
10.655015
10.699476
10.810663
11.012401
10.657908
10.649702
10.672022
10.884556
10.646936
10.562501
10.815069
10.625658
10.755712
10.632010
10.788446
10.727637
10.623424
10.743694
10.906280
10.555494
10.470181
10.652275
10.551405
10.577310
11.032419
10.717529
11.005900
10.932823
10.460506
10.663304
11.087474
10.793604
10.636064
10.610068
10.892696
10.680439
10.774601
10.820111
10.623319
11.020222
10.855207
10.519829
10.591074
10.894037
10.677996
10.727714
10.623549
10.718851
10.455420
10.800924
10.985132
10.741094
10.527361
10.652716
10.730423
10.854365
11.351919
10.835845
10.733238
11.001077
10.773299
10.731793
10.783401
10.683599
10.759097
10.518151
10.558610
10.761642
10.760329
10.735027
10.868887
10.810950
10.598086
10.836105
10.695928
10.667891
10.755942
10.692396
10.769827
10.917750
10.616260
10.902552
10.708437
10.761047
10.699245
10.874104
10.517435
10.729692
10.771087
11.059087
10.750791
10.612604
10.674604
10.639129
10.700282
10.699726
10.697522
10.930038
10.641202
10.776967
10.747367
10.896556
10.586530
10.717598
10.618506
10.672678
11.016648
10.647391
10.727618
10.804133
10.647536
10.365502
10.564438
10.453041
10.699821
10.866489
10.697996
10.675631
10.575603
10.671790
10.603871
10.605281
10.560562
11.021374
10.483272
10.543174
10.530364
10.858556
10.527763
11.009247
10.854142
10.849308
10.697268
10.799509
10.620112
10.732035
10.645819
10.732420
10.724639
10.498114
10.598114
10.790146
10.592703
10.789262
10.682581
10.822668
10.864390
10.935773
10.754715
10.951716
10.682211
10.552673
10.948678
10.628900
10.770653
10.739695
10.592196
10.723243
10.721462
10.798497
10.708041
10.821653
10.482596
10.620517
10.751593
10.694243
10.686937
10.436520
10.785766
10.810693
10.745464
10.766941
10.659776
10.913055
10.663381
10.637482
10.810499
10.731930
10.925219
10.934363
10.629769
10.846435
10.818594
10.672191
10.731092
10.644377
10.525375
10.664529
10.712837
10.587895
11.035118
10.988945
10.678001
10.811706
10.598313
10.904596
10.761873
10.629517
10.686253
10.781337
10.691648
10.751146
10.837931
10.771792
10.679696
10.796684
10.636614
10.743969
10.665511
10.563688
10.615932
10.736511
10.875929
10.627131
10.905161
10.810534
10.594597
10.774757
10.537407
10.602979
10.785802
10.912823
10.609798
11.001066
10.719850
10.753500
10.849247
10.782964
10.712422
10.589312
10.819868
10.938537
10.549672
10.648767
10.529797
10.581220
10.971730
10.739020
10.981056
11.018697
10.625092
10.482859
10.934736
10.531725
10.651008
10.743774
10.474274
10.796710
10.769163
10.605239
10.579511
10.637444
10.728816
10.662660
10.870617
10.573354
10.582150
10.783682
10.697433
10.600726
10.558753
10.451693
11.052871
11.105955
10.691263
10.576920
10.742055
10.800401
10.799270
10.514576
10.600210
10.828898
10.969273
10.713768
10.728641
10.560855
10.891918
10.618835
11.371734
10.654520
10.633862
10.658419
10.847789
10.694888
10.699712
10.694035
10.731624
10.586900
11.090777
10.672189
10.833909
10.614259
10.620980
11.017587
10.823151
10.809693
10.723119
10.706295
10.752567
10.506080
10.599346
10.679737
10.699268
10.669660
10.640601
10.790772
10.751232
10.992016
10.576330
10.607265
10.635934
10.942882
10.602656
10.676415
10.906897
10.695341
10.722538
10.703188
10.594443
10.712467
10.706098
10.723295
10.728386
10.937290
10.711927
10.854377
10.963373
10.699587
10.649254
10.680594
10.776577
10.610339
10.771393
10.568158
10.795079
10.862635
10.817654
10.574675
10.724249
10.382688
10.745161
10.782124
10.878935
10.980737
10.767110
10.673758
10.638704
11.041656
10.801937
10.732753
10.991325
10.774111
10.727981
10.824072
10.642452
10.934077
10.565803
10.607354
10.587354
10.747230
10.758739
11.015787
11.022577
10.773390
10.670664
10.763027
10.783577
10.601219
10.857311
10.679913
10.843599
10.788403
10.578310
10.656031
10.594206
10.910161
10.866146
10.915176
10.724114
10.832507
10.558635
10.505623
10.534212
10.624260
10.656832
10.680096
10.954080
10.918770
10.808435
11.025596
10.777935
10.693790
10.731769
10.792526
10.589739
10.683260
11.011979
10.802875
10.729260
10.596415
10.767223
10.760466
10.996727
10.773664
11.208773
11.029632
10.872548
10.807511
10.522616
10.706051
10.800147
10.652477
10.692142
10.743169
10.555132
10.513151
10.688688
10.526238
10.870539
11.083567
10.711113
10.824345
10.682294
10.768326
10.714158
10.528786
10.501385
10.648070
10.561246
10.734905
10.835055
10.558683
10.715119
10.892836
10.698067
10.662514
10.865594
10.679631
10.720529
10.705693
10.643384
10.664304
10.709013
10.423241
10.685100
10.707822
10.664586
10.681286
10.774638
10.859578
10.394819
11.000057
10.506047
10.583725
10.875542
10.547849
10.612416
10.699876
10.530174
10.666945
10.820234
10.699864
11.046709
10.713687
10.779193
10.884042
10.570923
10.664918
10.768050
10.519174
10.556334
10.696052
10.795228
10.831796
10.745703
10.942959
10.702140
10.740107
10.941228
10.575549
10.701115
10.992609
10.506284
10.718685
10.665633
10.667115
10.798821
10.906553
10.533847
10.749399
10.669252
10.694307
10.655408
10.842704
10.587766
10.629732
10.833226
10.594576
10.830122
10.652334
10.554993
10.615816
10.917315
10.788186
10.624506
10.435017
10.882269
11.085309
10.715967
10.697724
10.769689
10.699902
10.896386
10.472791
10.580549
10.700427
10.824181
10.931588
10.707866
10.612697
10.770992
11.050051
10.483305
10.641618
10.562377
11.041513
10.622393
10.954542
10.743438
10.737165
10.507299
10.459389
10.593836
10.483202
10.892258
10.618932
10.535487
10.857015
11.333691
10.719660
10.728452
10.790415
11.039796
10.595323
10.686590
11.085872
10.780592
10.549738
10.605271
10.772030
10.550055
11.145804
10.906024
10.620954
10.613733
10.839345
10.570776
10.719139
12.003119
11.227993
10.618049
10.868383
10.671211
10.887375
10.546902
10.889313
10.540171
10.444810
10.604599
10.826139
10.825650
10.709112
10.701582
10.694995
10.801992
11.047473
10.651453
10.865210
10.771548
10.769770
10.720971
10.696030
10.658039
10.511182
10.397790
10.967907
11.212554
10.561719
10.686822
10.626934
10.731036
10.600427
10.579707
10.740865
10.814088
10.754405
10.679215
10.716370
10.780673
10.721387
10.919698
10.751718
10.921525
10.643628
10.754986
11.372383
10.878141
10.898465
10.968443
10.944069
10.689628
10.938798
11.192894
10.954708
10.603345
10.486332
10.717322
10.420862
10.535981
10.640678
10.583951
10.634225
10.490873
10.657680
10.616214
10.845220
10.555506
10.632770
10.716486
10.846277
10.915701
10.954521
10.654635
10.502900
10.649108
10.746124
10.930228
10.669093
10.939915
10.725369
10.882890
10.701141
10.673777
10.671880
10.968190
10.839318
10.560604
10.641940
10.627342
10.739673
10.892670
10.672154
10.623130
10.614826
10.540534
10.846431
10.612680
10.934385
10.644674
10.609040
10.423615
10.803898
10.592314
10.637286
10.738415
10.672156
10.633557
10.742969
10.780164
10.681244
10.550632
10.483320
10.764171
10.702769
10.885500
10.648099
10.746232
10.655407
10.744624
10.690661
10.624854
10.555159
10.719812
10.529939
10.661465
10.905879
10.486696
11.092139
11.024115
10.766168
10.734656
10.553354
10.716336
10.698694
10.620824
10.694850
10.407410
10.721628
10.735748
11.016787
10.624522
11.084633
10.810247
10.623676
10.804628
10.548385
10.533057
10.588244
10.590112
10.428933
10.956270
10.682352
10.719329
10.470102
10.787474
10.630109
10.586247
10.832464
10.718769
10.681350
10.686510
10.747084
10.673273
10.807135
10.666756
10.730534
10.758296
10.487186
10.551195
10.619846
10.544908
10.720219
10.837803
10.689704
10.837395
10.976087
10.425253
10.632384
10.725617
10.682645
10.656798
10.593036
10.812506
10.462287
10.673155
10.558658
10.559911
10.724615
11.022865
10.650412
10.676983
10.757421
11.010274
10.559998
10.583287
10.848604
10.566097
10.678809
10.612101
10.609204
10.781787
10.454304
10.741744
10.701874
10.729865
10.591298
10.638685
10.528816
10.644072
10.620419
10.745171
10.701813
10.596507
10.706147
10.680174
10.958868
10.695314
10.823488
10.411458
10.544596
10.643778
10.990550
10.457001
10.585275
10.916724
10.559654
10.686146
10.603177
10.659114
10.485803
10.635242
10.848305
10.654572
10.533435
10.758825
10.525234
10.897637
10.605464
10.628901
10.575670
10.912640
10.531159
10.692438
10.481800
10.515576
10.715678
10.806288
10.717505
10.558310
10.554735
10.663089
10.735601
10.635894
10.744299
10.857602
10.744045
10.690618
10.638237
10.924073
10.596046
10.605232
10.744562
10.728260
10.664411
10.587926
10.585740
10.593292
10.592179
11.046194
10.750252
10.725442
10.931233
10.552322
10.620578
10.486981
10.637629
10.587342
10.708603
10.756517
10.496331
10.735262
10.738859
10.891288
10.628942
10.840264
10.762833
10.636699
10.994258
10.880982
10.846472
10.985718
10.636407
10.532799
10.765469
10.806463
10.825062
10.544150
10.649939
10.598166
10.775714
10.683124
10.505286
10.835857
10.806658
10.727376
10.609962
10.632760
10.667445
10.602042
11.049934
10.483098
10.706693
10.996708
10.528458
10.770343
10.607886
10.697930
10.841776
10.809006
10.984531
11.030173
10.549703
10.544095
10.605393
10.822054
10.469152
10.785025
10.804879
10.678544
10.761719
10.992815
11.023955
10.937449
10.824245
10.584833
10.940038
10.575865
10.614841
10.821652
10.531792
10.655259
10.700178
10.841929
10.859883
10.653118
10.663922
10.824206
10.744625
10.780012
10.812351
10.646389
11.110223
10.593713
10.809590
10.736455
10.648981
10.808105
10.783111
11.025230
10.509043
10.534323
10.609784
10.695044
10.574925
10.984053
10.938336
10.635684
10.670161
10.569034
10.799475
10.793479
10.917133
10.743485
10.497512
10.411116
10.744706
10.853267
10.734718
10.875212
10.481764
10.739941
10.699866
10.716815
10.709894
10.556743
10.636636
10.951316
10.931519
10.756964
10.563858
10.838855
11.034034
10.815180
10.847827
10.659528
10.528209
10.555527
10.645424
10.787712
10.780436
10.698972
10.763959
10.651800
10.672197
10.695337
10.854664
10.703618
10.514763
10.745589
10.714476
11.003870
10.556880
10.550962
10.710637
10.590945
10.677045
10.689012
10.749572
10.620675
10.888115
11.003334
10.805203
10.709495
10.767418
10.794034
10.882080
10.540934
10.446796
10.638346
10.802911
10.738457
10.534927
10.618182
10.955755
10.805418
10.647449
10.698100
10.820208
10.932039
10.785403
10.736118
10.533626
10.861016
10.924680
10.693174
10.549964
10.599378
10.996023
10.710588
11.375195
10.722755
10.884419
10.642259
10.603112
10.581605
10.689685
10.700029
10.670594
10.584471
10.772878
10.567830
10.914970
10.636131
10.792873
10.498278
10.458585
10.865327
10.751408
10.637369
10.682915
10.696017
10.705990
10.643332
10.950557
10.630070
10.843247
10.699128
10.759931
10.977082
10.932570
10.857608
10.886819
10.734519
10.659758
11.005758
10.617727
10.572142
10.668105
10.643897
10.604028
10.799433
10.549392
10.839839
10.720099
11.019967
10.915021
10.472400
10.818798
10.771680
10.641403
10.645240
10.603724
10.803221
10.606632
10.763276
10.914881
10.732563
10.777166
10.850131
10.728112
10.879566
10.670576
10.553899
10.733641
10.750142
10.686373
10.789915
10.831343
10.817982
10.787879
10.718432
10.667985
10.652592
10.656859
10.583099
10.662337
10.817742
10.765948
10.790415
10.812843
10.634087
10.677437
10.579831
10.729822
10.527123
10.666540
10.704083
10.762632
10.557995
10.638063
10.624563
10.748413
11.010265
10.623354
10.767696
10.898202
10.821356
10.705185
10.760965
10.638942
10.556870
10.616875
10.810107
10.556904
10.483347
10.589313
10.945662
10.865382
10.698730
10.737405
10.639726
10.720935
10.792052
10.856887
10.776816
10.639440
10.986235
10.746581
10.814906
10.695104
10.826097
10.940926
10.538549
10.829806
10.719446
10.551154
10.779604
10.761545
10.552869
10.706476
10.833461
10.684765
10.714319
10.551482
10.563164
10.704494
10.939169
10.723329
10.897264
10.577198
10.604846
10.755556
10.719014
10.693205
10.798800
10.896601
10.703423
10.582295
11.135669
10.647676
10.949456
10.779612
10.724059
10.684393
10.720381
11.193603
10.570384
10.583051
10.512064
10.686366
10.728156
10.652875
10.707503
10.816239
10.831958
10.901257
10.628394
10.696257
10.606752
10.693890
10.921679
10.689597
10.707034
10.611343
10.818039
10.791740
10.630488
11.120381
10.586964
10.747999
10.767834
10.787540
10.551216
10.579337
10.768947
10.509597
10.927341
10.869645
10.525208
10.667044
10.838321
10.795587
10.510401
10.396679
10.491522
10.658946
10.735874
10.842055
10.707503
10.667660
10.654582
10.657862
10.774446
10.731775
10.609076
10.608297
10.987755
10.910852
10.628468
10.734814
10.619084
10.622081
10.816003
10.651777
10.859901
10.785904
10.761275
10.588227
10.441036
10.742188
10.794361
11.021894
10.910407
10.816955
10.518736
10.883575
10.918185
10.674434
10.888137
10.730140
10.799571
10.558450
10.527873
10.720746
10.937879
10.534470
10.503760
10.731312
10.566008
10.708935
10.478121
10.651845
10.688193
10.668308
10.643483
10.660586
10.796835
10.617787
10.792863
10.700320
10.836208
10.867339
10.785357
10.733647
10.625700
10.752452
10.870065
10.464704
10.607940
10.685134
10.675369
10.474276
10.670259
10.739545
10.823360
10.632770
10.679965
10.530591
10.893279
10.511727
10.775445
10.668145
10.604728
10.505789
10.636138
10.618693
10.689511
10.558029
10.539872
10.718735
10.608376
10.661785
10.605013
10.743704
10.519566
10.724418
10.613974
10.544708
10.788314
10.768318
10.718494
10.644032
10.978851
10.771233
10.481352
10.758140
10.756730
10.573185
10.590267
10.648197
10.643362
11.017687
10.602869
10.793139
10.894560
11.036880
10.949168
10.500750
10.904623
10.665282
10.794644
10.659480
10.742307
10.634669
10.616238
10.747571
10.706374
10.585366
10.709162
10.758511
10.637425
10.786335
10.611145
10.533773
10.902482
10.928920
10.716597
10.936576
10.572308
10.717177
10.644055
10.625214
10.617283
10.656787
10.697465
10.580385
10.879977
10.533083
10.662694
10.653157
10.659376
10.709957
10.727774
10.800823
10.674727
10.737600
11.339207
10.984182
10.508025
10.531891
10.848155
10.628763
10.656610
10.974531
10.739598
10.955604
10.740214
10.584646
10.916893
10.683175
10.462081
10.616335
10.675584
10.655129
10.743476
10.634317
10.515697
10.733866
10.821842
10.865626
10.692395
10.903103
10.627289
10.799007
10.933505
10.699644
10.807382
10.769429
10.992178
10.888106
10.742852
10.877947
10.634130
10.522415
10.691558
10.692228
10.839295
10.804230
11.002401
10.795882
10.619012
11.058707
10.757461
10.548424
10.794337
10.649882
10.493856
11.040713
10.542194
10.672807
10.597623
10.673199
10.650948
10.788508
10.529408
10.447080
10.459149
10.449144
10.535223
10.827893
10.543312
10.810136
10.657201
10.923526
10.749041
10.613535
10.653703
10.506230
10.600803
10.922987
10.443314
10.676088
10.942904
10.883785
10.592439
10.563444
10.663408
10.739419
10.585372
10.598531
10.821231
10.791834
10.580573
10.867966
10.470888
10.725040
10.484850
10.754719
10.706904
10.824484
10.706462
10.809474
10.730968
10.657294
10.626776
10.762263
10.615078
10.866109
10.711680
10.567552
10.775104
10.891889
10.382902
10.903142
11.246198
10.699712
10.790838
10.671831
10.692008
10.657015
10.960815
10.907105
11.045575
11.165082
11.865610
11.082271
11.141779
10.836706
10.756885
10.758525
10.647410
10.499572
10.783676
10.629204
10.573135
11.019117
10.697382
10.823345
10.579300
10.677493
11.419266
10.691385
10.902054
10.782405
10.762569
10.892562
10.646583
10.620756
11.012767
10.564248
10.691052
10.902612
10.615048
10.878181
10.746534
10.641054
10.562869
10.494895
10.702861
10.559372
10.621772
10.627987
10.689213
10.938670
10.722856
10.841044
10.562368
10.454183
10.828416
10.576651
10.754808
10.657477
10.822508
10.887301
10.464585
10.510152
10.823601
10.897567
10.649824
10.592802
10.587667
10.680514
10.939463
10.651921
10.864802
10.658653
10.510870
10.786027
11.031791
11.013987
10.937465
11.115619
10.913382
10.638175
10.509686
10.650925
11.033961
10.673553
10.656836
10.724453
10.867826
10.723680
10.570199
10.698269
10.675074
10.692308
10.638430
10.670748
10.650942
10.765402
10.847598
10.657640
10.781338
10.918378
10.670651
10.807766
10.720491
10.596105
11.013838
10.967271
10.670976
10.588572
10.496681
10.659560
10.729824
10.755618
10.610202
10.600527
10.887928
10.870103
10.692688
10.645930
10.681092
10.785821
10.555249
10.585641
10.857606
10.811594
10.802982
10.547231
10.506390
10.757761
10.642017
10.747675
10.704806
10.485760
10.669081
10.895453
10.677848
10.757360
11.047683
10.668282
10.537132
10.722846
10.629161
10.643025
10.686507
10.614091
10.662783
10.677165
10.546183
10.755676
10.765604
10.554152
10.824854
10.998778
10.754757
10.945626
10.691255
10.454027
10.559283
10.700633
10.936505
10.928859
10.820898
10.721653
10.879154
10.725684
10.666381
10.658109
10.678903
10.763942
10.739088
10.916198
10.989886
10.568970
10.829297
10.691649
10.743854
10.976333
10.682814
10.538189
10.575067
10.813777
10.646532
10.753199
10.602849
10.720615
11.151980
10.764315
10.696377
10.773561
10.627329
10.519202
10.918866
10.729556
10.770508
10.634757
10.721545
10.479068
10.502447
10.807777
10.557735
10.879165
10.546204
10.800320
10.633259
10.727419
10.830123
10.799727
10.535351
10.710189
10.782631
10.746266
10.694244
10.901946
10.535989
10.687412
10.930189
10.928831
10.825792
10.997714
10.539187
10.934419
11.089592
10.730081
10.700501
10.611635
10.951194
10.702236
10.685309
10.725206
11.095741
10.714208
10.830995
10.722109
10.662665
10.620210
10.653649
10.727602
10.620490
10.723890
10.606958
10.630283
10.739607
10.998909
10.779752
10.739880
10.570657
10.775896
10.643611
10.936637
10.606786
10.757000
10.824273
10.826911
10.626707
10.991434
10.726304
10.713391
10.863279
10.740858
10.821616
10.612986
10.613651
10.812232
10.612863
11.035959
10.749789
10.934218
10.686817
10.776833
10.619152
10.607262
10.698653
10.755117
10.614566
10.705772
10.713153
10.933779
10.665289
10.558498
10.943874
10.589816
10.776778
10.514083
10.602811
10.593589
10.700837
10.716443
10.927266
10.458262
10.735225
10.742171
10.797022
10.742033
10.613159
10.744715
10.758049
10.781652
10.924937
10.567718
10.504370
10.791703
10.549227
10.654104
10.644105
10.552322
10.748709
10.774276
11.248940
10.680860
10.865972
10.808006
10.637845
10.673038
10.754575
10.680574
10.822660
10.575726
10.696563
10.712522
10.793134
10.573448
11.097497
10.837896
10.570498
10.633110
11.155595
10.863210
10.727378
10.506881
10.901139
10.548988
10.635344
10.660370
10.706496
10.889325
10.801988
10.833141
10.761069
10.701596
10.606472
10.475186
10.726335
10.713148
10.800314
10.668346
10.616390
10.692245
10.780975
10.686321
10.646668
10.568444
10.718055
10.497546
10.560051
10.784417
10.565783
10.955907
10.592251
10.682538
10.711753
10.852838
10.483353
10.626662
10.518913
10.950989
10.829240
10.575957
10.712816
10.657409
10.458207
10.759893
10.755338
10.503870
10.678314
10.576072
10.700766
10.627698
10.682220
10.536705
10.781202
11.075444
11.022534
10.692254
10.697110
10.798469
10.547535
10.858014
10.795759
10.551970
10.715544
10.620292
10.470730
10.513159
10.555279
10.879766
10.642261
10.775180
10.596524
10.665234
10.717340
10.596254
10.531853
10.606333
10.593575
10.570117
10.826868
10.603730
10.645543
10.851109
10.630859
10.611995
10.674518
10.714471
10.905839
10.712784
10.736044
10.941762
10.817436
10.514173
10.740521
10.496302
10.606935
10.665924
10.591013
10.533510
10.732849
10.763010
10.638952
10.911107
10.695712
10.737964
10.959310
10.483924
10.650945
10.681447
10.931667
10.831323
10.859719
11.010801
10.683605
10.752695
10.732818
10.697225
10.449973
10.812206
10.838479
10.801532
10.534049
10.951851
10.668041
10.819442
10.533204
10.826653
10.541950
10.546512
10.919784
10.722795
10.800642
10.657486
10.840846
10.946505
10.492965
10.872805
10.479731
10.697147
10.682644
10.689649
10.715197
10.608057
10.712228
10.645008
10.906002
10.709664
10.604325
10.851756
10.800894
10.587207
10.848077
10.664435
10.797019
10.743578
10.563864
11.108752
10.677106
10.823422
10.854280
10.711972
10.756640
10.783081
10.871019
10.606516
10.771148
10.724906
10.620126
10.721798
10.989049
10.709150
10.436860
10.723808
10.704909
10.819130
10.759158
10.396920
10.452469
10.691483
10.771570
10.726767
10.708235
10.678736
10.727279
10.651899
10.747582
11.047940
10.629523
10.351623
10.503463
10.731810
10.827369
10.533464
10.767999
10.757762
10.758858
10.585828
10.912484
10.601810
10.753074
10.820832
10.671879
10.718592
10.617821
10.867293
10.700608
10.740382
10.853793
10.687152
10.608704
10.709816
10.586657
10.777860
10.547807
10.810391
10.537568
11.106248
11.267713
11.914302
10.731993
10.526687
10.673702
10.873469
10.680567
10.687493
10.802691
10.844984
10.520136
10.602565
10.485312
10.625901
10.724387
10.687752
10.660233
10.844786
10.838097
10.869007
10.904179
10.840596
10.638866
10.703036
10.686762
10.921382
10.615132
10.916666
10.832985
11.127279
10.733188
10.736465
10.909470
10.478856
10.842260
10.812477
10.768723
10.947066
10.657212
10.524444
10.930343
10.789280
10.654890
10.463564
10.716482
10.667277
10.594102
10.802320
10.706351
10.798572
10.694797
10.798213
10.651835
10.627520
10.794816
10.509055
10.715136
10.657886
10.777454
10.818327
10.705420
10.474575
10.737209
11.024770
10.877956
10.726991
11.157984
10.971356
10.705227
10.929974
10.669121
10.702820
10.575864
10.687526
10.675378
10.531038
10.658639
10.498375
10.436579
10.597285
10.604242
10.772930
10.911667
10.679062
10.768772
10.725997
10.723387
10.794677
10.832061
10.687621
10.453093
10.641545
10.806026
10.900576
10.667193
10.930993
10.725080
10.616964
10.589188
10.784136
10.783099
10.841477
10.497012
10.983332
10.542185
10.678662
10.721272
10.559698
10.829732
10.783685
10.674432
10.667196
10.581845
10.801872
10.629255
10.674818
10.620162
10.941002
11.014421
11.102447
10.834145
10.754357
10.670860
10.683924
10.617881
10.582542
10.630340
10.880863
10.522734
10.803950
10.845010
10.642886
10.721545
10.619333
10.741727
10.816211
10.627271
10.922073
10.889888
11.056814
10.644394
10.750454
10.511001
10.867103
10.695063
10.616369
10.759224
10.837976
10.506428
10.710311
10.655242
10.771326
10.786083
10.626197
10.932373
10.570715
10.608030
10.616345
10.857392
10.856183
10.795490
10.718780
10.577721
10.779358
10.816288
10.680459
10.661103
10.688945
10.836732
10.700159
10.686855
10.474117
10.627132
10.658470
10.728729
11.091144
10.699981
10.663583
10.721129
10.918846
10.598301
10.512062
10.502214
10.436539
10.743084
10.761719
10.656896
10.521363
10.921308
10.650793
10.959131
10.782259
10.727578
10.866499
10.637636
10.709005
10.701505
10.560300
10.967004
10.671192
10.626744
10.697737
10.881895
10.886714
10.558318
10.738500
10.716848
10.907309
10.499970
10.672142
10.787887
10.690515
10.574275
10.818597
10.880379
10.861089
10.769527
10.899801
10.936052
11.157743
10.632949
10.651993
10.601790
10.748282
10.775852
10.840206
11.121562
10.586941
10.668997
10.799131
10.673263
10.509841
10.697816
10.733402
10.656993
10.811034
10.571644
10.966113
10.955522
10.475670
10.794819
11.110055
10.419695
10.779530
10.741366
10.886393
10.681224
10.690038
10.858538
10.407973
10.558618
10.710882
10.676974
11.050550
10.578676
11.060179
10.784542
10.753628
10.679661
10.727916
10.888963
10.840499
10.865811
10.611052
10.825625
10.677206
10.917637
11.005786
10.564615
10.523637
10.652383
10.675783
10.572266
10.601859
10.605959
10.997302
10.497225
10.617685
10.756608
10.962058
10.741130
10.808492
10.771697
10.808374
10.494476
10.588504
10.595914
10.660897
10.690554
10.795143
10.678235
10.608882
10.692188
10.756704
10.709269
10.848808
10.688836
10.648990
10.797193
10.708193
10.617428
10.672507
11.054877
10.697828
10.874530
10.762741
10.728672
10.512133
10.525647
10.785671
11.444627
10.767306
10.964584
10.440103
10.503340
10.985834
10.674792
10.550616
10.703802
10.759645
10.622831
10.586120
10.762710
10.603754
10.533570
10.755689
10.516007
10.640675
10.710682
10.839915
10.687774
10.902983
10.812404
10.660734
10.829027
10.662884
10.611015
10.703982
10.792894
10.699870
10.695840
10.685840
10.823896
10.941398
10.849523
10.815851
10.530526
10.710404
10.726563
10.992390
10.578048
10.555445
10.671037
10.781545
11.031154
10.694674
10.833733
10.712774
10.780509
10.923119
10.694109
10.673427
10.790970
10.662000
10.713063
10.467631
10.846803
10.877775
10.549679
10.676825
11.046084
10.670469
10.762129
10.578234
11.125532
10.676452
10.760276
10.551559
10.979629
10.594354
10.826834
10.582743
11.090851
10.596622
10.614867
10.666097
10.475658
10.704449
10.647462
10.828485
10.841523
11.037102
10.814510
10.811510
10.652692
10.645979
10.838081
10.641105
10.828136
10.810752
10.685518
10.633187
10.794911
10.580959
10.644467
10.839966
10.630816
10.669288
10.925355
10.689594
10.641511
10.711529
10.989856
10.568504
10.741900
10.689198
10.723924
10.717899
10.808828
10.815819
10.633985
10.705998
10.421316
10.720478
10.806034
10.764539
10.839270
10.840327
10.795057
10.615165
10.759011
10.472011
10.415392
10.691620
11.058134
10.624950
10.916676
10.828142
10.754273
10.665278
10.889944
10.934851
10.646126
10.716415
10.674742
10.594444
10.474549
10.629420
10.782750
10.621055
10.914876
10.881529
10.559342
10.802991
10.539602
10.727755
10.585931
10.904422
10.568321
10.653343
10.875082
10.670760
10.789310
10.650971
10.612020
10.616867
10.768840
10.642688
10.751056
10.569679
10.529197
10.670379
10.554771
10.954095
10.712556
10.763087
10.877280
11.572754
10.717591
10.611512
10.561027
10.571411
10.652454
10.820831
10.696589
10.690501
10.741854
10.732741
10.614985
10.648037
10.722453
10.714601
10.841826
10.697493
10.619413
11.187540
10.794406
10.627813
10.698328
10.820381
10.632700
10.662710
10.658652
10.685147
10.724449
10.706597
10.574161
10.518675
10.738403
10.934338
10.799564
10.680109
10.656745
10.726040
10.598166
10.674502
10.676888
10.623282
10.664734
10.880808
10.590888
10.803930
10.727689
10.694815
11.088847
10.593482
10.615711
11.129148
10.845497
10.581955
11.022011
10.453659
10.514647
10.637007
10.430766
10.679021
10.744359
10.671377
10.582892
10.497851
10.719682
10.672763
10.597593
10.671454
10.589195
10.789734
10.633840
10.774298
10.513539
10.685953
10.434028
10.712054
11.034552
10.985165
10.857705
10.817110
10.755633
10.919969
10.816328
10.624818
10.755224
10.471268
10.709987
11.020636
10.450943
10.735510
10.868086
10.710081
10.558044
10.616555
10.797862
10.632246
10.663509
10.592609
10.897048
10.605524
10.606926
10.907523
10.615537
10.672168
10.514132
10.751181
10.751472
10.622467
10.639772
10.716287
11.079479
10.728362
10.812338
10.647426
11.010171
10.565471
10.704528
10.770136
10.882244
10.682236
10.544781
10.488719
10.626337
10.644080
10.700488
10.587731
10.593942
10.683515
10.740820
10.746632
10.639320
10.490084
10.686067
10.683082
10.715682
10.795057
10.695338
10.704559
10.632704
10.627791
10.829041
10.721192
10.480517
10.841218
10.579865
10.792197
10.692995
10.514768
10.666482
11.063908
10.670626
11.016486
10.675105
10.749350
10.815531
10.570631
10.523053
10.470800
10.660138
10.521947
10.564119
10.577423
10.794289
10.621209
10.675805
10.977798
10.527703
10.806999
10.829909
10.622628
10.772375
10.580850
10.762333
10.954154
10.901745
10.978952
10.562881
10.686539
10.686259
10.799829
10.653113
10.661742
10.659642
10.652919
10.483530
10.842578
10.804301
10.703613
10.701422
10.742788
10.904024
10.978415
12.258873
10.435903
10.393920
10.749197
10.668364
10.841941
10.836158
10.886184
10.403498
10.782185
10.624229
10.587857
10.620248
10.609036
10.441839
10.587351
10.684062
10.887496
10.515374
10.939211
10.967376
10.530238
10.624512
10.571279
10.674939
10.779774
10.652160
10.904429
10.716173
10.801792
11.028832
10.939850
10.770179
10.956246
10.728843
10.755671
10.413234
10.777526
10.659101
10.780610
10.812346
10.528049
10.584447
10.769115
10.728896
10.665612
10.958936
10.705457
10.732078
10.512617
10.615364
10.462587
10.476078
10.944211
10.692465
10.454004
10.662952
10.651470
10.646927
10.778328
10.562422
10.717257
11.222284
10.609801
10.984564
10.615302
10.680820
10.764685
10.710438
10.904421
10.581340
10.749328
10.870612
10.663142
10.459865
10.608436
10.562527
10.633990
10.460375
10.639622
10.517729
10.872589
10.655322
10.785148
10.815117
10.580699
10.620150
10.751709
10.539728
10.728265
10.627300
10.715129
10.649784
10.571164
10.728171
10.408906
10.501763
10.601278
10.693318
10.765503
10.599145
10.769730
10.997051
10.670083
10.693098
10.990672
10.612788
10.583376
10.667171
10.978173
10.877810
10.594734
10.598385
10.611200
10.646250
10.795928
10.739762
10.949588
10.776127
10.653381
10.756491
10.690928
10.717181
11.110624
10.836630
10.772510
11.030016
10.591857
10.649618
10.890847
10.834399
10.684772
10.585635
10.741621
10.839949
10.458004
10.578279
10.667857
10.830668
10.647043
10.922990
11.047581
10.412497
10.596152
10.718603
10.700076
10.633225
10.842247
10.797924
10.559761
10.713392
10.666644
10.857729
10.837291
10.928137
10.601907
10.641892
10.642409
10.492001
10.820672
10.777107
10.755166
10.675017
10.675443
10.764684
10.752465
10.552535
10.571361
10.438192
10.670041
10.802997
10.730805
10.739449
10.684397
10.768107
10.959616
10.677809
10.640519
10.655564
10.819664
10.708588
10.537009
10.749807
10.878303
11.262903
10.842336
10.655739
10.851532
10.632742
10.769263
10.737821
10.854886
10.647726
10.635277
10.727623
10.756325
10.902520
10.921340
10.685369
10.718419
10.554105
10.563629
10.724866
10.948760
10.893697
10.942743
10.957215
10.721117
10.922710
10.679055
10.635574
10.676913
10.703718
10.612745
10.755757
10.623017
10.538000
10.425202
10.670909
10.549014
10.658239
10.601678
10.844074
10.771500
10.575719
10.775935
10.985172
10.760585
10.600983
10.693193
10.707700
10.685291
10.627566
10.606226
10.688236
10.690677
10.711359
10.647260
10.720538
10.816501
11.040944
10.923817
10.884355
10.685820
10.724742
10.719896
10.702707
10.796506
10.676037
10.629779
10.565297
10.653235
10.701818
10.507713
10.725094
11.087664
10.815393
10.670991
10.732937
10.695848
10.912203
10.713638
10.813646
10.802678
10.686579
10.544399
11.166425
10.750094
10.742997
10.633479
10.579934
10.692139
10.834376
10.507278
10.560499
10.567301
10.635494
10.774270
10.614981
10.833548
10.493618
10.676141
10.581744
10.513391
10.831895
10.877534
10.750471
10.661189
10.572484
10.646023
10.536267
10.585222
10.777040
10.730105
10.811706
10.686147
10.788530
10.447606
10.735886
10.763829
10.904901
10.715754
10.562546
10.598138
10.544317
10.831139
10.802674
10.702271
10.664930
10.701613
10.876689
10.712796
10.586528
10.769335
10.741885
10.711148
10.782987
10.737664
10.752660
10.789399
10.823458
11.055155
10.662175
10.682752
10.890209
10.663314
11.060025
10.405859
10.650716
10.727514
10.652234
10.542536
10.861336
10.745666
10.779798
10.610985
10.688459
10.955001
10.890837
10.645164
10.877700
10.765729
10.504566
10.688558
10.789114
10.767759
10.825454
10.812622
10.694931
10.745660
10.720464
10.618798
10.791609
10.686716
10.683899
10.452476
10.573314
10.978818
10.616446
10.740388
10.724313
10.720833
11.069450
10.670298
10.523269
10.523137
10.637692
10.710437
10.526599
10.575519
10.564337
10.538481
10.738818
10.624255
10.823308
10.889298
11.249132
10.512361
10.611069
10.561940
10.776536
10.928712
10.648539
10.683271
10.580503
10.701235
10.676705
10.567985
10.773666
10.681730
10.595108
10.801744
10.709638
10.634175
10.703797
10.626626
10.779274
10.789513
10.541331
10.719750
10.875601
10.683968
10.944402
10.605560
10.655834
10.649337
11.018276
10.802801
10.682933
10.627797
10.495041
10.883412
10.916365
10.661272
10.594897
10.557030
10.736636
10.861379
10.641300
10.918159
10.717708
10.800004
10.590977
10.856741
10.546674
10.585380
10.577569
10.848930
10.663890
10.665617
10.592416
10.630915
10.764519
10.602546
10.835130
10.803456
10.791558
10.804069
10.949741
10.830236
10.622513
10.586208
10.579132
10.790918
10.524988
10.912218
11.071011
10.723563
10.593652
10.730656
10.692679
10.925319
12.033107
10.592238
10.493443
12.189651
10.832964
10.546470
10.736209
10.914901
10.761908
10.611929
10.560257
10.913849
10.656721
10.663937
10.557954
10.579551
10.588770
10.810233
10.722311
10.738438
10.672148
10.656872
10.597262
10.621029
10.910797
10.641760
10.979059
11.094811
10.874465
10.732232
10.801712
10.866797
10.847017
10.856123
10.605263
10.763335
10.777450
10.754918
10.449837
10.430747
10.693039
10.862531
10.759837
10.675993
10.614420
10.653248
10.662929
10.722582
10.773165
10.833647
10.796438
10.805031
10.565408
10.662300
10.595414
10.776496
10.802827
10.892720
10.758532
10.775526
10.796450
10.678771
10.687386
10.692879
10.857161
10.326993
10.543281
10.672889
10.532814
10.873034
10.767545
10.592511
10.998827
10.737173
10.902369
10.647195
11.238218
10.807057
10.741139
10.622304
10.668675
10.826773
10.693093
10.609113
10.559067
10.624803
10.754271
10.622987
10.728701
10.643034
11.096717
10.980280
10.607535
10.911024
10.516109
10.653292
10.672747
10.825523
10.588717
10.961988
10.692606
10.717824
10.554889
10.690930
10.657971
10.745149
10.958438
10.751958
10.667283
10.975679
10.749972
10.698460
10.623993
10.740754
10.631756
10.595024
10.765051
10.584231
10.820056
10.644668
10.585973
10.752647
10.601952
10.717193
10.813133
10.810576
10.897866
10.714435
10.646397
10.739256
10.763597
10.743870
10.844626
10.944720
10.605072
10.778257
11.006611
10.860929
10.535037
10.825375
10.536807
10.729193
10.798196
10.471204
10.761693
10.643852
10.765317
10.908177
10.592412
10.490070
10.643908
10.788011
11.039000
10.583731
10.663103
10.637118
10.962268
10.617965
10.590792
10.674915
10.551989
10.607186
10.678050
10.576530
10.568892
10.574479
10.656454
10.613565
10.679918
10.831636
10.819852
11.319842
10.526866
10.613669
10.556260
10.837168
11.033244
10.851360
10.819527
10.738907
10.773724
10.667661
10.417555
10.623129
10.676219
10.577766
10.624116
10.605993
11.078906
10.924143
10.720471
10.616393
10.556161
10.672879
10.731128
10.739541
10.659123
10.712519
10.793864
10.541266
10.728102
10.937299
10.602847
10.983152
10.761914
10.696198
10.693282
10.697363
10.776915
10.563599
10.759538
10.671901
10.622367
10.602107
10.454710
10.599052
10.566124
10.596481
10.563052
10.790884
10.664108
10.635027
10.667305
11.179576
10.725201
10.572123
10.659192
10.641692
10.800198
10.707736
10.777534
10.759763
10.674679
10.524872
10.687742
10.731240
10.644127
10.631022
10.529846
10.793969
11.075104
10.478229
10.672076
10.832322
10.723264
10.508511
10.785988
10.887256
10.561772
10.642665
10.801278
10.809402
10.786201
10.597916
10.755147
10.583418
10.737163
10.854249
11.130173
10.682570
10.784162
10.521021
10.803025
10.658291
10.709803
10.624540
10.709017
10.784303
10.635316
10.981905
10.825281
10.612843
10.517321
10.655555
10.629865
10.934613
10.831448
10.678661
10.423291
10.768566
10.812541
10.676463
10.589098
10.935805
10.621107
10.703907
10.672882
10.719725
10.719014
10.711613
10.828555
10.788867
10.672335
10.765253
10.714085
10.832453
10.796730
10.868743
10.611759
10.564695
10.871545
10.906503
10.776308
11.275124
10.670866
10.659527
10.717205
10.714392
10.777745
10.663193
10.853881
10.809992
10.462555
10.694837
10.728463
10.642331
10.777853
10.578901
10.850330
10.884861
10.798157
10.625884
10.677889
11.005285
11.068351
10.720314
10.731035
10.797714
10.715206
10.571589
10.659381
10.719425
10.660311
10.710661
10.716609
10.757830
10.655926
10.729022
11.000611
10.694726
10.768999
10.552739
10.501221
10.667784
10.668136
10.803486
10.636013
10.701315
10.614913
10.536074
10.766806
10.736773
10.636558
10.735474
10.516407
10.584600
10.518101
10.648206
10.945101
10.638611
10.588172
10.782902
10.763049
10.903966
10.512156
10.571339
10.713758
10.705445
10.580418
10.919769
10.712720
10.707956
10.578894
10.877502
10.611404
10.682229
10.709777
10.798483
10.869480
10.768239
10.789496
10.567931
10.621198
10.833021
10.655516
10.699315
10.693556
10.616122
11.004160
10.832542
10.700650
10.498776
10.680239
10.806124
10.489796
10.571841
10.761432
10.655692
10.587710
10.420269
10.538412
10.747524
11.059737
10.748055
10.897516
10.818136
10.768490
10.654224
10.779072
10.802342
10.560802
10.666143
10.734452
10.719794
10.688055
10.874228
10.821572
10.621365
10.752561
10.737573
11.061272
10.576156
10.720544
10.634687
10.671383
10.864564
10.410246
10.483258
10.623675
10.539958
10.936510
10.638604
10.704711
10.850070
10.637464
10.709641
10.856975
10.990421
10.617357
10.843520
10.827238
10.722526
10.765721
10.873631
10.514639
10.723063
10.990260
10.856534
10.747184
10.778454
10.587225
11.156588
10.768533
10.547389
10.603849
10.781416
10.592821
10.880420
10.647284
10.853673
10.775223
10.605140
10.948853
10.597774
10.664613
10.874530
10.726107
10.798555
10.761356
10.411463
10.753223
10.834155
10.589030
10.490333
10.656722
10.760260
10.799137
10.709370
11.187075
10.713205
10.474866
10.536134
10.565897
10.854691
10.664374
10.557924
10.781401
10.828290
10.675736
10.887977
10.900548
10.675784
10.788988
10.287920
10.625679
10.573979
10.742208
10.857984
10.501315
10.652149
10.744892
10.674735
10.501958
10.670249
10.686036
10.527987
10.950996
10.864857
10.927607
10.657058
10.649537
10.501260
10.664636
10.672808
10.613971
10.642817
10.828257
10.876560
10.939613
10.521130
10.721754
10.597822
10.647744
10.344520
10.720985
10.697793
10.695150
10.598940
10.712987
10.655374
10.787784
10.826140
10.745055
10.436716
10.854570
11.130632
10.750944
11.066872
10.687374
10.664336
10.652231
10.527091
10.744531
10.773153
10.802794
10.836863
10.895649
10.971883
10.835496
10.557074
10.735892
10.957677
10.701949
10.583323
10.856808
10.655288
10.847684
10.832587
10.891357
10.717855
10.748253
10.793822
10.764062
11.023306
10.702584
10.671723
10.876730
10.649478
10.655805
10.668293
10.857759
10.883976
10.852822
10.835161
10.836918
10.917279
10.656939
10.670001
10.702670
10.656596
11.144965
10.648120
10.764643
10.821685
10.653090
10.672971
10.632423
10.744180
10.626253
10.702207
10.657952
10.796370
10.946191
10.560860
10.791716
10.646613
10.715452
10.459591
10.737573
10.784837
10.809837
10.522257
10.785183
10.722827
10.615413
10.724770
10.864062
10.804000
10.915580
10.681216
10.815353
10.868427
10.844704
10.772697
10.648616
10.602759
10.844958
10.923759
10.873731
10.685690
10.579690
10.667780
10.666013
10.766231
10.578225
10.954276
10.591295
10.722787
10.687238
10.593539
10.631591
10.705405
10.683447
10.626854
10.743772
10.647201
10.808255
10.835483
10.686753
10.691283
10.557509
10.731092
10.584703
10.826385
10.646941
10.555158
10.626796
10.722417
10.531869
10.818832
10.534652
10.911548
10.783429
10.901107
10.731012
10.731012
