10.554667
10.811877
10.711377
10.795756
10.743505
10.753734
10.583575
11.091006
10.638176
10.613975
10.534947
10.739734
10.857397
10.876971
10.701341
10.850235
10.724551
10.588332
10.594512
10.793309
10.748052
10.427651
10.617607
10.775665
10.587639
10.422797
11.090845
10.653989
10.510685
10.622068
10.479323
10.987117
10.988069
10.700737
10.898039
10.680148
10.604448
10.631125
10.445232
10.703614
10.690948
10.656777
10.671716
10.642914
10.709821
10.620393
10.669517
10.577175
10.515284
10.709300
10.638157
10.695982
10.735919
10.798647
10.611773
10.566041
10.550336
10.419210
10.766748
10.732921
10.749173
10.789502
10.597909
10.499340
10.775776
10.631829
10.577238
10.650040
10.682439
10.773733
10.761513
10.712909
10.561225
10.865023
10.640153
10.649727
10.902756
10.854911
10.925541
10.785263
10.663090
10.695779
10.656599
10.573854
10.844061
10.685042
10.778996
10.839334
10.625577
10.545389
10.661145
10.632992
10.630992
10.707053
10.697055
10.590491
10.707771
10.765019
10.503849
10.687847
10.720995
10.676664
10.497908
10.669308
10.728657
10.932230
10.754991
10.550479
10.649581
10.590115
10.645081
10.746316
10.757980
10.587759
10.398081
10.940818
10.824279
11.066529
10.703169
10.825350
10.625000
10.928074
10.543866
10.707152
10.753888
10.825441
10.652003
10.722063
10.605559
10.655139
10.812928
10.971030
10.637424
10.626515
10.962273
10.672975
10.789682
10.750179
10.864371
10.681227
10.676950
10.861770
10.677640
10.510192
10.645777
10.715337
10.835045
10.785540
10.650253
10.554861
10.597683
10.614522
10.596915
10.435505
10.763933
10.803077
10.860156
10.654104
10.699083
10.679787
10.610308
10.876292
10.527186
10.726175
10.862686
10.471330
10.915413
10.633039
11.066720
10.672410
10.628723
10.555268
10.458374
10.506755
10.461783
10.824059
10.695484
10.651291
10.607335
10.569814
10.694122
10.785809
10.546205
10.877597
10.806240
10.794338
10.687230
10.763743
10.751278
10.594790
10.735719
10.711093
10.832884
10.554955
10.584979
10.696114
10.762694
10.567768
10.717551
10.716267
10.574918
10.572783
10.605516
10.617573
10.617508
10.541873
11.206094
10.624116
10.743046
10.682365
10.811560
10.619041
10.897971
10.701839
10.680844
10.656956
10.825082
10.747511
10.438377
10.634959
10.758630
10.609388
10.403873
10.714000
11.007716
10.658011
10.733626
10.738749
10.764932
10.626076
10.696554
10.837175
10.716722
10.711235
10.797787
10.519734
10.655381
10.619020
10.599444
10.760867
10.626692
10.750591
10.599239
10.498716
10.689461
10.834377
10.721083
10.634046
10.878747
10.564072
10.659405
10.662618
10.703858
10.588491
10.728437
10.745727
10.807076
10.634965
10.607609
10.860450
10.871949
10.834901
10.728482
10.747450
10.843485
10.616661
10.935844
10.872138
10.698292
10.679127
10.638567
10.910932
10.670419
10.626765
10.725023
10.674859
10.743692
10.752059
11.108762
10.651817
10.957354
10.571253
10.621281
10.804628
10.721386
10.530494
10.675091
10.855441
10.780916
10.593695
10.797195
10.676152
10.658755
10.650662
10.608150
10.635136
10.691679
10.702999
10.582249
10.659381
10.665241
10.643123
10.847015
10.596563
10.594712
10.779304
10.573935
10.844126
10.619855
10.585346
10.661140
10.651019
10.854485
10.623187
10.602111
10.830580
10.517501
10.720605
10.815824
10.416287
10.609098
10.709736
10.835275
10.755020
10.758569
10.821560
10.723881
10.746179
10.648704
10.631918
11.049423
10.385956
10.501924
10.732637
10.705641
10.734522
10.834424
10.811634
10.971123
10.851454
10.868831
10.770244
10.824222
10.452179
10.700197
10.661960
10.684224
10.644362
10.775224
10.595748
10.639486
10.750569
10.951820
10.422404
10.717300
10.607134
10.518317
10.814694
10.721921
10.745442
10.688037
10.693421
10.486285
10.747732
10.685423
10.443343
10.762124
10.717551
10.464421
10.726891
10.706948
10.659149
10.646194
10.503703
10.621019
10.821397
10.620199
10.730737
10.939367
10.750527
10.808373
10.494932
10.691110
10.784848
10.610202
10.803848
10.459181
10.515676
10.992751
10.613569
10.561776
10.690730
10.780650
10.596694
10.596692
10.624949
10.584447
10.704968
10.784765
10.646841
10.777227
10.962932
10.806577
10.814953
10.789516
10.720488
10.904848
10.416203
10.654714
10.509775
10.760434
10.668992
10.636299
10.581813
10.828845
10.596540
10.589659
10.624080
10.552000
10.558872
10.590606
10.837982
10.580080
10.812505
10.661496
10.426849
10.689120
10.968077
10.801912
10.564571
10.705261
10.515872
10.513721
10.480372
10.507711
10.709769
10.714564
10.655229
10.626687
10.479043
10.656978
10.669683
10.644702
10.645663
10.745585
10.705769
10.838397
11.139011
10.718429
10.586488
10.676724
10.642647
10.924080
10.586189
10.663697
10.589727
10.688650
10.853222
10.691090
10.664933
10.597590
10.796706
10.731510
10.666201
10.638266
10.492258
10.505616
10.676996
10.748382
10.427917
10.361368
10.638159
10.869660
10.997590
10.499885
10.749284
10.813572
10.597521
10.678127
10.690702
10.478492
10.705969
10.494429
10.577959
10.572483
10.743319
10.806606
10.678787
10.620682
10.431947
10.670472
10.686294
10.823759
10.658151
10.850971
10.849017
10.946149
11.358688
10.687421
10.765477
10.739873
10.773375
10.686563
10.913596
10.834768
10.629665
10.747945
10.378331
10.755460
10.999912
10.633098
10.604563
10.680453
10.575893
10.740476
10.799787
10.783761
10.600864
10.639223
10.811979
10.838995
10.587984
10.756151
10.715779
10.569225
10.439548
10.849087
10.697034
10.606077
10.679293
10.764137
10.564164
10.699876
10.761782
10.745414
10.886719
10.739807
10.905803
10.640963
10.817954
10.771244
10.779496
10.743141
10.893089
10.648546
11.036841
10.818282
10.948839
10.575545
10.574015
10.661894
10.666708
10.448050
10.516595
10.664186
10.612047
10.599257
10.818181
10.803238
10.705607
10.627304
10.700613
10.637569
10.701624
10.438907
10.610788
10.602628
10.670063
10.743809
10.737424
10.771605
10.628081
10.608165
10.838089
10.793405
10.598299
10.616029
10.651160
10.602605
10.729561
10.671494
10.435377
10.911574
10.565684
10.648578
10.588720
10.682575
10.744229
10.702413
10.842818
10.574995
10.638332
10.916767
10.629413
10.532249
10.836306
10.669904
10.637153
10.622755
10.754214
10.627722
10.891473
10.616524
10.874646
10.677465
10.635295
10.752070
10.599319
10.572479
10.681010
10.726131
10.640463
10.818916
10.714229
10.693820
10.745345
10.710800
10.688512
10.687823
10.618805
10.860468
10.609819
10.826392
10.719140
10.581308
10.791148
10.684088
10.721374
10.688718
10.445882
10.876443
10.477841
10.941905
10.660569
10.758248
10.867004
10.776137
10.520985
10.697364
10.742980
10.810909
10.657013
10.405401
10.805118
10.580487
10.623741
10.782396
10.745092
10.530043
10.815761
10.601313
10.593950
10.547261
10.737492
10.750110
10.685851
10.594012
10.845598
10.583020
10.717935
10.920689
10.909018
10.831795
10.592562
10.645579
10.565695
10.656985
10.683777
10.642131
10.598676
10.585950
10.700025
10.719461
10.673960
11.114950
10.549469
10.770849
10.638231
10.763388
10.826798
10.779479
10.716096
10.587038
10.874535
10.615223
10.699108
10.760234
10.662899
10.650898
10.462857
10.514256
10.937155
10.696539
10.819826
10.714367
10.673048
10.687633
10.579239
10.571510
10.655723
10.638276
10.532553
10.647347
10.523190
10.586591
10.531568
10.586599
10.733594
10.900543
10.668763
10.569541
10.585286
10.702465
10.693673
10.575347
10.911540
10.519703
10.579406
10.892748
10.549073
10.592486
10.940069
10.913529
10.839768
10.681144
10.510537
10.683703
10.866377
10.807257
10.772673
10.427882
10.660079
10.675903
10.680518
10.684220
11.140202
10.712408
10.698392
10.752948
10.692356
11.025360
10.675189
10.791870
10.669811
10.702031
10.495326
10.693811
10.965584
10.514308
10.712026
10.982749
10.755564
10.583943
10.863349
10.704551
10.786857
10.721982
10.756780
10.727727
10.605108
10.865315
10.746373
10.702762
10.626083
10.531965
10.698690
10.549922
10.441897
10.946250
10.655089
10.591452
10.740060
10.392697
10.870911
10.593540
10.872335
10.609278
10.508078
10.824575
10.639665
10.886299
10.650415
10.533025
10.557332
10.802862
10.575759
10.731415
10.591487
10.707714
10.573352
10.752950
10.764451
10.720748
10.620146
10.580901
10.822259
10.824778
10.614352
10.421711
10.703161
10.787897
10.847409
10.562213
10.670756
10.519473
10.578847
10.839092
10.571511
11.045209
10.715417
10.606869
10.828236
10.943580
10.627128
10.823650
10.728314
10.764687
10.437277
10.747358
10.631540
10.690903
11.108545
10.659276
10.767163
10.727861
10.764462
10.934631
10.871639
10.732508
10.640530
10.696347
10.538981
10.591520
10.856502
10.598536
10.567962
10.816626
10.610620
10.710906
10.516561
10.857140
10.779939
10.775250
10.852875
10.568085
10.679264
10.583754
10.597927
10.700409
10.831670
10.775542
10.723756
10.621920
10.680746
10.439334
10.749172
10.638443
10.744716
10.481289
10.915950
10.784017
10.634041
10.967863
10.699201
10.911867
10.506433
10.709151
10.752767
10.466960
10.777203
10.504575
10.646983
10.671528
10.656082
10.621605
10.547553
10.623660
10.726121
11.035738
10.793046
10.524186
10.644810
10.463500
10.922624
10.736705
10.637201
10.913522
10.663309
10.820628
10.754484
10.938234
10.656524
10.857774
10.622451
10.667404
10.904934
10.897739
10.701533
10.592743
10.743525
10.497364
10.513479
10.596538
10.703021
10.661291
10.493205
10.685451
10.736686
10.854890
10.537850
10.501581
10.613496
10.596583
10.998489
10.598596
10.775221
10.649308
10.624364
10.595629
10.673433
10.535517
10.632728
10.782108
10.771707
10.644743
11.049776
10.634029
10.711860
10.720458
10.671799
10.766694
10.681435
10.644081
10.703215
10.638099
10.746209
10.686967
10.615538
10.602056
10.624353
10.597305
10.869602
10.710003
10.994813
10.621363
10.624758
10.731108
10.681234
10.596910
10.517223
10.904438
10.733357
10.957390
10.608197
10.777672
10.615835
10.803247
10.856684
10.674866
10.693071
11.232623
11.074561
10.823214
10.612747
10.663907
10.778904
10.700512
10.551489
10.686431
10.464763
10.754001
10.673889
10.554946
10.595699
10.819549
10.738670
10.641879
10.515018
10.582691
10.572019
10.645100
10.886972
10.731765
10.590886
10.653864
10.668804
10.724852
10.757365
10.426942
10.451406
10.750543
10.823610
10.517375
10.797273
10.761632
10.906259
10.742183
10.538537
10.750025
10.875174
10.568263
10.635098
10.583648
11.098424
10.735624
10.728333
10.714826
10.727031
10.763381
10.393750
10.974753
10.684845
10.468292
10.861308
10.653514
10.653318
11.169604
10.550938
10.580901
10.679388
10.662020
10.843778
10.507593
10.544026
10.639750
10.736829
10.523394
10.673151
10.563073
10.788942
10.625663
10.625346
10.779567
10.632460
10.655502
10.729873
10.926533
10.527037
10.464292
10.798165
10.806267
10.806968
10.678959
10.651765
10.824453
10.716879
10.654454
10.683476
10.569566
10.635470
10.698101
10.856044
10.650640
11.015356
10.576053
10.634189
10.626914
10.653203
10.984060
10.622696
10.717931
10.917260
10.801259
11.072362
10.764096
10.515826
10.760684
10.691164
10.639838
10.737179
10.479189
10.657709
10.681255
10.774922
10.718203
10.794563
10.430682
10.747117
10.643436
10.766223
10.616508
10.707218
10.785989
10.547446
10.634278
10.952364
10.827161
10.834805
10.729156
10.780695
10.610438
10.650175
10.675973
10.433065
10.969543
10.637408
10.951513
10.567925
10.812912
10.574534
10.866195
10.627714
10.652914
10.565848
10.904602
11.045306
10.553810
10.803960
10.683107
10.765640
10.910448
10.890610
10.594603
10.848074
10.746229
10.810003
10.751526
10.600859
10.718546
10.772751
10.595637
10.670841
10.665739
10.619882
10.601164
10.610660
10.795034
10.723009
10.524346
10.579086
10.541310
10.720501
10.517063
10.490784
10.675779
10.625850
10.567892
10.539469
10.727325
10.728824
10.653771
10.652367
10.494611
10.925600
10.714339
10.798230
10.797797
10.911680
10.583326
10.468273
10.556103
10.601898
10.656819
10.802925
10.822965
10.522726
10.588254
10.666511
10.571623
10.679384
10.522699
10.739769
10.719968
10.520150
10.630906
10.676579
10.602795
10.846693
10.703913
10.594992
10.612447
10.905398
10.661205
10.899169
10.588936
10.855327
10.657309
10.678629
10.588137
10.575355
10.710858
10.678481
10.633382
10.785619
10.584953
11.192200
10.708560
10.836188
10.890653
10.665672
10.879471
10.793139
10.657341
10.839965
10.757909
10.810458
10.776027
10.499787
10.682863
10.646343
10.420094
10.579672
11.263974
10.907211
10.656635
10.506442
10.616325
10.822797
10.727892
10.562370
10.648441
10.591810
10.700604
10.647812
10.682968
10.613307
10.612942
10.516406
10.786714
10.454795
10.816750
10.563731
10.668195
10.441206
10.713582
10.699927
10.702189
10.643044
10.688220
10.695357
10.774504
10.876166
10.598756
10.676120
10.785779
10.531636
10.532782
10.577058
10.621586
10.485243
10.660225
10.610833
10.853732
10.724731
10.614992
10.681447
10.567727
10.692448
10.579489
10.731719
10.883725
10.962719
10.672872
10.783601
10.713748
10.797744
10.582787
10.946568
10.521776
10.526969
10.601045
10.501447
10.729788
10.548278
10.677360
10.667190
10.543563
10.772791
10.777343
10.737362
10.846842
10.875653
10.483037
10.614009
10.761347
10.643785
10.696187
10.658961
10.731941
10.806973
10.880116
10.863722
10.737668
11.140780
10.579269
10.545782
10.712912
10.576526
10.702319
10.858560
10.808924
10.697166
10.689472
10.700060
10.647245
10.593975
10.678273
10.801122
10.662650
10.500653
10.683269
10.665617
10.693537
11.072482
10.825604
10.715289
10.798444
10.807204
10.745886
10.676684
10.874536
10.803892
11.171531
10.685681
10.759549
10.784080
10.825397
11.188079
10.656115
10.783240
10.654775
10.547687
10.827253
10.502690
10.907942
10.702115
10.671978
10.850169
10.652682
10.579004
10.700232
10.714982
10.593796
10.481453
10.661781
10.842645
11.162884
10.963752
10.535333
10.675572
10.566383
10.635243
10.851522
10.938519
10.769135
10.687856
10.842164
10.670112
10.672859
10.598553
10.779485
10.631660
10.881103
10.815255
10.751276
10.660931
10.727970
10.901341
10.502219
10.707440
10.768272
10.619609
10.509811
10.656641
10.671946
10.646635
10.753359
10.685301
10.488002
10.668818
10.558308
10.534981
10.845418
10.728253
10.659466
10.620025
10.720752
10.867256
11.136665
10.788539
10.710460
10.696773
10.698959
10.655801
10.542358
10.527177
10.562772
10.420668
10.658768
10.559493
10.569089
10.741136
10.618589
10.790615
10.454238
10.593081
10.674375
10.981561
10.803796
10.685358
10.735290
10.962400
10.717255
10.822599
10.716214
10.620566
10.820862
10.717230
10.604565
10.916059
10.552376
10.896953
10.888659
10.451297
10.751091
11.042774
10.842849
10.731523
10.647742
10.734649
10.703225
10.735076
10.762113
10.623946
10.820476
10.861694
10.716325
10.659741
10.736138
11.214075
10.619474
10.738305
10.904409
10.620560
10.917964
10.588218
10.762709
10.680070
10.677499
10.563941
10.521179
11.002404
10.451921
10.695178
11.125355
10.682496
10.601439
10.675879
10.552212
10.705812
10.857565
10.597291
10.591647
10.791237
11.029166
10.684061
11.214019
10.590051
10.803691
10.760603
10.558045
10.680040
10.747071
10.883120
10.665420
10.704779
10.787996
10.492062
10.560175
10.748542
10.869870
10.526758
10.969687
10.621764
10.800362
10.844237
10.779974
10.747979
10.791841
10.886825
10.903434
10.711116
10.769058
10.668334
10.820283
10.641169
10.527675
10.733953
10.627858
10.602742
10.603314
11.027508
10.775788
10.855578
10.583624
10.523971
10.713611
10.793113
10.649340
10.688250
10.801868
10.715045
10.556317
10.753436
10.703020
10.610363
10.750863
10.851706
10.822863
10.845758
10.729018
11.017489
10.703318
10.605449
10.706082
10.546480
10.479948
10.702587
10.584315
10.601574
10.757289
11.310792
10.699524
10.627367
10.644747
10.434728
10.688217
10.756629
10.674223
10.619119
10.662296
10.691009
10.761630
10.508501
10.677363
10.683009
10.585407
10.906756
10.623159
10.557128
10.708861
10.811735
10.582685
10.628034
10.490967
10.651411
10.957543
10.778924
10.823949
10.943667
11.013090
10.557881
10.680970
10.734988
10.726740
10.608334
10.694714
10.633191
10.723801
10.655825
11.052839
10.636135
10.792315
10.755161
10.754920
10.762129
10.676955
10.842606
10.702893
10.785375
10.600361
10.674094
10.712417
10.535630
10.635569
10.965699
10.869112
10.683197
10.663873
10.396606
10.868071
10.854526
10.337953
10.380348
10.722678
10.435778
10.848926
10.842742
10.618420
10.695019
10.783263
10.723162
10.692562
10.718907
10.759498
10.701220
10.777956
11.046265
10.592283
10.494831
10.717132
11.048010
10.619614
10.772668
10.740667
10.514085
10.715146
10.822311
10.618983
10.971085
10.718556
10.986773
10.622208
10.807097
10.907992
10.759001
10.703939
10.636910
10.724072
10.786905
10.838624
10.566606
10.679170
10.576164
11.219280
10.516552
10.705927
10.887343
10.663759
10.994364
10.569013
10.929378
10.594719
10.658541
10.632471
10.748129
10.821877
10.770445
10.593655
10.733235
10.583780
10.736128
10.809687
10.511857
10.621475
10.541533
10.663747
10.573669
10.602007
10.760153
10.567795
10.546223
10.911391
10.453008
10.780662
10.614751
10.625354
10.750400
10.474587
10.762915
10.726644
10.596257
10.671819
10.594434
10.635130
10.765096
10.709013
10.850607
10.670725
10.964091
10.459034
10.605557
10.713292
10.661414
10.556609
10.764812
10.671045
10.537688
10.675633
10.713544
10.754456
10.694840
10.689654
10.743071
10.455254
10.861322
10.743777
10.972695
10.662119
10.578341
10.636982
10.552625
10.548793
11.022004
10.530251
11.016499
10.804563
10.686684
10.516876
10.582656
10.506138
10.633467
10.465339
10.696459
10.820528
10.650808
10.737988
10.599198
10.750530
10.913245
10.792446
10.972867
10.827948
10.735411
10.779855
10.828389
10.594499
10.747176
10.672984
10.505735
10.507339
10.522103
10.735290
10.632620
10.651737
10.626717
10.535467
10.694597
10.972172
10.641401
10.768512
10.528730
10.693655
10.833450
10.547433
10.685172
10.798448
10.696869
10.722929
10.795333
10.630254
10.568039
10.636568
10.882560
10.670248
10.648679
10.648895
10.737239
10.711417
10.812556
10.840903
10.654510
10.865257
10.795027
10.689386
10.842691
11.036738
10.768588
10.596313
11.052598
10.461805
10.825669
10.595247
10.681944
10.739136
10.617117
10.702736
10.537231
10.490024
10.730200
10.925210
10.921912
10.905630
10.982904
10.846367
10.995040
10.810911
10.584420
10.711761
10.866463
10.549646
10.861349
10.692907
10.667619
10.655633
10.614747
10.648050
10.745288
10.606584
10.652636
10.713313
10.672201
10.829094
10.871530
10.727661
10.936457
10.536027
10.755008
10.888755
10.767622
10.861711
10.869546
10.690757
10.583716
10.532353
10.707506
10.562685
10.556337
10.697861
10.575041
10.655235
10.749296
10.480490
10.633504
10.644900
10.576818
10.518944
10.541770
10.797031
11.115114
10.738234
10.623842
10.492405
10.796439
10.651605
10.677450
10.778520
10.874372
11.023627
10.707215
10.529529
10.447523
10.694831
10.856267
10.737308
10.504216
10.460350
10.696885
10.744972
10.437673
10.542090
10.770281
10.718414
10.690977
10.599059
10.621121
10.715283
10.702403
10.614968
10.604535
11.102419
10.709006
10.399705
10.660717
10.670868
10.556584
10.681562
10.814600
10.697319
10.677723
10.814856
10.679214
10.727521
10.880956
10.711173
10.776520
10.689038
10.739780
10.802251
10.488439
10.914861
10.784851
10.628710
10.574386
10.799851
10.801658
10.792720
10.778191
10.446031
10.758331
10.763528
10.883146
10.730756
10.651462
10.602475
10.325382
10.659018
10.669654
10.601303
11.127479
10.678908
10.700139
10.542945
10.540241
10.784861
10.758268
10.583116
10.637772
10.899975
10.629387
10.758653
10.782771
10.623461
10.839234
10.742071
10.975699
10.948757
10.692420
10.754676
10.553793
10.577754
10.911356
10.820682
10.774116
10.577464
10.582544
10.654247
10.718441
10.693599
10.658408
10.800616
10.636864
10.626200
10.755970
10.709581
10.678516
10.694771
10.567806
10.871085
10.709854
10.671706
10.486749
10.602409
10.532559
10.675248
10.977020
10.877686
10.985510
10.993535
10.746150
10.712511
10.706763
10.692322
10.686151
10.697527
10.522772
10.647840
10.879283
10.662415
10.744113
10.583277
10.624940
10.365610
10.706558
11.205384
10.899073
10.730168
11.178914
10.630035
10.650052
11.105851
10.557362
10.659631
10.724443
10.635019
10.585860
10.712588
10.613677
10.632397
10.944008
10.944594
10.764456
10.760427
10.590810
10.684353
10.589343
10.374944
10.798308
10.577864
10.637018
10.620879
10.647257
10.751918
10.621566
10.667649
10.938466
10.511589
10.666955
10.774859
10.862604
10.744163
10.608747
10.591506
10.599937
10.539126
10.638993
10.768749
10.641125
10.992826
10.594751
10.784050
10.760221
10.630018
10.663592
10.675815
10.739457
11.107158
10.909257
10.497067
10.746175
10.723065
10.744660
10.645283
10.476981
10.814250
10.579729
10.780229
10.551479
10.736520
10.696753
10.553092
10.731008
10.583935
10.685763
10.855643
10.859818
10.724858
10.706366
10.700925
10.701720
10.443393
10.472221
10.606516
10.805613
10.574322
10.570842
10.775072
11.115786
10.601008
10.632076
11.016681
10.581838
10.679171
10.622772
10.645403
10.753310
10.841146
10.779923
10.653799
10.654480
10.623143
10.628518
10.600445
10.927121
10.549655
10.590673
10.788488
10.690592
10.652512
10.573454
10.698280
10.558662
11.002774
10.895441
10.808099
10.474116
10.866575
10.688711
10.825131
10.793174
10.508639
11.248934
10.968033
10.823926
10.516089
10.790995
10.716257
10.677817
10.780719
10.506634
10.595929
10.740967
10.661452
11.166618
10.606673
10.791917
10.734900
10.844694
10.781481
10.506951
10.497140
10.931761
10.780052
10.566549
10.946139
10.834780
10.547704
10.737100
10.644481
11.193068
10.701650
10.829875
10.842177
10.698693
10.748850
10.832331
10.969141
10.871744
10.764041
10.627116
10.650736
10.466334
10.674701
10.803403
10.552169
10.938241
10.574544
10.514875
10.987330
10.752484
10.720626
10.604623
10.514689
11.265525
10.911878
10.512512
10.630358
10.601733
10.633373
10.775390
10.872193
10.522121
10.646742
10.721466
10.816826
10.675543
10.796351
10.756033
10.692430
10.758491
10.727104
10.809670
11.051276
10.492029
10.603509
10.677355
10.690531
10.773096
10.864312
10.829524
10.732346
10.648041
10.688441
10.918602
10.873037
10.600026
10.833631
10.720069
10.793676
10.787947
10.990088
10.764238
10.402313
10.862950
10.627852
10.485547
10.570226
10.794670
10.628986
10.868191
10.627398
10.735027
10.637994
10.787197
10.756114
10.792169
10.527652
10.372813
10.558811
10.627080
10.915412
10.523278
10.758794
10.815406
10.649494
10.992190
10.938141
10.760207
11.085064
10.721638
10.779759
10.682768
10.803325
10.652871
10.263999
10.796866
10.805806
10.861766
10.623691
10.712797
10.713844
10.453621
10.789907
10.581980
10.798531
11.094387
10.880837
10.738323
10.720699
10.520844
10.577110
10.739937
10.757391
11.102832
10.903601
10.537291
11.045679
11.015511
10.816869
10.671846
10.586815
10.638467
10.515730
10.517978
11.049016
10.690139
10.564410
10.661203
10.809815
10.472657
10.668102
10.636197
10.817730
10.865261
10.886711
10.550215
10.848778
10.669972
10.702527
10.668814
10.642998
10.761838
11.011663
10.682006
10.804094
10.828084
10.662391
10.794253
10.661228
10.988426
10.626962
10.577472
10.624013
10.691741
10.714071
10.696216
10.745454
10.605802
10.626010
10.731841
10.781118
10.552764
10.906882
10.769030
10.817332
10.778342
10.531659
10.819669
10.916249
10.565051
10.834543
10.701573
10.485084
10.756509
10.961118
10.648027
10.818370
10.820335
10.607754
10.702676
10.500860
10.668052
10.618777
10.822068
10.762348
10.593628
10.817270
10.859718
11.157429
10.401356
10.494357
10.694076
10.826256
10.591769
10.595548
11.103203
10.742020
10.679066
10.780668
10.881390
10.690163
10.669416
10.774741
10.723366
10.648244
10.807875
10.643162
10.681065
10.452614
10.712557
10.561972
10.730719
10.922045
10.509315
10.730767
10.665782
10.793993
10.641888
10.685493
10.616352
10.388676
10.688906
10.728388
10.737215
10.662918
10.705582
10.529946
10.989039
11.281017
11.080220
10.851584
10.476900
11.143054
10.543931
10.561845
10.772829
10.762673
10.531738
10.604955
10.647599
10.755340
10.749814
10.526956
10.674753
10.570743
10.500120
10.637976
10.553094
10.553115
10.660645
10.939085
10.958738
10.634816
10.812222
10.741122
10.756519
10.543492
10.697646
10.697011
10.605135
10.819085
10.587344
10.487205
10.738919
10.707678
10.589101
10.790020
10.694642
10.655339
10.675885
10.706013
10.761177
10.919112
10.777381
10.948534
10.536222
10.933733
10.761594
10.390957
10.820194
10.759202
10.825357
10.775145
10.716573
10.534489
10.741737
10.683841
10.576977
10.517848
10.604683
10.815584
10.622782
10.910533
10.848437
10.547348
10.776638
10.726181
10.651404
10.589596
10.640509
10.824832
10.628955
10.598494
10.542302
10.572464
10.858718
10.544816
11.061896
10.505458
10.675315
10.889439
10.700123
10.626211
10.794913
10.632501
10.774648
10.642051
10.969824
10.573641
10.741608
10.545084
10.866721
10.474941
10.880607
10.587178
10.825743
10.684235
10.806897
10.697805
10.654712
10.886597
10.662758
10.893839
10.832264
10.587977
10.567703
10.592468
10.707335
10.610993
11.020455
10.763899
10.656416
10.740389
10.585823
10.925046
10.783341
10.750520
10.475753
10.615769
10.870146
10.628748
10.574007
10.771333
10.695939
10.846997
10.587773
10.501601
10.884563
10.772748
10.551400
10.744881
10.727757
10.512576
10.795563
10.612501
10.761492
10.868591
10.646789
10.634783
11.034126
10.582239
10.746069
10.665522
10.671326
10.644770
10.647365
10.683389
10.482837
10.644638
10.655454
11.082283
10.808633
10.502247
10.605149
10.756472
10.563731
10.714839
10.822020
10.727504
10.569074
10.561967
10.788787
10.704616
10.684595
10.527700
10.508429
10.910797
10.902313
10.582466
10.536618
10.714799
10.775119
10.766410
10.621946
10.730498
10.706047
10.510804
10.726380
10.696402
10.584350
10.706089
10.802504
10.918290
11.119367
10.516259
10.579947
10.913204
10.809022
10.515857
11.082347
10.985332
10.799015
10.718814
10.513587
10.743780
10.654288
10.960763
10.537787
10.703043
10.796622
10.693406
10.862561
10.598349
10.732712
11.016785
10.691311
10.550499
10.625425
10.756657
10.766181
10.800029
10.896916
10.725985
10.685589
10.701767
10.698898
10.661303
10.671474
10.475618
10.880136
10.614995
10.630052
10.713005
10.574313
10.581301
11.022533
10.837905
10.501851
10.612852
10.588567
10.705787
10.745395
10.590623
10.583103
10.540742
10.543076
10.729199
10.944726
10.641194
10.794085
10.668678
10.823448
10.872194
10.496640
10.851272
10.580089
10.823903
10.926492
10.796026
10.554500
11.071333
10.538552
10.902404
11.272257
10.684456
10.729661
10.738967
10.879269
10.582377
10.670750
10.695062
10.628378
10.557710
10.683492
10.792054
10.758253
10.922051
10.685008
10.594193
10.495022
10.877284
10.709058
10.566382
10.569900
10.732966
10.517826
10.517722
10.711027
10.847686
10.573690
10.594872
10.808077
10.776925
10.652481
10.550647
10.580385
10.822897
10.612232
10.485613
10.759284
10.760833
10.461683
10.544315
10.697620
10.598825
10.738973
10.878382
10.660865
10.713962
10.614643
10.673434
10.691816
10.680379
10.616645
10.662767
10.777761
10.761876
10.891433
10.815665
10.767722
10.759324
10.693579
10.879543
10.917049
10.712329
11.085849
10.710971
10.511645
10.707191
10.512395
10.597665
10.663061
10.576141
10.982874
10.697024
10.673644
10.794651
10.584306
10.699050
10.594856
10.738860
10.822013
12.342747
12.071806
10.704905
10.645626
10.518451
10.545658
10.556414
10.931828
10.580494
10.823809
10.533387
10.739803
10.634507
10.670593
10.817050
10.634880
10.821500
10.665841
10.639443
10.839683
10.696277
10.949118
10.786552
10.813994
10.723839
10.752907
10.587405
10.634089
10.782205
10.868611
10.639584
10.566608
10.655680
10.821079
10.673233
10.764669
10.938925
10.603229
10.583428
10.693847
10.800214
10.639585
10.692029
10.877767
10.648081
10.603984
11.046354
10.802023
10.834957
10.684045
10.938861
10.710803
10.721907
10.507496
10.662431
10.550515
10.551195
10.764222
10.701715
10.482320
10.740358
10.582477
10.887865
10.725338
10.625150
10.742054
10.971308
10.726901
10.821370
10.543282
10.729544
10.581898
10.804874
10.503936
10.793312
10.703216
10.558774
10.584257
10.874811
10.695863
10.719229
10.626987
10.718594
10.527529
10.630871
10.805456
10.515253
10.606841
10.869277
10.647484
10.540200
10.647952
10.716173
10.733688
10.769943
10.715230
10.787704
10.797430
10.592504
10.575150
11.049296
10.602709
10.744413
10.682109
10.771804
10.379293
10.738513
10.833943
10.817381
10.404546
10.663523
10.813353
10.718272
10.530287
11.086756
10.677699
10.627130
10.670582
10.587073
10.622553
10.584622
10.614644
10.826435
10.609108
10.643918
10.667427
10.779325
10.598115
10.811476
10.635958
10.497171
10.645188
10.710255
10.920965
10.901972
11.001244
11.017553
10.799138
11.102723
10.786697
10.852525
10.514750
10.736542
10.564995
10.792868
10.776593
10.822581
10.722525
10.838095
10.927660
10.828150
10.783187
10.867465
11.104474
10.862550
10.726938
10.744481
10.627005
10.854594
10.738993
10.613031
10.646550
10.459225
10.584598
10.763548
10.760266
10.560500
10.468878
10.701868
10.819952
10.595749
10.578194
10.536838
10.804649
10.854151
10.867610
10.844753
10.695359
10.610405
10.736911
10.662248
10.745901
10.811875
10.899362
10.874715
10.658430
10.483126
10.828005
11.057130
10.632589
10.647377
10.990950
10.644960
10.619663
10.782338
10.639856
10.635604
10.592134
10.473911
10.483415
10.744679
10.628617
10.495985
10.609857
10.798131
10.788181
10.746897
10.863666
10.738409
10.642940
10.924219
10.769487
10.755800
10.650005
10.695680
10.482812
10.552208
10.743241
10.614354
10.928386
10.492935
10.766875
10.672587
10.388103
10.634541
10.615494
10.684846
10.850653
10.742329
10.957686
10.491953
10.430718
10.612634
10.837630
10.703947
10.634688
10.957338
10.575393
10.917210
10.661052
10.591877
10.701565
10.605169
10.766629
10.663532
10.431337
10.587205
10.633078
10.537712
10.606898
10.779834
10.512907
10.600526
10.944922
10.466330
10.716783
10.863931
10.587148
10.582562
10.739844
10.626438
10.481684
10.608311
10.853858
10.917212
10.660168
10.654822
10.619500
10.794316
10.608123
10.627006
10.500637
10.708076
10.724867
10.618529
10.777014
10.805455
10.836785
10.572083
10.547620
10.832630
10.555541
10.387850
10.840647
10.641689
10.579799
10.947125
10.741449
10.673277
10.824238
10.586429
10.714805
10.562006
10.711895
10.557360
10.606819
10.855074
10.501035
10.806937
10.769828
10.792288
10.614841
10.614187
10.558068
10.587110
10.490821
10.579397
10.668810
10.568746
10.741752
10.656605
10.627637
10.486336
10.743831
10.915333
10.934841
10.688987
10.511515
10.883946
10.856967
10.595030
10.718949
10.768448
10.669705
10.583272
10.787740
10.717898
10.663206
10.715124
10.805598
10.959516
10.907988
10.707907
10.695649
10.920595
10.640021
10.728472
10.813713
10.613297
10.552818
10.706511
10.959810
10.648527
10.678688
10.816899
10.813139
10.681365
10.698346
10.814389
10.846192
10.748775
10.729240
10.537329
10.758188
10.626827
10.603569
10.679845
10.795381
10.776588
10.670233
10.819417
10.393926
10.549514
10.585456
10.652899
10.706437
10.664438
10.565332
10.652377
10.588954
10.659658
10.647752
10.596932
10.683538
10.678935
10.838411
10.446240
10.807035
10.569995
10.568888
10.980117
10.654607
10.646164
10.896551
10.763394
10.986922
10.754582
10.601904
10.985451
10.578799
10.947280
10.781524
10.771153
10.512396
10.699701
11.101484
10.588861
10.797371
10.595352
10.603096
10.671203
10.565017
10.804437
10.645524
10.490662
10.656846
10.949969
10.674204
10.745086
10.775320
10.484202
10.659172
10.733973
10.432766
10.627978
10.769138
10.671740
10.661012
10.531479
10.741640
10.551470
10.668926
10.807423
10.618913
10.745642
10.570076
10.715212
10.522354
10.663817
10.782023
10.697907
10.828893
10.505433
10.745885
10.698263
10.829417
10.912302
10.737577
11.037348
10.695000
10.693341
10.549990
10.660463
10.644269
10.625241
10.638645
10.753739
10.611428
10.832592
10.605205
10.899010
10.731129
10.665503
10.670793
10.484930
10.640142
10.800348
10.894930
10.628684
10.582379
10.523747
10.704379
10.767998
10.678765
10.726622
10.877478
10.695014
10.595384
10.726071
10.691860
10.740975
10.453185
10.352792
10.643208
10.861900
10.791297
10.774706
10.673476
10.659105
10.591113
10.899885
10.771647
10.497637
10.642601
10.596750
10.576137
10.646783
10.632796
10.619178
10.870461
10.876171
10.731333
10.467384
10.581088
10.855513
10.740196
10.656444
10.658433
11.032297
10.696818
10.648768
10.734433
10.663622
10.712954
10.568453
11.002649
10.778647
10.675294
10.409958
10.661999
10.718273
10.510816
10.864571
10.750217
10.790220
10.665024
10.851136
10.722707
10.873981
10.814031
10.878340
10.667553
10.901912
10.557615
10.785611
10.736505
10.648579
10.592565
10.734260
10.596207
10.701998
10.391975
10.624660
10.671384
10.744863
10.525582
10.826347
10.676041
10.710996
10.680083
10.750699
10.771251
10.566975
10.621061
10.560127
10.666091
10.835445
10.717327
10.562234
10.716982
10.730214
10.816628
10.779778
10.842983
10.665589
10.766603
10.734026
10.562813
10.696966
10.609512
10.907147
10.641927
10.613103
10.526935
10.565533
10.655300
10.658294
10.673386
10.588284
10.823829
10.590231
10.699264
10.668576
10.743516
10.862364
10.623930
10.509938
10.847909
10.614804
10.814049
10.684761
10.660425
10.668187
10.701453
10.617513
10.838328
10.617704
10.709879
10.762460
10.858697
10.758417
10.673787
10.622844
10.625382
10.731348
10.715927
10.765999
10.643879
10.766573
10.675294
10.669789
10.823998
10.855369
10.797978
10.763668
11.210554
10.593669
10.783897
10.503387
10.683467
10.909101
10.830041
10.545987
10.716039
10.677909
10.718684
10.693567
10.603256
10.653985
10.665678
10.522245
10.754206
10.911711
10.712057
10.773893
10.805310
10.683639
10.579225
10.677107
10.628217
10.631256
10.545033
10.672090
10.519459
10.982138
10.609648
10.693756
10.522521
10.934947
10.690444
10.775207
10.723770
10.962406
10.728396
10.517820
10.554674
10.706785
10.383198
10.757563
10.856248
10.950560
10.734899
10.828462
10.807436
10.739153
10.551005
10.831526
11.016470
10.586808
10.760809
10.720544
10.511904
10.874784
10.720976
10.664776
10.759375
10.728356
10.625977
10.583717
10.730595
10.669676
10.572415
10.602511
10.644687
10.547390
10.853571
10.718597
10.648140
10.964115
10.760166
10.741034
10.603478
10.756534
10.496673
10.622263
10.760239
10.742219
10.847201
10.467434
10.451201
10.512967
11.144688
10.891977
10.742391
10.817345
10.518241
10.656869
10.686684
10.439566
10.911787
10.509996
10.570543
10.488627
10.912822
10.889356
10.816795
10.820283
10.603677
10.607240
10.869279
10.670063
10.704896
10.679817
10.714824
10.579243
10.705618
10.569650
10.661792
10.482291
10.724228
10.682218
10.784031
10.469294
10.796748
10.712868
10.747238
10.753743
10.599602
10.498579
10.701362
11.035750
10.592343
10.936713
10.542488
11.019736
10.843575
10.592377
10.506793
10.724256
10.734719
10.993052
10.672811
10.568521
10.699786
10.725081
10.779061
11.081367
10.707003
10.726670
10.631756
10.638868
10.554120
10.761074
10.544419
10.563317
10.647084
10.846962
10.671480
11.045399
10.637135
10.892909
10.586652
10.909930
10.743036
10.693548
10.483224
10.859728
10.778417
10.859793
10.717169
10.612772
10.668561
10.818374
10.676543
10.722963
10.746006
10.683122
10.841266
10.706143
10.752016
10.785984
10.650236
10.806627
10.720322
10.743987
10.506066
10.969907
10.687821
10.523976
10.715029
10.538335
11.148392
10.693337
10.663745
10.655744
10.667796
10.633376
10.604264
10.838266
10.585357
10.735282
10.591187
10.667449
10.599151
10.760619
10.496929
10.721089
10.772849
10.695214
10.710593
10.608450
10.746100
10.761868
10.678222
10.702943
10.949834
10.591782
10.726392
10.693782
10.699755
10.806005
10.606026
10.703955
10.766969
10.698345
10.469476
10.701908
10.640616
10.611056
10.550763
10.776373
10.617217
10.628973
10.838562
10.542269
10.626431
10.778139
11.069603
10.814622
10.888261
10.690711
10.655397
10.877862
10.622008
10.649855
10.663954
10.598761
10.851861
10.587591
10.656644
10.590548
11.454797
11.283328
10.666134
10.873369
10.632770
10.813533
10.737398
10.615109
10.600424
10.467020
11.006311
10.736404
10.588372
10.630123
10.734542
10.881378
10.759833
10.726641
10.685260
10.648039
10.830181
10.889659
10.663955
10.707421
10.885050
10.623112
10.670072
10.560802
10.619323
10.633390
10.731844
10.765190
10.790790
10.701188
10.628295
10.780401
10.543404
10.855202
10.489036
10.490976
10.821288
10.685875
10.562728
10.555932
10.707119
10.735526
11.013274
10.683817
10.665328
10.734514
10.706023
10.705116
10.905978
10.879229
10.762179
10.490805
10.568076
10.732085
10.776260
10.551933
10.829433
10.628983
10.851022
10.563048
10.839282
10.718514
10.599697
10.622600
10.747588
10.750986
10.674975
10.587168
10.517203
10.768015
10.606954
10.689064
10.592117
10.583937
10.650817
10.652392
10.629051
10.631256
10.752522
10.799477
10.921740
10.673383
10.763221
10.786356
10.849300
10.831707
10.526832
10.673173
10.582588
10.748629
10.631033
10.761350
10.842507
10.956955
10.826028
10.699252
10.684508
10.544563
10.569901
10.694748
10.608714
10.764144
10.574821
10.758980
10.868284
10.742500
10.795773
10.597001
10.726888
10.743436
10.668396
10.678193
10.655103
10.674714
10.853084
10.604183
10.613311
10.423769
10.697326
10.570544
11.092985
10.466075
10.556126
10.703760
10.664033
10.692693
10.691398
10.770825
10.722315
10.769959
10.854489
10.754762
10.692392
10.554450
10.510811
10.666103
10.572061
10.740236
10.482330
10.605715
10.993928
10.645579
10.826874
10.766055
10.526698
10.638109
10.556555
10.710686
10.690237
10.585415
10.664544
10.682039
10.759377
10.759331
10.635300
10.540843
10.600143
10.629139
10.794917
10.864587
10.644444
10.984294
10.642605
10.835854
10.505325
10.715411
10.738311
10.566299
10.849837
10.740692
10.763570
10.523933
10.565517
10.967923
10.405323
10.783333
10.683526
10.579313
10.956847
10.744089
10.912532
10.652242
10.844013
10.779238
10.632669
10.841409
10.638926
10.635903
10.501773
10.816378
10.774922
10.480953
10.501542
10.745924
10.956209
10.660364
10.620805
10.674983
10.630388
10.573393
10.690890
10.540243
10.840453
10.844266
10.822894
10.905521
10.807725
10.749440
10.765578
10.624813
10.862073
10.588328
10.490384
10.694008
10.604396
10.654850
10.899754
10.611113
10.475298
10.475692
10.449384
10.501369
10.803169
10.556531
10.748224
10.763389
10.714094
10.665556
10.583122
10.823251
10.698559
10.752297
10.654648
10.623850
10.690450
10.719171
10.796814
10.765178
10.598690
10.544252
10.832043
10.635432
10.548473
10.601442
10.911795
10.747395
10.670930
10.611081
10.874464
10.769327
10.624896
10.551256
10.814138
10.572295
10.657184
10.710739
10.707279
10.569836
10.834732
10.650593
10.679084
11.019133
10.561995
10.587765
10.789736
10.760445
10.716673
10.599231
10.523518
11.153581
10.503684
10.735295
10.499858
10.683840
10.915444
10.671267
10.574096
10.808188
10.745302
10.554897
10.555237
10.525706
10.651287
10.698319
10.713338
10.639289
10.790359
10.799778
10.558121
10.530497
10.753256
10.658687
10.596067
10.640057
10.808661
10.588785
10.787303
10.837676
10.934247
10.541144
10.841675
10.618910
10.730093
10.633735
10.869516
10.494103
10.561177
10.711995
10.738044
10.592441
10.705050
10.945645
11.241079
10.611438
10.649109
10.916055
10.613372
10.620624
10.670499
10.715144
10.622328
10.527115
10.861560
10.629432
10.600197
10.776078
10.627135
10.783730
10.708888
11.042224
10.534992
10.551961
10.901426
10.619916
10.645683
10.682743
10.758587
10.743970
10.790069
10.899844
10.493058
10.776704
10.662297
10.856624
10.854450
10.779751
10.686234
10.735689
10.623018
10.705193
10.637184
10.769631
10.799966
10.736509
10.408219
10.793839
10.621243
10.764735
10.777816
10.849444
10.741302
11.026982
10.880574
10.624175
10.605723
10.692714
10.445633
10.550833
10.592999
10.591698
10.699351
10.603690
10.650608
10.766051
10.491537
10.818282
10.655182
10.729499
10.580773
10.607056
10.766085
10.577756
10.832515
10.717446
10.768336
10.422688
10.835343
10.710472
10.679052
11.182007
10.820692
10.715287
10.683646
10.753088
10.940875
10.540913
10.438925
10.700330
10.512522
10.387873
10.731336
10.997542
10.558115
10.644241
10.565780
10.790377
10.505314
10.586690
10.616475
10.612194
10.651899
10.552867
10.799247
10.696001
10.658706
10.652827
10.515471
10.796776
10.908528
10.728886
10.661873
10.775789
10.729825
10.559634
10.728602
10.546515
10.714183
10.717647
10.696946
10.825295
10.662373
10.578508
10.648773
10.652918
10.829514
10.707950
10.823777
10.632663
10.654139
10.699620
10.510395
10.704486
10.719202
10.717093
10.840762
10.519326
10.772941
10.640301
10.464786
10.548752
10.547111
10.570387
10.779359
10.634432
11.046251
10.499107
10.620994
10.646495
10.742585
10.522145
10.600353
10.689876
10.586157
10.622636
10.782140
10.783652
10.591031
10.601839
10.780493
10.652895
10.525177
10.844571
10.679193
10.650872
10.503857
10.711574
10.722481
10.716180
10.671068
10.381639
10.630714
10.542363
10.672847
11.098663
10.678428
10.493603
10.924089
10.506797
10.570386
10.607233
10.622068
10.625971
10.606321
10.683833
10.805952
10.690987
10.823803
10.930572
10.613760
11.039580
10.659789
10.674248
10.641658
10.641143
10.918666
10.677022
10.774716
10.468743
10.651756
10.712380
10.577872
10.697852
10.882653
10.728769
10.677704
10.714153
10.810381
10.546654
10.786600
10.631327
10.546502
10.747037
10.727968
10.912023
10.929419
10.661310
10.800068
10.655777
10.576419
10.699381
10.586121
10.714921
10.775694
10.847823
10.762008
10.873515
10.788421
10.778448
10.565123
10.742543
10.718948
10.581585
10.707904
10.407022
10.828222
10.658947
10.790581
10.524285
10.569764
10.804635
10.805966
10.513305
10.822953
10.494599
10.773237
10.921107
10.980267
10.862760
10.586182
10.648996
10.724041
10.679477
10.868345
10.620070
10.685274
10.747453
10.843936
10.853332
10.562331
10.635839
10.789108
10.523033
10.694594
10.921405
10.868170
10.599705
10.677941
10.821426
11.013602
10.779714
10.784457
10.667444
10.851487
10.598323
10.735985
11.034341
10.740500
10.814728
10.921932
10.577511
10.688929
10.764250
10.703885
10.783285
10.804737
10.598298
10.552039
10.693065
10.609563
10.989684
10.733787
10.714828
10.782740
10.778941
10.815080
10.662899
10.582951
10.614177
10.882503
10.722517
10.690001
10.792990
10.596739
10.716265
10.599940
10.824412
10.826549
10.815400
10.624420
10.604535
10.696520
10.707218
11.079747
11.070668
10.856748
10.746964
10.954259
10.791955
10.988165
10.984930
10.694132
10.657426
10.690958
10.670171
10.722583
10.690245
10.692808
10.740477
10.692655
10.678649
10.600795
10.518480
10.700632
10.796346
10.839602
10.634531
10.687977
10.779725
10.569554
10.615636
10.719215
10.659533
10.686813
10.550584
10.518300
10.636289
10.662325
10.631032
10.664169
10.743587
10.888071
10.672452
10.617533
10.565869
10.703861
10.672383
10.498879
10.635414
10.655449
10.596066
10.475331
10.769736
10.870273
10.638201
10.666072
10.677719
10.560810
10.710406
10.658208
10.807026
10.644046
10.630979
10.558083
10.640765
10.905352
10.852037
10.603726
10.684338
10.846080
10.607450
10.808519
10.477607
10.648685
10.733654
10.738084
10.888522
10.747071
10.624871
10.575761
10.723976
10.960092
10.623270
10.677025
10.906182
10.673872
10.704566
11.003046
10.674900
10.536168
10.671766
10.739653
10.731855
10.517398
10.569519
10.576822
10.630736
10.497376
10.730123
10.465767
10.772831
10.585215
10.740527
10.534603
10.654758
11.077365
10.745286
10.646606
10.889014
10.833066
11.139724
10.890906
10.613708
10.796680
10.774303
10.701860
10.768021
10.732466
11.000368
10.829279
10.690659
10.541228
10.633368
10.815010
10.581958
10.788050
10.731246
10.854921
10.887751
10.653119
10.593272
10.748375
10.636395
10.625281
10.829368
10.657124
10.897571
10.571453
10.679207
10.864859
10.756323
10.765078
10.738369
10.534379
10.675870
10.770786
10.747721
10.639361
10.696954
10.823158
10.644414
10.646121
10.833898
10.806306
10.737253
11.056638
10.725264
10.626554
10.879281
10.713380
10.694025
10.656989
10.801807
10.628352
10.788404
10.838551
10.638739
10.621449
10.758628
10.915284
10.730513
10.557346
10.641605
10.660830
10.593211
10.983977
10.736657
10.669368
10.900606
10.582435
10.809278
10.643694
10.772729
10.622524
10.700843
10.820558
10.574236
10.895246
10.616684
10.608843
10.456907
10.647296
10.782369
10.498340
10.734965
10.555721
10.574905
10.678936
10.733332
11.041235
10.660722
10.561471
10.916880
10.935573
10.714361
10.642662
10.730780
10.645366
10.618448
10.927316
10.854651
10.678359
10.869273
10.698270
10.763456
10.949409
10.626342
10.704278
10.795760
10.651385
10.605593
10.733339
10.474574
10.647632
10.655219
10.637547
10.404106
10.590819
10.631179
10.658812
10.826730
10.607369
10.729098
10.880677
10.776212
10.826117
10.579710
10.662844
10.467116
10.632687
10.548439
10.895952
10.572213
10.591662
10.672708
10.775710
10.644607
10.776600
10.597316
10.764923
10.932030
10.709100
10.476357
10.515083
10.677476
10.581257
10.495931
10.753348
10.611284
10.843195
10.823689
11.109083
10.703416
10.801571
10.635463
10.842949
10.762392
10.629200
10.419803
10.738369
10.610183
10.654180
10.643043
10.687870
10.544567
10.746332
10.640116
10.650190
10.748322
10.580746
10.817604
10.516970
10.692414
10.533381
10.555247
10.701938
10.610271
10.858135
10.629224
10.516760
10.491276
10.442609
10.719601
10.630543
10.749635
10.573222
10.736627
10.617176
10.657938
10.631024
10.640747
10.670021
10.614438
10.751776
10.632220
10.882691
10.826488
10.801271
10.710008
10.719749
10.572336
11.037294
10.664332
10.676196
10.710907
10.430393
10.550610
10.616993
10.453480
10.686017
10.759079
10.632617
10.875796
10.564484
10.705305
10.534725
10.612107
10.545549
10.885022
10.724509
10.709639
10.574551
10.736734
10.790362
10.979431
10.621035
10.657651
10.495433
10.845478
10.622832
10.827848
10.561491
10.669536
10.630020
10.697617
10.519655
10.559752
10.717789
10.704756
10.621297
10.602207
10.666401
10.706430
10.656926
10.604904
10.639532
10.522064
10.975230
10.607495
10.541345
10.756589
10.878442
10.618078
10.913588
10.647662
10.714256
10.789356
10.747213
10.850369
10.795403
10.752364
10.791905
10.710305
10.679463
10.997210
10.646249
10.584265
10.633306
10.735308
10.694870
10.808739
10.725048
10.772375
10.622436
10.731167
10.955872
10.893009
10.779335
10.755294
10.789998
10.890425
10.731844
11.135865
10.514441
10.601266
10.843938
10.875292
10.763610
10.648161
10.683097
10.797684
10.543579
10.656678
10.477973
10.561746
10.788810
10.562976
10.937018
10.584608
10.910351
10.789918
10.634358
10.532604
10.762279
10.595473
10.746954
10.460527
10.724444
10.573505
10.719232
10.698886
10.521739
10.797652
10.645507
10.966446
10.639036
10.662284
10.803966
10.528742
10.866003
10.779127
10.698889
10.496240
10.843203
10.684891
10.812465
10.670611
10.777113
10.861582
10.724170
10.517214
10.675800
10.693796
10.665711
10.733240
10.578389
10.591839
10.657216
10.640381
10.764922
10.718594
10.477911
10.628867
10.590163
10.880559
10.609020
10.617049
10.766314
10.782800
10.762895
10.645483
10.658722
10.406921
10.640304
10.506710
10.648149
10.795206
11.037739
10.853924
10.840661
10.607902
10.938229
10.860044
10.646352
10.837160
10.615621
10.857872
10.668496
10.843473
10.706199
10.472416
10.997870
10.710397
10.603128
10.758935
10.673396
10.659136
10.696221
10.747950
10.866264
10.529416
10.620956
10.722552
10.642708
10.725167
10.518295
10.748566
10.678098
10.654877
10.578360
10.508613
10.627825
10.425345
10.641485
10.945285
10.675482
10.713571
10.673145
10.716474
10.641695
10.704660
10.686711
11.138251
10.759836
10.760563
10.573281
10.641408
10.687721
10.572696
10.623500
10.658896
10.738382
10.720501
10.382966
10.586162
10.785477
10.680386
10.488696
10.564237
10.706321
10.849566
10.529682
10.644418
10.508815
10.540215
10.626569
10.821725
10.733792
10.842209
10.998836
10.458977
10.628328
10.758259
10.664447
10.785848
10.657211
10.716599
10.625132
10.657156
10.657062
10.754753
10.593604
10.732151
10.739523
10.825913
10.725456
10.570239
10.640648
10.785062
10.794942
10.733998
10.720736
10.734463
10.606841
10.623975
10.721308
10.628725
10.970434
10.904280
10.606147
10.727999
10.528165
10.667744
10.841995
10.549619
10.667125
10.818671
10.690761
10.499047
10.606955
10.742305
10.991454
10.903945
10.720069
10.600352
10.596960
10.656503
11.086297
10.790048
10.675391
10.600215
10.639883
10.697117
10.795884
10.755381
10.503049
10.898091
10.633144
10.484600
10.956983
10.887098
10.488881
10.603662
10.608658
11.058797
10.713103
10.626369
10.621121
10.735020
10.567371
10.769937
10.829223
10.713342
10.850969
10.975608
10.658827
10.791938
10.606736
10.666988
10.576755
10.718009
10.575982
10.778016
10.829954
10.697436
10.695026
10.608729
10.709697
10.558150
10.650403
10.768135
10.600885
10.870542
10.699961
10.736629
10.657029
10.585625
10.791205
10.540694
10.882681
10.838366
10.561752
10.939328
10.626618
10.596646
10.747400
10.773022
10.907958
10.668113
10.527740
10.697999
10.607700
10.600588
10.981468
10.815465
10.719129
10.819061
10.624698
10.479951
10.645780
10.579916
11.225873
10.756112
11.105252
10.726204
10.752295
10.582236
10.607261
10.715546
10.827534
10.667584
10.797926
10.508969
10.724005
10.488238
10.582517
10.702674
10.842878
10.661118
10.725177
10.608127
10.811400
10.899327
10.693064
10.836135
10.804160
10.833093
10.676025
10.804601
10.464235
10.528376
10.712123
10.699978
10.772316
10.574500
10.846339
10.608561
10.915058
10.914060
10.654511
10.790791
10.929694
10.677335
10.629207
10.400822
10.437329
10.572624
10.594965
10.606294
10.525986
10.527298
10.231316
10.580123
10.699598
10.666954
10.613770
10.672200
10.632194
10.496695
10.555968
10.684758
10.667217
10.794516
10.590218
10.744730
10.816173
10.641664
10.882491
10.718754
10.702816
10.556222
10.567181
10.724595
10.765954
10.514251
10.800510
10.662689
10.641255
10.727787
10.693562
10.750886
10.979883
10.640346
10.656071
10.462816
10.730658
10.597063
10.646050
10.405112
10.510865
10.474595
10.864137
10.655091
10.862681
10.764758
10.628681
10.514981
10.575453
10.575298
10.687373
10.968962
10.432327
10.389945
10.592769
10.781484
10.649197
10.730098
10.850319
10.734086
10.541168
10.565769
10.541461
10.804870
11.001268
10.725298
10.991188
10.852991
10.691472
10.901359
10.712556
10.641742
10.728309
10.701462
10.582407
10.829114
10.669904
10.646489
10.584318
10.618863
10.963720
10.820294
10.752687
10.431151
10.782222
10.607228
10.595362
10.525424
10.630422
10.711416
10.987125
10.768076
10.706340
10.833251
10.902306
10.569220
10.814367
10.953754
10.740988
10.546235
10.773722
10.736624
10.619589
10.892331
10.775101
10.725589
10.705222
10.669938
10.457734
10.786881
10.470395
10.682087
10.609654
10.689336
10.641002
10.728462
10.685616
10.541588
10.521732
10.595348
10.604890
10.672676
10.663223
10.773163
10.650612
10.725597
10.722424
10.738274
10.672388
10.528518
10.661630
10.630357
10.698820
10.864340
10.764554
10.437701
10.563510
10.776953
10.574668
10.765857
10.488739
10.689184
10.495073
10.599932
10.752046
10.724507
10.687826
11.164905
10.667453
10.693155
10.701274
11.016415
10.637389
10.637389
