10.939270
10.623439
10.611318
10.612680
10.755703
10.769515
10.780233
10.781481
10.571518
10.543012
10.783684
10.591457
10.693785
10.538433
10.880176
10.613144
10.829768
10.611833
10.611854
10.908624
10.823704
10.728295
10.611706
10.831202
10.864667
10.699356
11.008568
11.034625
10.672042
10.801523
10.836636
10.835608
10.658744
10.895550
10.633688
10.799959
10.600391
10.488679
10.680931
10.728322
10.555391
10.565140
10.678020
10.888047
10.754774
10.918155
10.740415
10.690964
10.850077
10.575945
10.800053
10.726420
10.637763
10.626124
10.418215
10.737583
10.645887
10.737149
10.690556
10.583334
10.768103
10.806888
10.795444
11.000107
10.896117
11.031812
10.586360
10.761995
10.713983
10.456173
10.744952
10.776222
10.605011
10.584151
10.721743
10.726110
10.723503
10.744218
10.706020
10.591376
10.761096
10.688343
10.612377
10.651245
10.741698
10.611733
10.708065
10.649812
10.478959
10.666446
10.651829
10.564255
10.484245
10.741532
10.617049
10.827716
10.663150
10.571267
10.909221
10.840027
10.740757
10.513322
10.621702
10.731020
10.581990
10.547181
10.880842
10.646516
10.543868
10.661623
10.596783
10.577269
10.645420
10.685271
10.697447
10.811132
10.689554
10.580372
10.744493
10.576202
10.959421
10.674446
10.888259
10.770189
10.654597
10.488473
10.804012
10.760261
10.624904
10.976108
10.612435
10.671190
10.829196
10.915367
10.570568
10.608322
10.671652
10.572997
10.839911
10.856933
10.833027
10.623665
10.690019
10.650639
10.686270
10.753360
10.633228
10.858413
10.727033
10.646307
10.616954
10.455637
10.567561
10.609981
10.491942
10.753731
10.971159
10.779148
10.543734
10.477783
10.673681
10.664411
10.780146
10.551520
10.758737
10.566771
10.653347
10.601022
10.716816
10.574793
10.572703
10.531300
10.537695
10.624154
10.722190
10.620514
10.897498
10.535964
10.762838
10.549341
10.655178
10.595688
10.498107
10.895381
10.672701
10.649476
10.622708
10.722479
10.713739
10.620990
10.778905
10.409542
10.630420
10.473851
10.798406
10.881076
10.731382
10.846428
10.565658
10.542134
10.808099
10.581391
10.839341
10.796055
10.705648
10.529015
10.508779
10.592207
10.727391
10.683744
10.874016
10.543493
10.793385
10.747970
10.749649
10.865022
10.583059
10.863211
10.872154
10.824080
10.603451
10.984543
10.869484
10.490836
10.657411
10.810423
10.628737
10.766198
10.528563
10.608184
10.735086
10.755195
10.619285
10.684389
10.746475
10.991567
10.781096
10.659806
10.938462
10.606717
10.693115
10.697384
10.561395
10.631788
10.733850
10.618819
10.822001
10.534783
10.643442
10.850227
10.819808
10.920871
10.910158
10.484419
10.671580
10.611795
10.683370
10.620253
10.630586
10.672178
10.559817
10.464330
10.757461
10.580154
10.812517
10.886543
10.687503
10.537782
10.587017
10.755885
10.643690
10.913011
10.823986
10.561472
10.673181
10.695808
10.675194
10.725498
10.711201
10.663727
10.441495
10.780563
10.701895
10.936681
10.773950
10.746310
10.737456
10.650615
10.551054
10.942557
10.619424
10.982724
10.568915
10.574641
10.589446
10.655182
10.736611
10.612073
10.740302
10.640870
10.459093
10.695515
10.708507
10.608983
10.633579
10.477507
10.608349
10.556465
10.751659
10.631042
10.909569
10.567575
10.695347
10.476712
10.378272
10.631627
10.553782
10.556905
10.675186
10.651763
10.783373
10.591557
10.549685
10.766315
10.834460
10.725066
10.602969
10.697102
10.679913
10.758650
10.668813
10.769883
10.458407
10.504075
10.719973
10.687490
10.591923
10.477832
10.643332
10.981638
10.649821
10.498821
10.954608
10.540488
10.627329
10.697947
10.726031
10.759619
10.781155
10.773432
10.662446
10.608161
10.726892
10.509729
10.669266
10.793293
10.596129
10.466512
10.529183
10.816125
10.650738
10.746723
10.682287
10.831077
10.649619
10.702212
10.882967
10.636407
10.788693
10.764620
10.730886
10.650584
10.612858
10.972957
10.658093
10.508234
10.838268
10.588661
10.590631
10.670273
10.723308
10.631805
10.791722
10.512946
10.536283
10.916019
10.699621
10.901566
10.671501
10.863958
10.938107
10.544240
10.913739
10.600297
10.784783
10.638744
10.513119
10.602491
10.511370
10.836993
10.646544
10.696322
10.691482
10.565626
10.651660
10.919480
10.485171
10.703888
10.552794
10.668558
10.598237
10.515522
10.731626
10.615137
10.729060
10.718396
10.731822
10.630461
10.560101
10.635002
10.743024
10.811760
10.667069
10.680590
11.005396
11.182090
10.791266
10.654526
10.464473
10.862772
10.625265
10.684631
10.705574
10.780464
10.732165
10.769629
10.614341
10.819004
10.985972
10.680849
10.866431
10.677035
10.603494
10.715604
10.872914
10.831191
10.765283
10.686721
10.639353
10.941766
10.721746
10.755748
10.827940
10.797257
10.633263
10.692961
10.819138
10.761399
10.726007
10.822957
10.591565
10.574493
10.744259
10.732110
10.611304
10.561995
10.899068
10.696341
10.704260
10.610105
10.647832
10.619111
10.761184
10.491559
10.641749
10.802592
10.622898
11.064855
10.679212
10.849378
10.962080
10.583156
10.814666
10.714220
10.622028
10.662530
10.919142
10.619540
10.767770
10.684815
10.797689
10.906850
10.719619
10.815943
10.797579
10.744537
10.666333
10.609173
10.760171
10.935403
10.711527
10.660167
10.557840
10.819255
10.615213
10.622901
10.913706
10.929200
10.432006
10.503419
10.625256
10.744590
10.740569
10.493062
11.034462
10.652413
10.632396
10.612935
10.837453
10.773149
10.623961
10.523213
10.880670
11.091857
10.753153
10.491345
10.661593
10.825654
10.609376
10.673211
10.763481
10.450900
10.876961
10.663652
10.576513
10.736520
10.731208
10.557527
10.973418
10.609836
10.749910
10.674923
10.597089
10.536990
11.045348
10.649776
10.562754
10.641448
10.857258
10.611070
10.483618
10.697567
11.004952
10.742226
10.606497
10.600988
10.681902
10.804039
10.596997
10.705617
10.717533
10.617442
10.656137
10.550518
10.772541
10.516315
10.741634
10.882883
10.959486
10.641937
10.689875
10.819696
10.672767
10.651470
10.901974
10.539011
10.776262
11.022858
10.594955
10.468581
10.631042
10.592148
10.538220
10.821051
10.682658
10.860467
10.625345
10.443918
10.691882
10.855936
10.610532
10.694230
10.610735
10.676778
10.876605
10.820063
10.835570
10.517853
10.597473
10.519931
10.964006
10.658806
10.634279
10.669665
10.529837
10.528650
10.773239
10.645363
10.681049
10.849812
10.663704
10.682509
10.647527
10.689084
10.553579
10.658529
10.732438
10.764121
10.505169
10.535343
10.715709
10.785646
10.727014
10.878783
10.617841
10.649842
10.551318
10.605086
10.472427
10.718502
11.004925
10.724042
10.639673
10.712794
10.689540
10.686417
10.917271
10.561664
10.719456
10.686355
10.621181
10.671320
10.788372
10.614889
10.555837
10.660454
10.537306
10.865702
10.486522
10.713621
10.775418
10.928469
10.643297
10.790106
10.700530
10.457454
10.572980
10.567537
10.745157
10.755645
10.995500
10.706569
10.617461
10.874787
10.481422
10.662946
10.748008
11.123309
10.917202
10.727597
10.690674
10.818146
10.702369
10.677433
10.513605
10.666018
10.499179
10.582166
10.891565
10.481473
10.724282
10.683168
10.793988
10.786853
10.720776
10.713795
11.097772
10.564302
10.761791
10.577908
10.533990
10.742109
10.706995
10.678516
10.816755
10.697026
10.805377
10.768400
10.676477
10.668566
10.832890
10.560188
10.594497
10.687530
11.009737
10.700888
10.720656
10.775641
10.534273
10.752529
10.617819
10.610373
10.738898
10.757253
10.534412
10.677226
10.710537
10.678808
10.624275
10.904661
10.609383
10.618277
10.808968
10.867771
10.713205
10.860877
10.657540
10.783027
10.550644
11.003054
10.684160
10.440732
10.620763
10.784443
10.573720
10.518271
10.724997
10.461694
10.635718
10.591824
10.578906
10.547868
10.659392
10.747208
10.545313
10.881377
10.518821
10.794961
10.640411
10.909106
10.722188
10.648911
10.490616
10.411635
10.720688
10.673692
10.568235
10.423855
10.761116
10.643993
10.448217
10.656677
10.756185
10.645211
10.695774
10.758316
10.761223
10.694995
10.597657
10.664165
10.820919
11.220072
10.700464
11.250576
10.669558
10.867229
11.009632
10.719942
10.687613
10.597921
10.945274
10.807361
10.720681
10.621484
10.567069
11.043754
10.586236
10.639402
10.901759
11.084060
10.722465
10.830832
10.648076
10.823159
10.935420
10.524020
10.743745
10.712887
10.718654
10.695397
10.996256
10.734633
10.749219
10.674918
10.592978
10.957175
10.651850
10.943128
10.828028
10.479027
10.723207
10.813036
10.724858
10.703477
10.627361
10.825283
10.608926
10.772273
10.560826
10.695620
10.756372
10.645898
10.786335
10.653756
10.690018
10.642050
11.054538
10.508165
10.832527
10.484424
10.714440
10.691719
10.606617
10.517528
10.788499
10.738507
10.742120
10.542787
10.692150
10.636173
10.636343
10.787823
10.572119
10.651262
10.805108
10.640686
10.593500
10.900828
10.659042
10.778218
10.508602
10.778640
10.861413
10.581260
10.636250
10.697332
10.807832
10.723885
10.747352
10.714081
10.762473
10.921360
10.826709
10.835560
10.651492
10.610850
10.656867
10.527730
10.672906
11.129487
10.563184
10.879454
10.716634
10.572577
10.865330
10.763844
10.734460
10.641312
10.700198
10.949289
10.763112
10.781166
10.401188
10.605166
10.525955
10.719096
10.690107
10.788041
10.705808
10.686297
10.544049
10.620419
10.493925
10.620102
10.648975
10.722128
10.786244
10.736293
10.577664
10.725679
10.464221
10.743784
10.699298
10.774056
10.639129
10.677782
10.580310
10.560174
10.773891
10.741469
10.813873
10.584023
10.467876
10.734548
10.972011
10.686514
10.835138
10.678124
10.699993
10.702378
10.910257
10.620830
10.568084
10.815774
10.709776
10.567856
10.523983
10.693517
10.545277
10.663176
10.670053
10.685391
10.640940
10.603671
10.764948
10.601725
10.495459
10.656775
10.601351
10.640630
10.923263
10.676968
10.632793
10.670863
10.582206
10.544102
10.683435
10.891263
10.883157
10.533109
10.734181
11.028377
10.749880
10.697075
10.904652
10.721681
10.811183
10.718574
10.610582
10.626187
10.896705
11.154704
10.678405
10.876383
10.609413
10.606495
10.798029
10.625520
10.502536
10.701405
10.644291
10.592495
10.494082
10.686258
10.734050
10.636689
10.843303
10.666118
10.681057
10.456615
10.571993
10.682235
10.852384
10.553099
10.486356
10.694907
10.909968
10.608396
10.757810
10.754783
10.541945
10.589338
11.216621
10.555217
10.775751
10.891589
10.820746
10.935252
10.693136
10.579409
10.562636
10.709827
10.733186
10.934047
10.608227
10.649448
10.659772
11.125820
10.581462
10.505865
10.801006
10.770220
10.655899
10.656430
10.763992
10.806588
10.647361
10.829525
10.652194
10.937511
10.833635
10.692994
10.683622
10.472815
10.509891
10.936880
10.677301
10.366668
10.645585
10.709965
10.676699
10.620803
10.718258
10.672270
10.946982
10.701745
10.691043
10.909521
10.815260
10.726244
10.585514
10.752999
10.616116
10.766148
10.781398
11.165179
10.650785
10.713572
10.698751
10.931577
10.509486
10.818008
10.827315
10.558635
10.815226
10.798544
10.871974
10.737989
10.726724
10.774376
10.578240
10.779114
10.659416
10.658684
10.645424
10.407032
10.609211
10.497191
10.842264
10.603933
10.878379
10.621936
10.517557
10.516868
10.604627
10.984285
10.900274
10.835933
10.763021
10.667484
11.107104
10.769073
10.615144
10.546065
10.522007
10.478838
10.787046
10.759721
10.771676
10.687680
10.770252
10.613523
10.847493
10.607827
10.879548
10.446741
10.698164
10.694977
10.668704
10.711262
10.626247
10.597703
10.891546
10.854916
10.754828
10.590810
10.589882
10.513871
10.701721
10.645954
10.663818
10.692282
10.902306
10.818150
10.556836
10.795819
10.973650
10.594538
10.682837
10.732889
10.488242
10.783796
10.893799
10.729673
10.499373
10.628794
10.627508
10.900005
10.730367
10.515296
10.585418
10.657195
10.552916
10.661181
10.696895
10.980729
10.724610
11.180246
10.660376
10.624703
10.601858
10.468197
10.868394
10.795793
10.580975
10.713129
10.602918
10.715214
10.611832
10.577530
10.639969
10.643715
10.663807
10.539536
10.653744
10.709535
10.850238
10.712919
10.636670
10.753737
10.961618
10.570723
10.754213
10.756243
10.720119
10.836693
10.597255
10.528312
10.535219
10.812110
10.796345
10.585711
10.553837
10.705987
10.648416
10.874958
10.617549
10.720012
10.724865
10.730506
10.634262
10.542173
10.729096
10.702534
10.776751
10.811146
10.636935
10.517518
10.483516
10.912615
11.194749
10.862796
10.718680
10.778272
10.744939
10.695170
10.776823
10.680801
10.906099
10.782659
10.942375
10.729404
10.673210
10.951739
10.742542
10.798904
10.564767
10.811130
10.692850
10.857445
10.569197
10.714675
10.618144
10.677760
10.655515
10.714212
10.779800
11.038465
10.852503
10.690779
11.558284
10.642411
10.832530
10.969623
10.730734
10.644095
10.873898
10.586348
10.827954
10.552723
10.760067
10.867180
10.643874
10.859014
10.713035
10.795249
10.901194
10.603465
10.730961
10.606569
10.622563
10.666027
10.860676
10.733471
10.490254
10.673436
10.647121
10.755647
10.633756
10.775531
10.723537
10.625541
10.549894
10.626278
10.873342
10.731238
10.537872
11.262395
10.644433
10.923841
10.473793
10.914109
10.919000
10.641262
10.787952
10.542234
10.797314
10.929467
10.638700
10.796158
10.815788
10.546644
10.604529
10.794028
10.828040
10.527484
10.679783
10.577171
10.653921
10.637071
10.643032
10.610588
10.867215
10.938715
10.549784
10.916872
10.936535
10.875843
10.808305
10.744142
10.710006
10.672519
10.612003
10.665034
10.498988
10.608839
10.808060
10.661842
10.648023
10.735530
10.597495
10.889999
10.715467
10.574046
10.659247
10.942186
10.582080
10.698567
10.587320
10.768782
10.785911
10.698061
10.719682
10.910714
10.578264
10.873221
10.506821
10.717568
10.734292
10.513166
10.603730
10.685964
10.857822
10.731406
10.630085
10.692608
10.742983
10.661340
10.825582
10.813516
10.594344
10.671601
10.699888
10.674180
10.793966
10.604889
10.727688
10.698403
10.807105
10.757079
10.884430
12.422329
10.630065
10.667435
10.661692
10.559204
10.815514
10.680343
10.568702
10.859118
10.669592
10.976151
10.623992
10.825157
10.731475
11.021204
10.864845
10.777506
10.763135
10.619295
10.657354
10.885617
10.643079
10.780751
10.709475
10.502140
10.693085
10.703332
10.624315
10.617849
10.556353
10.589298
11.005739
10.522327
10.668174
10.595154
10.761346
10.711036
10.638259
10.791835
10.590650
10.750711
10.686338
10.607217
10.709586
10.805546
10.659098
10.524832
10.483066
10.718684
10.733290
10.683991
10.761718
10.599111
10.670063
10.615035
10.834630
10.574944
10.807094
10.660850
11.112966
10.595262
10.652258
10.874131
10.516588
10.591552
10.624099
10.664649
10.653805
10.607659
10.959798
10.711798
10.631279
10.770102
10.635336
10.704265
10.770057
10.528470
10.517746
10.716616
10.640431
10.830043
10.596220
10.920111
10.624762
10.689555
10.765881
10.632858
10.875975
10.623202
10.747409
10.709117
10.732154
10.924484
10.897141
10.470161
10.647897
10.754239
10.899744
10.569905
10.955244
10.529223
10.377834
10.662932
10.886791
10.791325
10.604187
10.815008
10.962702
10.666889
10.703768
10.696295
10.957115
10.634792
10.660040
10.685706
10.569084
10.831643
10.532387
10.833910
10.764141
10.794252
10.614624
10.523740
10.728618
10.551946
10.671020
10.649002
10.520462
10.660619
10.741940
10.711621
10.730210
10.693522
10.554982
10.641717
10.503261
10.834687
10.791269
10.644240
10.693999
10.532196
10.658948
10.779621
10.750609
10.857900
10.490331
10.785536
10.652047
10.735700
10.469715
10.530827
10.746529
10.440352
10.853176
10.722091
10.845888
10.776403
10.627924
10.770614
10.648109
10.789693
10.471334
10.706306
10.719466
10.676556
10.859705
10.765686
10.932213
10.556488
10.618454
10.574670
10.908849
10.632298
10.693505
10.497908
10.792462
10.935709
10.460854
10.904029
10.706785
10.750861
10.698289
10.625826
10.534113
10.706568
10.649338
10.617069
10.701051
10.672093
10.885132
10.649142
10.700567
10.660566
10.619886
10.652167
10.653252
10.642625
10.587128
11.042897
10.766923
10.793302
10.865618
10.774953
10.637856
10.852294
10.876453
10.744827
10.589092
10.596302
10.465190
10.607688
10.463070
10.738117
10.930811
10.677189
10.844267
10.587724
10.675453
10.766849
10.661621
10.804882
10.883622
10.743351
10.739793
10.607854
10.734716
10.485748
10.819349
10.534342
10.821205
10.910383
11.146201
10.739611
10.934898
10.640753
10.698394
10.886557
10.614439
11.056439
10.631732
10.812185
10.441963
10.693586
10.688996
10.639168
10.737612
10.860088
10.661108
10.878161
10.659102
10.790896
10.692486
10.641195
10.779821
10.636704
10.907385
10.643191
10.914272
10.680841
10.780185
10.660406
10.717717
10.604136
10.751581
10.630846
10.586949
10.811533
10.791965
10.646719
10.572624
10.840047
10.614554
10.385450
10.732879
10.654098
10.535714
10.786332
10.980195
10.613374
10.647648
10.784579
10.804795
10.624961
10.688644
10.664469
10.601571
10.840478
10.576804
10.750824
10.683209
10.603228
10.916565
10.967463
10.980038
10.884896
10.631695
11.215511
10.685359
10.607624
10.809541
10.613695
10.781689
10.632035
10.620262
10.748796
10.488159
10.520778
10.580220
10.593006
10.772084
10.703492
10.521686
10.677355
10.580285
10.734829
10.789533
10.880294
10.656712
10.689199
10.594986
10.640725
10.689647
10.591476
10.713218
10.626433
11.203382
11.028693
10.463507
10.540824
10.770688
10.629540
10.627802
11.198630
10.819325
10.542377
10.716652
10.651802
10.876218
10.852165
10.716630
10.551331
10.671044
10.524409
10.551763
10.627998
10.709143
10.613153
10.983253
10.584880
10.940332
10.829010
10.612990
10.705067
10.456049
10.686143
10.712747
10.555040
10.734174
11.000164
10.914145
10.753945
10.631253
10.574199
10.933985
10.892442
10.703352
10.900747
10.589999
10.687639
10.783976
10.820330
10.576706
10.620017
10.690918
10.554817
10.722641
10.768553
10.684073
10.688173
10.542210
10.585925
10.498728
10.678557
10.765738
11.044792
10.665885
10.729800
10.587792
10.709660
10.562420
10.577153
10.603776
10.812368
10.785046
10.587968
10.769665
10.662888
10.704008
10.600398
10.616412
10.839587
10.655679
10.705633
10.638286
10.693580
10.756453
10.654283
10.623675
10.831678
10.583110
10.681895
10.635269
10.586797
10.719894
10.656376
10.749834
10.898528
10.779254
10.676289
10.694094
10.733586
10.769506
10.576259
10.712402
10.877832
10.798763
10.576424
10.795262
10.762530
10.667762
10.558018
10.771935
10.477795
10.690749
10.570074
10.611084
10.706163
10.642556
10.634512
10.836671
11.003926
10.517804
10.751012
10.797359
10.609477
10.849226
10.498127
10.658539
10.695390
10.754311
10.697549
10.594523
10.485251
10.815217
10.739290
10.989963
10.622556
10.654351
10.818048
10.608901
10.749958
10.785663
10.575354
10.520062
10.909239
10.691916
10.557859
10.680807
10.526450
10.990434
11.256787
10.739243
10.684878
10.860672
10.818608
10.770416
10.821715
10.912735
10.703485
10.609613
10.679858
10.605436
10.851620
10.757317
10.563860
10.773321
10.597199
10.588216
10.577939
10.650477
10.781971
10.698852
10.599404
10.971696
10.630861
10.728694
10.586511
10.764951
10.533661
10.834485
10.573349
10.788213
10.934798
10.583665
10.695779
10.584558
10.746354
10.875617
10.542308
10.760325
10.874550
10.841797
10.613486
10.761328
10.595390
10.697749
10.732986
10.698770
10.607702
10.708216
10.760740
10.703307
11.234610
10.586741
10.596791
10.612446
10.622628
10.871049
10.645112
10.894950
10.653634
10.662619
10.507205
10.884710
10.727606
10.640302
10.475028
10.593605
11.062265
11.246369
10.520266
10.690139
10.416627
10.832947
10.617815
11.023301
10.656072
10.515469
10.497682
10.685973
10.687279
10.643972
10.687411
10.650766
10.637463
10.617067
10.925477
10.660306
10.628756
10.608669
10.811329
10.975588
10.682512
10.723337
10.645427
10.669095
10.586300
10.677656
10.861739
10.709459
10.909225
10.653898
10.769187
10.545373
10.767837
10.700703
10.706703
10.838697
10.527416
10.836288
10.920441
10.731734
11.132479
10.822115
10.714723
10.543134
10.832448
10.491856
10.611288
10.544704
10.729002
10.601348
10.666089
10.631702
10.745072
10.742556
10.626809
10.820992
10.793109
10.726850
10.689849
10.664832
10.602762
10.803655
10.725545
10.593068
10.593703
10.644959
10.849536
10.567706
10.787777
10.693218
10.591657
10.635447
10.728332
10.493036
10.628664
10.584576
10.637493
10.612003
10.693345
10.631426
10.672768
10.726108
10.771810
10.474847
10.636622
10.601887
10.579377
10.720122
10.625548
10.706132
10.684949
10.750881
10.715160
10.618005
10.667225
10.693327
10.803923
10.756929
10.631669
10.829517
10.681190
10.603902
10.694208
10.598840
10.783781
10.702141
10.707379
10.964601
10.667389
10.768120
10.737611
10.523891
10.800700
10.524664
10.643861
10.662474
10.809575
10.721134
10.805067
10.677488
10.840097
10.650013
10.671495
10.763190
10.664765
10.951075
10.652275
10.789933
10.850509
10.639147
10.773315
10.676739
10.481511
10.856639
10.580121
10.820959
10.605584
10.670618
10.807704
10.942297
10.712064
10.455584
10.719583
10.813391
10.744926
10.943786
10.500984
10.932392
10.672912
10.675037
10.799021
11.150184
10.482588
10.592648
10.876714
10.743006
10.729243
10.605265
10.638049
11.059126
10.652521
10.556153
10.731260
10.670083
10.787360
10.808065
10.653605
10.544463
10.819461
10.624268
10.789242
10.753897
10.736219
10.721116
10.728104
10.702764
10.680769
10.880051
10.687223
10.667148
10.665802
10.535854
10.985965
10.637055
10.865522
10.630042
10.973850
10.724253
10.519440
10.788645
10.813222
11.077711
10.863792
10.868834
10.521182
10.802555
10.676638
10.604843
10.624825
10.840000
10.642366
10.757894
10.709409
10.712911
10.902673
10.925143
10.633661
10.748342
10.678430
10.601810
10.983532
10.890876
10.714754
10.743528
10.701859
10.690332
10.329348
10.606473
10.694456
10.784216
10.850706
10.575599
10.612201
10.545043
10.748980
10.666147
10.645680
10.735694
10.819957
10.613939
10.734051
10.825430
10.635426
10.859358
10.492457
10.701738
10.661341
10.767973
10.647960
10.675999
10.749987
10.775351
10.616588
10.588421
10.674472
10.434668
10.485816
10.566600
10.539503
10.559476
10.708916
10.831483
10.670031
10.616642
10.787302
10.636509
10.671780
10.553983
10.658692
10.755325
10.724323
10.670138
10.399307
10.840792
10.810370
10.714704
10.806618
10.664692
10.666643
10.917431
10.927867
10.719599
11.121655
10.873928
10.800528
10.538444
10.505637
10.654305
10.622834
10.614430
10.461963
10.797389
10.680889
10.747302
10.778242
10.980567
11.028223
10.689014
10.580995
10.989792
10.847369
10.654901
10.857907
10.698602
10.637436
10.463690
10.710881
11.037762
10.698284
10.863515
10.934738
10.642152
10.632725
10.544281
10.825580
10.702355
10.485746
10.531419
10.627625
10.512441
10.658979
10.815173
10.796312
10.597875
10.770757
10.840583
10.683317
10.553191
10.562174
10.637035
10.692742
10.619775
10.473281
10.564184
10.875883
10.564769
10.801292
10.607818
10.810741
10.680619
10.682975
10.633527
10.468018
10.755244
10.940981
10.817569
10.720769
10.737425
10.613275
10.773768
11.037728
10.982592
10.620109
10.934342
10.625586
10.691335
10.902511
10.730809
10.937876
10.826152
10.812688
10.769379
10.720269
10.707582
10.679714
10.639571
10.728623
10.676994
10.578019
10.520970
10.780113
10.614688
10.779077
10.759255
10.618414
10.550679
10.748195
10.774856
10.718209
10.666142
10.627312
10.759614
10.671937
10.456911
10.650091
10.924013
10.673106
10.801940
10.681865
10.850056
10.703443
10.466489
10.670958
10.683857
11.103854
10.899815
10.533175
10.539708
10.527256
10.584058
10.598823
10.727826
10.564323
10.780415
10.805664
10.788672
10.628066
10.880874
10.697805
10.634277
10.785787
10.578445
10.658000
10.613828
10.658872
10.575466
10.757250
10.530178
10.622229
10.596978
10.999990
10.864934
10.701159
10.493495
10.703860
10.707998
10.648115
10.826801
10.530696
10.556820
10.666368
10.647314
10.464417
10.664057
10.618333
10.691020
10.856824
10.538991
10.607959
10.623306
10.638782
10.735332
10.653413
10.714092
10.652782
10.714371
10.699270
10.734767
10.639627
10.740241
10.844971
10.846800
10.740402
10.565277
10.505895
10.696748
10.758001
10.751282
10.616856
10.580530
10.673377
10.745667
10.622013
10.669184
10.745190
10.965533
10.780827
10.708028
10.909608
10.634164
10.776081
10.750031
10.591259
10.729670
10.866682
10.453928
10.716987
10.692496
10.502280
10.860450
10.696032
11.149796
10.691529
10.728772
10.500323
10.666789
10.456201
10.581195
10.620851
10.669312
10.784172
11.098055
10.746725
10.589661
10.586596
10.727110
10.991105
10.626634
10.804488
10.433698
10.667933
10.869496
10.841475
10.572141
10.757909
10.811569
10.626324
10.560199
10.777225
10.441640
10.550877
10.640186
10.845483
10.727340
10.603863
10.987159
10.655563
10.773648
10.704286
10.719372
10.649673
10.675144
11.017086
10.700212
10.714101
10.501720
10.554918
10.539999
10.881803
10.922913
10.875889
10.588172
10.677579
10.600315
10.813625
10.743954
10.788104
10.745410
10.805410
10.634849
10.762450
10.627820
10.727850
10.638510
10.618143
10.790363
10.512968
10.423951
10.842947
10.620490
10.796254
10.775545
10.447693
10.640948
10.778994
10.474995
10.587870
10.721394
10.642042
10.616985
10.776257
10.826364
11.007764
10.770509
10.875237
10.419000
11.058223
10.536741
10.573789
10.579743
10.784247
10.968570
10.788247
10.812474
10.690453
10.678056
10.864349
10.571203
10.722179
10.681596
10.633142
10.674259
10.635337
10.664762
10.680777
10.705405
10.629748
10.648290
10.611172
10.681183
10.558155
10.666510
10.561629
10.504336
10.570500
10.635469
10.575607
10.547620
10.837665
10.805837
10.422833
10.697967
10.837631
10.562264
10.749060
10.764344
10.647518
10.657558
10.941709
10.835106
10.539752
10.926948
10.489834
10.666784
10.675452
10.835721
10.630780
10.532180
10.613799
10.574982
10.579628
10.671672
10.658484
10.670882
10.591456
10.701665
10.730428
10.726322
11.097845
10.653420
10.552247
10.806839
10.540617
10.644919
10.667466
10.560090
10.812131
10.707194
10.953593
10.665231
10.724024
10.754069
10.398693
10.800104
11.043937
10.553734
10.598739
10.581006
11.015583
10.722956
10.648218
10.714046
10.756928
10.733844
10.615938
10.675689
10.680250
10.826160
10.782965
10.669678
10.535137
10.606207
10.690758
10.641038
10.808659
10.909226
10.630047
10.714629
10.640040
10.891186
10.651414
10.814028
10.539191
10.784501
10.653383
10.485184
10.929973
10.726678
10.764944
10.853398
10.950714
10.501246
10.819284
10.713001
11.010146
10.673294
10.790172
10.469868
10.613413
10.757320
10.649897
10.738309
10.714026
10.663117
10.736965
10.663435
10.706252
10.678609
10.572668
10.510921
10.952036
10.587625
10.944097
10.830937
10.684207
10.587417
10.600297
10.675003
10.623203
10.742501
10.768689
10.580701
10.476442
10.617295
10.819070
11.032141
10.597527
10.826147
10.802510
10.503403
10.712230
10.726534
10.778560
10.589624
10.719185
10.570426
10.466742
10.798730
10.776783
10.557208
10.847380
10.629882
10.585311
10.608582
10.699582
10.540696
10.633951
10.685184
10.550661
10.660355
10.716472
10.871747
10.760283
10.691081
10.733181
10.834653
10.945811
10.821970
10.752755
10.736637
10.732622
10.763849
10.846305
10.805754
10.565398
10.660147
10.895344
11.073797
10.852759
10.693402
10.554974
10.806917
10.427174
10.842635
10.647506
10.549237
10.793859
10.705903
10.727172
10.589545
10.628024
10.774713
10.559355
10.533909
10.775091
10.863201
10.773916
10.434443
10.778004
10.778627
10.665401
10.568431
10.851751
10.764104
10.877580
10.518938
10.746062
10.577083
10.719847
10.502473
10.530112
10.688402
10.500118
10.901994
10.788275
10.577436
10.368832
10.709964
10.850268
10.832999
10.950004
10.517922
10.704143
10.663179
11.038908
10.735340
10.538482
10.601988
10.743290
10.768137
10.558793
10.785911
10.618439
10.872814
10.490854
10.545434
10.516615
10.701232
10.511888
10.747538
10.751829
10.595371
10.546864
10.750084
10.656561
10.607613
10.655304
10.524843
10.642854
10.587215
10.762534
10.636629
10.695740
10.784227
10.603402
10.719571
10.700962
10.705903
10.729585
11.010768
10.732494
10.515619
10.959866
10.670712
10.631482
10.647850
10.790035
10.899340
10.762447
10.833654
10.489364
10.717035
10.820192
10.498643
10.705235
10.695696
10.667023
10.712932
10.903278
11.074961
10.699884
10.971967
10.841128
10.604628
10.804499
10.706928
10.721453
10.634833
10.785370
10.521236
10.672017
10.648905
10.736515
11.023022
10.524523
10.649121
10.760893
10.627008
10.629287
10.748637
10.560775
10.602608
10.640719
10.734136
10.818265
10.580092
10.578468
10.767799
10.495208
10.743203
10.817558
10.729642
10.512552
10.511579
10.544524
10.982192
10.667971
10.719644
10.686362
10.893707
10.848532
10.765159
10.723307
10.653737
10.627499
10.777251
10.639242
10.631928
10.921528
10.678887
10.701075
10.677435
10.607490
10.655533
10.672957
10.848561
10.614820
10.716773
10.610354
10.553365
10.829597
10.377504
10.810749
10.567502
10.989910
10.656760
10.766900
10.649241
10.437295
10.804507
10.637718
10.821675
10.888050
10.512476
10.570623
10.654144
10.626728
10.700588
10.924924
10.829073
10.853365
10.494354
10.371048
10.582077
10.523065
10.695336
10.815286
10.639318
10.691329
10.477625
10.697499
10.645489
10.769519
10.665477
10.575966
10.705503
10.633270
10.866887
10.786194
10.752809
10.572177
10.847710
10.787873
10.707924
10.598576
10.682757
10.613586
10.757767
10.502856
10.534479
10.729488
10.655668
10.628183
10.652464
10.699694
10.681290
10.668893
10.738185
10.677314
10.657674
10.900878
10.845388
10.515688
10.764407
10.636338
10.717812
10.854895
10.777058
10.727036
10.459957
10.717908
10.672284
10.707081
10.717471
10.918337
10.490352
10.740418
10.724257
10.829364
10.784796
10.685219
10.736854
10.798765
10.759999
10.676926
10.623066
10.465922
10.543038
10.585506
10.693719
10.703666
10.542834
11.111399
10.803069
11.033283
10.843149
10.740336
10.417213
10.733756
10.700918
10.649830
10.534590
10.626573
10.741996
10.737623
10.733667
10.766174
10.726899
11.113116
10.886056
10.787909
10.765442
10.763565
10.610564
10.624598
10.719069
10.554203
10.965175
10.785772
10.716617
10.872245
10.745902
11.028854
10.758639
10.630582
10.987710
10.641693
10.756812
10.622937
10.742571
10.924913
10.874631
10.767730
10.730099
10.499191
10.881522
10.839543
10.680584
10.635890
10.599618
10.809528
10.723870
10.512552
10.566185
10.834933
10.606341
10.657808
10.684317
10.560962
10.671849
10.683149
10.658553
10.590274
10.504577
10.832791
10.729305
10.647619
10.507986
10.816370
10.767576
10.391717
10.612281
10.980341
11.009469
10.855638
10.755349
10.704003
10.865102
10.762944
10.476311
10.686329
10.647160
10.567821
10.560262
10.772997
10.431343
10.742076
10.778257
10.958736
10.604792
10.842780
10.870281
10.668030
10.774191
10.720127
10.575098
10.737258
10.749256
10.674473
10.638751
10.680234
10.700517
10.511005
10.826742
10.537715
10.495730
10.967783
10.737280
10.657928
10.772783
10.669893
10.845375
10.640183
10.712530
10.810125
10.971499
10.646089
10.898006
10.775804
10.597616
10.584134
10.833791
10.804347
10.626879
10.613305
10.759707
10.508048
10.508311
10.692951
10.806160
10.374612
10.863203
10.726049
10.575732
10.910341
10.510021
10.380379
11.013240
10.950215
10.717028
10.681337
10.808709
10.593233
10.478123
10.907567
10.722252
10.701004
10.677703
10.831127
10.835245
10.506707
10.734762
10.799477
10.652034
10.641136
10.791056
10.579434
10.935859
10.634538
10.596913
10.694943
10.705222
10.653562
10.880680
10.617188
10.595075
10.572529
10.605453
10.618694
10.719741
10.636670
10.578731
10.717131
10.688268
10.514503
10.606928
10.898017
10.674637
10.961853
10.678143
10.846076
10.626802
10.612923
10.807814
10.788573
10.636933
10.582193
10.560162
10.684890
10.753373
10.578531
10.710672
10.701841
10.750541
10.711256
10.597939
10.760161
10.700283
10.713745
10.725514
10.683997
10.615711
10.651736
10.434865
10.613917
10.706088
10.677075
10.772089
10.610952
10.559599
10.744404
10.614838
10.737598
10.497362
10.595867
10.606959
10.823271
11.103944
10.620469
10.594266
10.730400
10.608994
10.412329
10.754892
10.783694
10.684799
10.697739
10.538122
10.817227
10.713325
10.606333
10.570668
10.684544
10.716026
10.582062
10.715091
10.519832
10.738974
10.643630
10.814974
10.622880
10.688560
10.959125
10.643571
10.990526
10.710341
10.593491
10.750584
10.720046
11.066857
10.723741
10.748703
10.528121
11.156861
10.677741
10.820541
10.950405
11.201419
10.838535
10.460007
10.755121
11.046272
10.855929
10.803067
10.692399
10.920900
10.793785
10.682486
10.747434
10.702557
10.589809
10.793368
10.631039
10.668248
10.719718
10.835621
10.419547
10.891345
10.716621
10.418476
10.743608
10.542171
10.739405
10.834092
11.183875
10.731135
10.566311
10.817064
10.945889
10.540423
10.734264
10.566885
11.326458
10.555166
10.574957
10.645394
10.718230
10.937791
10.579657
10.719858
10.584561
10.610932
10.550258
10.808736
10.868740
10.861927
10.525378
10.670911
10.741232
10.576762
10.680966
10.844220
10.684792
10.489947
10.732667
10.948974
10.440485
10.834971
10.595681
10.591103
10.567790
10.724722
10.599050
10.634919
10.706058
10.908340
10.457004
10.627683
10.781592
10.688034
10.566616
10.610340
10.597016
10.685199
10.895704
10.689820
10.727806
10.564667
10.430226
10.784065
10.616460
10.846962
10.608389
10.537420
10.578272
10.536182
10.643646
10.780613
10.648902
10.629676
10.617377
10.803704
10.642401
10.542300
10.453623
10.629993
10.610940
10.731794
10.788877
10.607072
10.768636
10.672598
10.656854
10.689353
10.657516
10.744011
10.689662
10.669635
10.549968
10.664726
10.696816
10.828818
10.746485
10.610456
10.699598
10.565170
10.532781
10.525368
10.437897
10.506283
10.650002
10.760077
10.450123
10.602220
10.636456
10.895923
10.728880
10.517376
10.670938
10.676421
10.612926
10.909164
10.686923
10.656285
10.483625
10.703216
10.632134
10.588423
10.881611
10.468699
10.633943
10.550938
10.656468
10.887435
10.647463
10.562506
10.630366
10.653508
10.843301
10.686914
10.676359
10.656629
10.813645
10.674801
10.497830
10.427166
10.785880
10.623018
10.658981
10.680185
10.552653
10.826081
10.502367
10.619664
10.651808
10.672888
10.719147
10.900167
10.466678
10.672135
10.934453
10.536253
10.667747
10.533940
10.632224
10.683718
10.541585
10.659824
10.846867
10.802484
10.714778
10.863955
10.797787
10.780904
10.851673
10.810770
10.756378
10.697976
10.632003
10.780309
10.634171
10.528913
10.843409
10.707107
10.711839
10.629579
10.681212
10.667402
10.606777
10.787443
10.827822
10.649657
10.810244
10.801318
10.618808
10.766474
10.629542
10.926719
10.880562
10.605947
10.656507
10.729957
10.770072
10.515285
10.618119
10.845260
10.616247
10.658231
10.488669
10.666364
10.682990
10.684780
10.653462
10.712137
10.608166
10.824262
11.074086
10.811408
11.238818
10.838536
10.546827
10.694935
10.509584
10.896911
10.924773
10.778746
10.759099
10.808471
10.631790
10.497701
10.611164
10.901892
10.675820
10.694856
11.111597
10.653910
10.725059
10.994021
10.688462
10.703124
10.448373
10.636693
10.668530
10.550033
10.575217
10.737609
10.750131
10.567628
10.580230
10.750517
10.705251
10.805992
10.460987
10.880352
10.932263
10.792695
10.521485
10.641815
10.965462
10.825391
10.784717
10.607569
10.620420
10.852942
10.627412
10.588427
10.630464
10.795322
10.415580
10.889420
10.582545
10.396029
10.576736
10.616723
10.616295
10.776526
10.752622
10.882286
10.791130
10.678263
10.601062
10.666403
10.679943
10.763971
10.733512
10.654764
10.743862
10.513506
10.709023
10.860690
10.665863
10.619881
10.602224
10.676520
10.696916
10.594711
10.632776
10.791540
10.817219
10.637584
10.775582
10.719357
10.793428
10.668521
10.634272
10.655641
10.761005
10.638190
10.731442
10.581383
10.787119
10.642180
10.727176
10.919565
10.839353
10.733388
10.646213
10.649417
10.708377
10.594250
10.499695
10.672183
10.758531
10.595932
10.709154
10.650210
10.711923
10.495318
10.510135
10.787016
10.628524
10.551708
10.667190
10.736508
10.725964
10.614672
10.663978
10.816063
10.664307
10.586896
10.574353
10.734180
10.721561
10.794437
10.727691
10.444876
10.719036
10.638426
10.691638
10.769696
10.617847
10.610006
10.837671
10.897375
10.557844
10.611939
10.766089
10.673121
10.570772
10.615906
10.749846
10.767549
10.569292
10.836577
10.566834
10.668687
10.690811
10.758637
10.644321
10.576511
10.868742
10.523336
10.719553
10.540931
10.533418
10.715859
10.798165
10.725900
10.590305
10.694238
10.660759
10.741204
10.609234
10.562904
10.573307
10.817429
10.726310
10.591908
10.616782
10.691698
10.672278
10.703215
10.814279
10.732619
10.760872
10.585800
10.587483
10.648449
10.865469
10.801819
10.777862
10.836731
11.043549
11.100173
10.624393
10.593271
10.752830
10.565655
10.738685
10.622675
10.631705
10.749347
10.664162
10.722957
10.611600
10.653806
10.723753
10.932035
10.841715
10.583835
10.643030
10.646575
10.732936
10.636456
10.635136
10.697073
10.724469
10.754943
10.408739
10.885921
10.634715
11.030185
10.543740
10.698815
10.710879
10.601605
10.777593
10.823770
10.601294
10.882872
10.546905
10.635989
10.728844
10.760478
10.901035
10.650424
10.838376
10.960403
10.830608
10.682543
10.619580
10.578837
10.572026
10.558818
10.502278
10.538075
10.456710
11.028133
10.524662
10.846143
10.355025
10.818367
10.660652
10.768440
10.649352
10.870268
10.554450
10.646386
10.487147
10.663153
10.804445
10.730597
10.576520
10.685455
10.543544
10.643831
10.734167
10.712644
10.782488
11.025012
10.765343
10.618189
10.552308
10.647058
10.892451
10.678416
10.746046
10.561067
10.628134
10.679805
10.706888
10.707585
10.445232
10.734360
10.814759
10.684156
10.715987
10.699451
10.722885
10.704624
10.574190
10.627406
10.487789
10.928315
10.745760
10.592060
10.559818
10.781463
10.579516
10.586165
10.827313
10.857552
10.681616
10.904865
10.659375
10.747868
10.661166
10.626362
10.829170
10.631281
10.532698
10.862052
10.721159
10.821216
10.641987
10.535503
10.816843
10.595703
10.618797
10.601298
10.892265
10.605395
10.629887
10.782456
10.448237
10.771671
10.706600
10.685573
11.022275
10.589232
10.526512
10.761066
10.631002
10.636156
10.658821
10.802646
10.578154
10.742428
10.688423
10.591540
10.368269
10.568890
10.788897
10.677728
10.628831
10.758688
10.768703
10.805800
10.463504
10.537146
10.523147
10.593917
10.724237
10.776773
10.674690
10.731346
10.615273
10.648738
10.556873
10.944864
10.621036
10.721796
10.745548
10.955653
10.724205
10.540190
10.732622
10.733147
10.595914
10.919742
10.575135
10.726275
10.732475
10.717213
10.775211
10.569763
10.847938
10.789145
10.717696
10.771797
10.551966
10.803792
10.452759
10.567351
10.708316
10.644879
10.713356
10.830044
10.923956
10.966441
10.926556
10.614462
10.684716
10.978489
10.990203
10.737555
10.821421
10.433097
10.642707
10.812190
10.717158
10.733195
10.766427
10.635363
10.680140
10.867470
10.616949
10.710291
10.690973
10.771616
10.657307
10.541740
10.676888
10.627139
10.880545
10.715493
10.849019
10.857677
10.510969
10.731504
10.793592
10.593144
10.634806
10.741318
10.922606
10.594662
10.644480
10.626398
10.698507
10.795577
10.689517
10.854131
10.823287
10.798090
10.993655
10.583185
10.696643
10.646193
10.776743
10.789994
10.668416
10.650666
10.905756
10.655044
10.520887
10.845622
10.795566
10.641608
10.709929
10.466042
10.673273
10.487799
10.448357
10.703695
10.775083
10.890777
10.981084
10.627417
10.616444
10.762937
10.607060
10.592455
10.669146
10.697987
10.719988
10.652833
10.825762
10.758696
10.666995
10.835177
11.042839
10.788502
10.748612
10.558221
10.877699
10.672410
10.552581
10.529095
10.581893
10.693424
10.686651
10.651571
10.749693
10.616027
10.750564
10.526748
10.690202
10.658522
10.539688
10.620663
10.592504
10.724381
10.635305
10.590096
10.834640
10.546340
10.885869
10.699857
10.597453
10.733509
10.811271
10.841376
10.591074
10.567149
10.634896
10.954781
10.683798
10.995964
10.654169
10.738882
10.664359
10.829079
10.600972
10.528808
10.607310
10.764257
10.451508
10.507039
10.685053
10.674218
10.624117
11.030667
10.704444
10.609544
10.584191
10.627317
10.647340
10.657691
10.733414
10.568912
10.639105
10.649931
10.569540
10.640809
10.844052
10.644699
10.831287
10.535937
10.824411
10.577192
10.698736
10.682536
10.954278
10.736432
10.663559
10.706202
10.714906
10.715628
10.682252
10.809198
10.567162
10.625846
10.692677
10.534101
10.615849
10.643581
10.827961
10.667644
10.657752
10.637429
10.565732
10.749796
10.648385
10.789516
10.657077
10.582982
10.677771
10.730957
10.861803
10.573344
10.578942
10.648294
10.615375
10.669250
10.903104
10.717920
10.864187
10.607226
10.644946
10.876768
10.762804
10.692019
10.812204
10.729055
10.576454
10.999547
10.823713
10.622181
10.810123
10.664875
10.498884
10.500500
10.992568
10.604588
10.618351
10.710132
10.811853
10.760413
10.829815
10.755324
10.580422
10.705214
10.741287
10.671130
10.770136
10.582117
10.632699
10.669715
10.778470
11.026413
10.625832
10.647093
10.639868
10.581818
10.533112
10.606478
10.711180
10.718103
10.727464
10.580141
10.751483
10.583519
10.925778
10.535018
10.658391
10.793977
10.677449
10.658048
10.684312
10.658308
10.730726
10.645794
10.556343
10.611048
10.797611
10.622863
10.497931
10.877334
11.004314
10.688053
10.681341
10.590988
10.648591
10.991806
10.679747
10.438642
10.633253
10.596032
10.793136
10.640410
10.963654
10.827988
10.481188
10.727363
10.532854
10.838853
10.783631
10.563379
10.970921
10.570337
10.689300
10.676470
10.516691
10.703583
10.596722
10.625569
10.817535
10.877379
10.768223
10.778869
10.568816
10.534438
11.022894
10.662892
10.561302
10.645476
10.753080
10.977956
10.612566
10.857737
10.696020
10.829201
10.588492
10.681711
10.501097
10.684342
10.628797
10.686633
10.596774
10.904678
10.700386
10.811629
10.557724
10.724494
10.804046
10.544861
10.702468
10.815307
10.490824
10.718553
10.459552
10.749220
11.012958
10.719479
10.750713
10.705441
10.740370
10.935208
11.012548
10.824478
10.689247
10.923922
10.913189
10.642492
10.425475
10.704049
10.840756
10.680748
10.566096
10.594021
10.677142
10.888667
10.651651
10.653902
10.621474
10.625159
10.513836
10.743936
10.882225
10.938215
10.551193
10.641146
10.792628
10.687039
10.465882
10.582526
10.709641
10.689369
10.744808
10.738165
10.742710
10.614711
10.577227
10.560569
10.593873
10.763243
10.718267
10.719714
10.629764
10.623996
10.644276
10.546370
12.461217
10.736205
11.022151
11.029073
10.789071
10.813158
10.621381
10.596221
10.724720
10.705092
10.638248
10.711642
10.703357
10.758703
10.639115
10.721289
10.523004
10.555873
10.774724
11.006153
10.733140
10.650922
10.688010
10.639536
10.884718
10.867859
10.578788
10.769245
10.766232
10.731236
10.524680
10.527376
10.645072
10.821404
10.664742
10.466261
10.708008
10.860615
10.579715
10.747275
10.843788
10.562272
10.777837
10.723998
10.775451
10.738472
10.754186
10.500614
10.579428
10.679023
10.530081
10.621279
10.710470
10.725129
10.693445
10.671795
10.680451
10.593787
11.499127
10.718843
10.772680
10.560251
10.769612
10.847932
10.747947
10.649258
10.771294
10.682962
10.722492
10.979943
10.869929
10.671672
10.618775
10.651642
10.617421
10.911049
10.649342
10.615934
10.523102
10.585766
10.580366
10.927303
10.694849
10.634419
10.822576
11.073190
10.858335
10.708372
10.655642
10.807303
10.753744
10.620387
10.775507
10.572172
10.759465
10.646113
10.658168
10.414830
10.583100
10.821192
10.830281
10.835567
10.705544
10.692444
10.790290
10.622635
10.792990
10.789987
10.705555
10.415492
10.556808
10.621794
10.743383
10.658987
10.847517
10.901787
10.691727
10.595828
10.811414
10.606757
10.510781
10.660589
10.557951
10.612432
10.714799
10.697378
10.770660
10.527895
10.850022
10.777105
10.825085
10.622069
10.519517
10.854130
10.695431
10.706996
10.789182
10.770851
10.813753
10.431989
10.602083
10.663586
10.841239
10.455585
10.657150
11.041854
10.693145
10.730946
10.651679
10.538923
10.605083
10.951223
10.717744
10.565554
10.547027
10.757519
10.758584
10.513943
10.602253
10.594939
10.824488
10.787622
10.834398
10.746750
10.689667
10.476934
10.880300
10.637503
10.684079
10.648105
10.446206
10.589769
10.747186
10.561898
10.893405
10.809942
10.783652
10.671845
10.749655
10.661104
10.624736
10.493930
10.599444
10.507043
10.728650
10.731367
10.637515
10.779024
10.727518
10.772045
10.785149
10.642988
10.742221
10.936210
10.876302
10.557961
10.730189
10.649969
10.950878
10.902317
11.075429
10.629138
10.998740
10.801328
10.660852
10.612548
10.711666
10.956078
10.678425
10.861388
10.785117
10.675291
10.639750
10.643064
10.605733
10.725842
10.665291
10.677486
11.051336
10.662824
10.624311
10.482829
10.702530
10.762326
10.704012
10.691493
10.670163
10.645143
11.234846
10.854851
10.798557
10.837882
10.750652
10.523989
10.886694
10.893978
10.908979
10.560479
10.816379
10.635374
10.651163
10.726589
10.761321
10.997678
10.749602
10.859915
10.756718
10.986882
10.430715
10.596698
10.875551
10.611895
10.801401
10.739859
10.716088
10.686657
10.708788
10.823247
10.727545
10.824740
10.534844
10.769598
10.530010
10.760827
10.921331
10.741043
10.732015
10.590578
10.648088
10.683507
10.754685
10.660388
10.607551
10.681946
10.626681
10.573349
10.633733
10.842310
10.701262
10.573353
10.882057
10.571206
10.748955
10.637959
10.476584
10.656738
10.784740
10.550090
10.861973
10.781873
10.482639
10.712775
10.701951
10.773710
10.755499
10.700003
10.593339
10.716164
11.015386
10.847276
10.753272
10.640319
10.635134
10.649394
10.546792
10.890137
10.581793
10.763555
10.631047
10.951366
10.657079
10.827657
10.541271
10.564593
10.710750
10.661066
10.601865
10.588245
10.652424
10.701199
10.691542
10.698733
10.673891
10.719813
10.737914
10.640304
10.841791
10.765605
10.714313
10.620874
10.596929
10.711963
10.664827
10.824492
10.423271
10.707969
10.865092
10.785935
10.565210
10.587550
10.617363
10.809217
10.613498
10.679154
10.689052
10.743579
10.824528
10.952223
10.676292
10.819592
10.535720
10.715717
10.671252
10.567006
10.693387
10.634669
10.624351
10.647641
10.804944
10.678629
10.579885
10.631756
10.605334
10.447123
10.503167
10.608720
10.771193
10.714117
10.629971
10.941552
10.823991
10.727593
10.453667
10.705125
10.930812
10.646061
10.839968
10.608038
10.707464
10.661214
10.795968
11.163676
10.568630
10.719481
10.682099
10.709134
10.757282
10.861261
10.699813
10.908896
10.584964
10.519080
10.704998
10.610243
10.672565
10.457219
10.588321
10.571927
10.540020
10.581097
10.603914
10.806000
10.881564
10.709208
10.633645
10.805215
10.415211
10.950286
10.578226
10.729902
10.716174
11.239762
10.622737
10.717307
10.542649
10.610745
10.692271
10.828040
10.665356
10.511415
10.440391
10.627028
10.747015
10.602777
10.724573
10.770046
10.573237
10.700413
10.782976
10.645315
11.061812
10.788386
10.713179
10.666243
10.715314
10.707502
10.839759
11.232803
10.892898
10.580261
10.564224
10.630069
10.342906
10.712650
10.719762
10.573276
10.758523
10.832279
10.524959
10.654800
11.005410
10.668856
10.843491
10.705958
10.834075
10.768749
11.064973
10.791050
10.722259
10.657905
10.611164
10.531037
10.648516
10.725993
10.699617
10.878872
10.579115
10.657186
10.780438
10.696789
10.620229
10.730616
10.892388
10.825263
10.754554
10.817534
10.768747
10.781502
10.495033
10.590459
10.646178
10.615580
10.658128
10.432545
10.659745
10.518628
11.093937
10.791687
10.604930
10.828711
10.646293
10.587197
10.809896
10.605217
10.622912
10.759761
10.668985
10.581580
10.676418
10.611531
10.743620
10.720780
11.010235
10.720940
10.802042
10.609647
10.728073
10.711521
10.996809
10.663016
10.867838
10.805881
10.805431
10.744598
10.835206
10.660283
10.788643
10.937723
10.908630
10.592103
10.773819
10.696437
11.095627
10.733485
10.852125
10.714858
10.780121
10.619230
10.609313
10.620074
10.679006
10.679107
10.610630
10.728848
10.734861
10.703370
10.694107
10.708668
10.683693
10.675873
10.497598
10.739179
10.634614
10.541938
11.039841
10.595344
10.593264
10.483620
10.724254
10.656310
10.786850
10.563841
10.547645
10.754162
10.783366
10.657586
10.793895
10.551674
10.685372
11.060010
10.833842
10.702179
10.590469
10.570638
10.846186
10.701536
10.725941
10.686688
10.637748
10.624982
10.768504
10.668933
10.687254
10.578956
10.686234
10.639824
10.575780
10.855549
10.729417
10.763478
10.678123
10.596066
10.748751
10.808025
10.696166
10.768943
10.780606
10.648705
11.028877
10.556872
10.743217
10.672336
10.667787
10.636221
10.708282
10.794035
10.859949
11.080085
10.654898
10.636410
10.611941
10.499370
10.968247
10.598493
10.708398
10.553601
10.752822
10.753405
10.651099
10.792271
10.787744
10.629426
11.116689
10.911633
10.727725
10.531054
10.592754
11.043318
10.575833
10.725184
10.585441
10.678448
10.854527
10.466109
10.589580
10.565627
10.752724
10.649933
10.629845
11.051477
10.653735
10.710010
10.484331
10.725795
10.562648
10.640492
10.527820
10.550989
10.531208
10.859160
10.767216
10.761883
10.731336
10.759833
10.681611
10.808437
10.604938
10.580999
10.633823
10.625797
10.666912
10.541977
10.602016
10.715795
10.723507
10.664720
10.838351
10.904503
10.677409
10.788032
10.892590
10.874442
10.473498
10.669695
10.824754
10.853684
10.678601
10.614010
10.638939
10.600757
10.931570
10.675530
10.817158
10.607237
10.735786
10.626882
10.533392
10.742120
10.599172
10.635037
10.799339
10.603424
10.757223
10.690842
10.775824
10.717774
10.821489
10.916489
10.929744
10.759769
10.913117
10.813881
10.793450
10.576855
11.032972
10.852423
10.822980
10.625007
10.911955
10.760347
10.651537
10.641787
10.479082
10.574764
10.630916
10.619693
10.705835
10.881824
10.359179
10.862652
10.631231
10.580742
10.831140
10.704837
10.799089
10.773870
10.477053
10.790773
10.695158
10.610076
10.686849
10.842145
10.672753
10.696544
11.014814
10.712330
11.132074
10.694212
10.666533
10.507921
10.657324
10.605982
10.767704
10.657341
10.701090
10.569168
10.648067
10.355498
10.942900
10.707534
10.770764
10.656384
11.038134
10.730516
10.808868
10.618919
10.748798
10.755798
10.678677
10.571590
10.749387
10.531704
10.801247
10.814147
10.903917
10.685827
10.689893
10.695019
10.808691
10.654396
10.693093
10.709845
10.624168
10.880060
10.473825
10.463179
10.672153
10.572189
10.748089
10.798201
10.792598
10.787335
10.677818
10.976970
10.653700
10.578504
10.628920
10.727205
10.646545
10.714959
10.570948
10.848227
10.623867
10.709616
10.623238
10.544161
10.688404
10.869030
10.876332
10.633021
10.646435
10.794763
10.626960
11.102915
10.658268
10.709377
10.689625
10.589242
10.587047
10.727830
10.744222
10.851143
10.712355
10.795325
10.719794
10.894077
10.463861
10.798533
10.811320
10.690499
10.628291
10.749095
10.685349
10.552162
10.788863
10.764838
10.615136
10.565241
10.595559
10.518072
10.742425
10.718399
10.641073
10.582848
10.791228
10.735578
10.692705
10.806788
10.656183
10.607466
10.636374
10.735143
10.738790
11.053480
10.729407
10.517604
10.466301
10.936603
10.655048
10.778978
10.882103
10.962927
10.504274
10.616223
10.869336
10.681581
10.590773
10.598244
10.687292
10.759078
10.726971
10.792692
10.588793
10.714975
10.747656
10.684532
10.718114
10.848866
10.465778
10.754061
10.631945
10.682403
10.496318
10.769762
10.718154
10.781298
10.626784
10.722483
10.655223
10.406267
10.648294
10.654778
10.851490
10.766291
10.744792
10.639019
10.630983
10.590233
10.684533
10.670594
10.797560
10.692214
10.674339
10.674339
