10.695373
10.655910
10.694420
10.777862
10.699794
10.675534
10.539489
10.482496
10.785907
10.756480
10.840682
10.534674
10.676182
10.689990
10.816054
10.885434
10.985928
10.688190
10.901913
10.788915
10.860372
10.618603
10.647775
10.534802
10.785907
10.692070
10.525864
10.866525
10.599286
10.697518
10.581297
10.570946
10.683401
10.407638
10.775598
10.671006
10.740950
10.700742
10.640488
10.768933
10.897233
10.706024
10.595468
10.668296
10.739481
10.641051
10.647888
10.787914
10.638775
10.790766
10.717645
10.643818
10.484317
10.760589
10.815386
10.956555
10.557206
10.617263
10.685369
10.829185
10.762467
10.593091
10.924308
10.608070
10.625078
10.712188
10.608321
10.490432
10.658086
10.680905
10.754003
10.827801
10.988526
10.844456
10.776856
10.503045
10.522016
10.788158
10.555786
10.564566
10.736696
10.844098
10.762454
10.458381
10.549329
10.754755
10.722872
10.724399
10.727953
10.988815
10.586273
10.736699
10.854335
10.662722
10.835968
10.677849
10.490539
10.513915
10.690880
10.608587
10.593403
10.747784
10.659490
10.612056
10.584426
10.764643
10.542277
10.613259
11.094890
10.584598
10.794394
10.517437
10.736628
10.568920
10.574678
10.861030
10.671737
10.505487
10.804576
10.750967
10.595926
11.053321
10.527789
10.802978
10.700925
10.540162
10.623630
10.558192
10.873575
10.597540
10.829379
10.678857
10.630877
10.747740
10.682920
10.898093
10.762630
10.677938
10.631769
11.249292
10.669768
10.641893
10.720084
11.061209
10.510771
10.529338
10.628172
10.639521
10.521789
10.630014
10.583589
10.618612
10.553258
10.986583
10.522674
10.732989
10.746425
10.643415
10.469049
10.810714
10.804524
10.667854
11.143399
10.760395
10.826906
10.710256
10.404104
10.564407
10.814013
10.658631
10.746400
10.602448
10.827137
10.618524
10.583639
10.715918
11.034998
10.633130
10.582410
10.707727
10.548041
10.562512
10.987077
10.917265
10.599081
10.604833
10.780056
10.923016
10.704344
10.845018
10.740075
10.520634
10.729567
10.742143
10.529167
10.863248
10.779567
10.740275
10.518746
10.594926
10.489067
10.767903
10.883373
10.857169
10.748715
10.594640
11.069041
10.711953
10.774621
10.574361
10.736067
10.769731
10.533144
10.643128
10.613399
10.632776
10.662952
10.893316
10.602745
10.647213
10.908548
10.900798
10.779882
10.696271
10.516511
10.603872
10.706277
10.464499
10.879326
10.645328
10.611933
10.782388
10.546976
10.690810
10.673407
10.620454
11.019358
10.682734
10.954116
10.641641
10.806453
10.665298
10.551600
10.621628
10.629907
10.805612
10.667161
10.660147
10.594421
10.693305
10.828658
10.630254
10.911591
10.663194
10.903912
10.498892
10.458215
10.516687
10.692341
10.460336
10.610080
10.705992
10.707376
10.688776
10.761068
10.505794
10.765265
10.869625
10.616383
10.500397
10.370234
10.659638
10.520439
10.848800
10.570330
10.617428
10.609029
10.598436
10.738771
10.585100
10.588542
10.599362
10.657435
10.875603
10.707443
11.061863
10.707635
10.935557
10.791624
10.677600
10.664873
10.760980
10.898737
10.615613
10.729160
10.883576
10.598084
10.771810
10.574262
10.588610
10.639116
10.884193
10.762449
10.728036
10.382481
10.564906
10.751966
10.659790
10.820376
10.603152
10.945643
10.601723
10.759881
10.804355
10.587060
10.813143
10.694505
10.979181
10.988344
10.717502
11.095573
10.582436
10.607778
10.567164
10.747066
10.725186
10.593478
10.664010
10.887131
10.733573
10.905635
10.645415
11.055181
10.819028
10.696049
10.875319
10.729773
10.970092
10.611520
10.627007
10.624419
10.722538
10.627156
10.632417
10.651369
10.803396
10.570269
10.780901
11.367888
10.635381
10.654647
10.580625
10.686151
10.627954
10.556886
10.686929
10.562107
10.842403
10.662030
10.836693
11.053689
10.716217
10.802788
10.722342
10.630088
10.618743
10.664093
10.661375
10.751642
10.865026
10.637826
10.616551
10.724152
10.849350
10.709715
10.404559
10.763920
10.618587
10.714699
10.845007
10.654348
10.713151
10.836536
10.573514
10.650140
10.908137
10.591217
10.648996
10.627997
10.837669
10.987675
10.655721
10.701813
10.745857
10.601500
10.479082
10.688713
10.977214
10.464731
10.717716
11.033881
10.718577
10.687075
10.479991
10.672763
10.523200
10.569605
10.739086
10.490613
10.794282
10.604792
10.821611
10.441966
10.675310
10.534661
10.652601
10.572246
10.798893
10.504476
10.657048
10.648251
10.603038
11.069650
10.871033
10.456822
10.922429
10.596773
10.904130
10.574097
10.699470
10.813426
10.836311
10.521276
10.963924
10.564784
10.538981
10.830099
11.032262
10.703427
10.991123
10.550098
10.746872
10.719394
10.703408
10.567097
10.687980
10.781559
10.890235
10.667533
10.649956
10.789903
10.769108
10.645501
10.605312
10.584179
10.782841
10.729670
10.769854
10.500764
10.965306
10.695367
10.777889
10.788146
10.716597
10.599720
10.814730
10.706048
11.206485
10.848673
10.880322
10.845850
10.697117
10.743398
10.623368
10.666519
10.573823
10.900669
10.646747
10.574889
10.819427
10.682336
10.718433
10.656557
10.864081
10.828818
10.667292
10.889742
10.878469
10.701034
10.577455
10.576256
10.579854
10.655248
10.710771
10.826419
10.871038
10.774356
10.604361
10.664629
10.853399
10.774121
10.631811
10.718546
10.769292
10.673425
10.637187
10.912892
10.600080
10.804225
11.012878
10.773233
11.079974
10.700668
10.689461
10.462045
10.681032
10.938397
10.775374
10.896869
10.903549
10.541964
10.770823
10.701707
10.708034
10.673486
10.935959
10.681107
10.717579
10.748446
10.640794
10.490748
10.846914
10.582386
10.783369
10.535241
10.628249
10.595407
10.522755
10.615340
10.637734
10.640076
10.545704
10.700374
10.635088
10.743277
10.969213
10.729634
10.527695
10.854165
10.707687
10.695270
10.728344
10.621391
10.703441
10.724987
10.643315
10.883010
10.949252
10.890020
10.947804
10.654100
10.538038
10.795494
10.923135
10.860266
10.860362
10.864190
10.705456
10.746369
10.649681
10.643320
10.815864
10.709541
10.494870
10.661223
10.754141
10.816726
10.690885
10.666353
10.631263
10.606993
10.374878
10.477061
10.484277
10.838189
10.363802
10.404245
10.699077
10.650259
10.682070
10.760000
10.880077
10.762201
10.618137
10.676004
10.840812
10.612526
10.705742
10.512246
10.833676
10.902256
10.919298
10.584897
10.882293
10.635861
10.541235
10.964610
10.620523
10.610468
10.577109
10.877458
10.519633
10.557605
10.614196
10.782231
10.564113
10.729871
10.602228
10.689517
10.777838
10.580066
10.635863
10.705741
10.578813
10.724260
10.593979
10.687417
10.914285
10.757828
10.858693
10.771551
10.737011
10.637920
10.726328
10.886486
10.750404
10.662123
10.779400
10.754090
10.496488
10.819095
10.408898
10.768167
10.686499
10.671404
10.697467
10.573796
10.665620
10.473907
10.781147
10.562855
10.662756
10.872271
10.521676
10.622655
10.742368
10.632755
10.568334
10.717088
10.586060
10.716390
10.670005
10.728091
10.703145
10.697458
10.616115
10.590065
10.791506
10.524491
10.432665
10.824727
10.780947
10.727119
10.793087
10.678191
10.633423
10.675801
10.608801
10.974348
10.617776
10.898011
10.885489
10.624213
10.499611
10.709230
10.703421
10.545769
10.830889
10.641523
11.114299
10.730181
10.658532
10.565432
10.646087
10.601502
10.604882
10.919533
10.666917
10.654440
10.823108
10.636914
10.723674
10.660597
10.678647
10.654984
10.644680
10.575744
10.655618
10.838790
10.534767
10.827702
10.703204
10.642870
10.847483
10.570140
10.799971
10.747096
10.789117
10.532879
10.667664
10.971859
10.547644
10.740392
11.189627
10.827198
10.555923
10.365659
10.625697
10.628533
10.684479
10.622663
10.713088
10.597077
10.515627
10.889224
10.779217
10.613330
10.738626
10.664475
10.821299
10.709656
10.809445
10.723944
10.790058
10.711773
10.734433
10.642433
10.973100
10.647437
10.661661
10.829996
10.543355
10.646757
10.661541
10.656929
10.771387
10.813928
10.830428
10.824069
10.551185
10.503668
10.681704
10.819813
10.532680
10.585493
10.621350
10.825855
10.943631
10.421919
10.578231
10.611555
10.747559
10.783182
10.835584
11.193423
10.570353
10.842674
10.728055
10.667749
10.885691
10.746948
10.720649
10.691485
10.530158
10.489854
10.673480
10.644961
10.684258
10.653977
10.579939
10.515110
10.716615
10.597113
10.660650
10.690850
10.888537
10.716402
10.659960
10.555353
10.574974
10.589009
10.517361
10.735710
10.927414
10.774530
10.988303
10.690154
10.601641
10.709889
10.895584
10.925645
10.661622
10.909349
10.764547
10.962662
10.653900
10.549376
10.643411
10.699003
10.990524
10.826257
10.640597
10.622645
10.748275
10.728204
10.684002
10.764760
10.677637
10.572965
10.491699
10.758405
10.689922
10.611971
10.659544
10.683491
10.655342
10.596032
10.852639
10.611158
10.748566
11.088177
10.887868
10.511663
10.764197
10.892863
10.808448
10.626359
10.537530
10.822360
10.751548
10.807673
10.594580
10.912681
10.592235
10.687553
10.978763
10.696501
10.603096
10.830670
10.814845
10.768958
10.621751
10.821968
10.621810
10.588904
10.717082
10.683503
10.693094
10.715012
10.907992
10.817047
10.632676
10.738754
10.701772
10.976901
10.679446
10.703300
10.609251
10.816137
11.267663
10.584981
10.663481
10.930992
10.726959
10.616948
10.521959
10.743457
10.969938
10.841459
10.640765
10.522529
10.708024
10.617129
10.719878
10.857120
11.255652
10.860889
10.905933
10.710231
10.471666
10.623479
10.792566
10.707678
10.595911
10.990259
10.787847
10.730942
10.828337
11.029445
11.264978
10.535846
10.963245
10.639311
10.643196
10.646056
10.694008
10.867657
10.658824
10.722302
10.729067
10.669032
10.656444
10.700379
10.726990
10.733552
10.615617
10.591278
10.680294
10.593190
10.941999
10.759488
10.857762
10.742720
10.548750
10.832496
10.807595
10.763339
10.805906
10.654083
10.853605
10.543510
10.585105
10.641243
10.899241
10.745827
10.592698
10.655750
10.755348
10.523206
10.759968
10.520575
10.697359
10.508750
10.913256
10.624672
10.525503
10.661990
10.626846
10.519875
10.512521
10.817615
10.723547
10.833011
10.715906
10.675149
11.129439
10.523867
10.729261
10.508634
10.690346
10.711968
10.674068
10.786052
10.543442
10.652345
10.676895
10.603020
10.641942
10.606529
10.640619
10.752339
10.806659
10.489419
10.783864
10.954701
10.634619
10.666289
10.881971
10.715036
10.834285
10.577683
10.760453
11.001710
10.426561
10.835317
10.780807
10.707582
10.659273
10.645679
10.613420
10.725522
10.663389
10.547989
10.643012
10.639821
10.699431
10.775127
10.534936
10.994412
10.577890
10.812442
10.855821
10.947590
10.486750
10.560160
10.769298
10.835729
10.581119
10.653868
10.768932
10.642600
10.729866
10.557497
10.705785
10.722068
10.809974
10.819338
10.675692
10.748102
10.648330
10.714168
10.426245
10.924613
10.973995
10.704167
10.779912
10.683203
10.604502
10.854595
10.697480
10.802177
10.628174
10.527031
10.816002
10.586533
10.650647
10.486234
10.771347
10.623012
10.659631
10.869462
10.791347
10.906544
10.681114
10.716271
10.718849
10.750003
10.548579
11.006783
10.460278
10.608554
10.645435
10.435106
11.015271
10.660112
10.832872
10.892662
10.425019
11.047773
10.683378
11.186172
10.573145
10.722808
10.746442
10.748374
10.571055
10.768039
10.618423
10.827434
10.572665
10.585236
10.577294
10.750540
10.806218
10.570092
10.531377
10.475750
10.814563
10.607567
10.741593
10.753194
10.646653
10.911804
10.739215
10.631261
10.915414
10.725374
10.633168
10.636733
10.748892
10.773078
10.663928
10.748965
10.646747
10.660208
10.588753
10.774037
10.914085
11.035685
10.583946
10.723322
10.703427
10.872669
10.815025
10.714886
10.597833
10.867714
10.722102
10.897258
10.479815
10.789548
10.794300
10.836747
10.673441
10.885709
10.739238
10.834799
10.774005
10.870052
10.664880
10.716219
10.667313
10.695333
10.518046
10.730117
10.792582
10.523956
10.532594
10.708679
10.774445
10.763416
10.800779
10.781558
10.567497
10.773039
10.622887
10.723637
10.870419
10.536136
10.897758
10.864434
11.069709
10.769098
10.632529
10.575724
10.644607
10.626333
10.788291
10.681921
11.180969
10.796249
10.972615
10.877746
10.656910
10.570589
10.709851
10.717104
10.775301
10.570121
10.760425
10.656348
10.943788
10.749027
10.718178
10.490414
10.665690
10.801594
10.749072
10.540264
10.775790
10.698007
10.554534
10.820402
10.652217
10.495788
10.633127
10.802810
10.588240
10.688393
10.959222
11.227562
10.805059
10.823850
10.748886
10.629865
10.722511
10.653160
10.703741
10.605352
10.980603
10.807596
10.590864
10.912991
10.636410
10.998382
10.760821
10.601953
10.650928
10.642316
10.612791
10.756531
10.864546
10.838694
10.579567
10.727221
10.615383
10.578594
10.846325
10.973160
10.774297
10.746282
10.617450
10.618246
10.624083
10.749925
10.663386
10.556106
10.829756
10.636126
10.850474
10.826813
10.692722
10.625386
10.616692
10.575260
10.748534
10.558220
10.652886
10.565222
10.654404
10.724440
10.626462
10.698457
10.708537
10.728211
10.622925
10.724215
10.682573
10.818533
10.694386
10.797133
10.737896
10.589725
10.675980
10.535366
10.809934
10.611661
10.854248
10.755156
10.560791
10.963102
10.730467
10.537700
10.538397
10.542855
10.846038
10.631759
10.681303
10.723774
10.675027
10.992259
10.656170
10.656394
10.591056
10.657096
10.810524
10.553737
10.749005
10.925752
10.636516
10.792770
10.799152
10.954695
10.904962
10.902572
10.707401
10.790316
10.552945
10.505962
10.920507
10.730200
10.729216
10.737399
10.572387
10.624199
10.833372
10.665794
10.917075
10.568857
10.679484
10.773248
10.529307
10.869755
10.576725
10.665148
10.775237
10.764081
10.605550
10.701935
10.651424
10.627845
10.643532
10.928513
10.600681
10.740357
10.872531
10.551427
10.557333
10.759220
10.338169
10.564462
10.829893
10.810288
10.642189
10.519952
10.782298
10.734811
10.439870
10.804267
10.864948
10.621538
10.702336
10.622386
10.686487
10.617891
10.473603
10.836521
10.622575
10.931602
10.701342
10.676714
11.031852
10.551164
10.885795
10.798346
10.638775
10.826283
10.757691
10.566348
10.747873
10.825431
10.625006
10.550738
10.582661
11.066546
10.632898
10.710327
10.705681
10.618586
10.583683
10.649719
10.884872
10.684239
10.883725
10.624209
10.928544
10.884559
10.710889
10.609528
10.754883
10.657671
10.648714
10.812462
10.876942
10.843330
10.624212
10.612303
11.059763
10.531400
10.921850
10.955896
10.801506
10.727018
10.702015
10.498945
10.835456
10.778100
10.569730
10.595771
10.607925
10.707666
10.748051
10.918128
10.724387
10.808936
10.620694
10.944548
10.658478
10.669737
10.506551
10.603203
10.891821
10.708765
10.895672
10.872956
10.926844
10.797796
10.650128
10.560484
10.533754
10.708479
10.851662
10.780663
10.888380
10.741035
10.674253
10.713730
10.796262
10.600734
10.709256
10.471382
10.629901
10.614692
10.767176
10.778762
10.449181
10.457416
10.865781
10.624377
10.668041
10.710352
10.874356
10.739803
10.705755
10.812353
10.755769
10.785353
10.589996
10.544058
10.336802
10.805461
10.662817
10.582017
10.668962
10.482684
10.714386
11.114143
10.793152
10.813970
10.670070
10.519465
10.830665
10.635987
10.709004
10.682433
10.649763
10.746008
10.940627
10.598759
10.723786
10.705200
10.687689
10.583195
10.747860
11.028759
10.957506
10.619204
10.553455
10.545212
10.905502
10.699731
10.432927
10.932036
10.618961
10.656636
10.708802
10.881809
10.449182
10.854440
10.723853
11.122087
10.515375
10.697464
10.775412
10.787127
10.500573
10.474991
10.646578
11.029844
10.718644
10.913109
10.664250
10.663976
10.584635
11.039721
10.598542
10.725009
10.653544
10.674926
10.515330
10.765511
10.753860
11.034705
10.786852
10.660031
10.918770
10.762426
10.731572
10.569485
10.632861
10.503401
10.660539
10.511393
10.839426
10.761599
10.677028
11.053240
10.749123
10.662557
10.565898
10.502382
10.596369
10.734870
10.687412
10.985945
10.712430
10.566476
10.755126
10.662542
10.665055
10.715609
10.536586
10.856495
10.840491
10.621536
10.613785
11.082372
10.655542
10.689772
10.577349
10.665152
10.758154
10.626518
10.635775
10.774375
10.823321
10.854828
10.453595
10.723645
10.771969
10.765300
10.545753
10.647027
10.669607
10.644966
10.539640
10.536650
10.735322
10.518231
10.759896
10.615284
10.641135
10.547443
10.576263
10.706689
11.094442
10.623772
10.678547
10.778477
10.606233
10.686568
10.472745
10.682856
10.485712
10.522121
10.790071
10.791306
10.685282
10.797077
10.512021
10.795296
10.697236
10.776516
10.852976
10.730381
10.671207
10.503247
10.729485
10.768522
10.659269
10.853777
10.947164
10.790039
10.615906
10.676249
10.926272
10.627893
10.651312
10.801147
10.822739
10.681344
10.894441
10.588625
10.602722
10.883669
10.763476
10.619183
10.561032
10.928752
10.968412
10.770821
10.511422
10.998680
10.787574
10.647570
11.000388
10.646475
10.694046
10.698528
10.546404
10.644890
10.567564
10.525572
10.661925
10.585176
10.489467
10.705759
10.553209
10.607073
11.011570
10.672313
10.878914
11.071090
10.553871
10.750439
10.727181
10.747638
10.549340
10.685260
10.605064
10.616444
10.691275
10.804780
10.738602
10.665615
10.615379
10.953863
10.741189
10.793923
10.803475
10.862770
10.977412
10.660103
10.555885
10.645787
10.530195
10.950462
10.636158
10.630262
10.709425
10.701038
10.751515
10.411312
10.636984
10.811720
10.948817
10.648981
10.590828
10.699495
10.868470
10.841821
10.487699
10.940296
10.794839
10.569804
10.560303
10.652036
10.506202
10.593763
10.454170
10.629089
10.650202
10.905877
10.716757
10.618764
11.042795
10.668589
10.655779
10.435835
10.605997
10.670848
10.932182
10.597686
10.778079
10.713984
10.546809
10.805904
10.607882
10.687974
10.781308
10.693487
10.630132
10.624715
10.678657
10.588703
10.999472
10.900810
10.490291
10.503990
10.962780
10.726435
10.573837
10.318481
10.573384
10.667674
10.962453
10.615733
10.641669
10.778979
10.745461
10.612795
10.558960
10.459510
10.726650
10.644554
10.922445
10.623545
10.626305
10.747326
11.014744
10.525765
10.513450
10.852973
10.649611
10.703671
10.777169
10.626225
10.555163
10.662848
10.797929
10.769625
10.624513
10.996343
10.605864
10.673213
10.580443
10.875731
10.829778
10.626584
10.684559
10.757249
10.880024
10.688732
10.612797
10.781856
10.366754
10.887994
10.632350
10.797616
10.558813
10.560140
10.611464
10.742911
10.505202
10.741990
10.643494
10.544377
11.508495
10.932842
10.595692
11.001448
10.653470
10.975846
10.627658
10.538153
10.752651
10.805607
10.734332
10.678340
10.716558
10.675001
10.745083
10.579864
10.766687
10.591543
10.732303
10.651800
10.582074
10.849410
10.824604
10.967389
10.582195
10.876953
10.754601
10.788825
10.620230
10.866467
10.624843
10.575148
11.039961
10.463958
10.769344
10.816609
10.881984
10.501615
10.859561
10.865336
10.725302
10.708605
10.665573
10.694476
10.466597
10.657860
10.590200
10.968855
10.525495
10.527134
10.754519
10.600483
11.027809
10.829867
10.763230
10.883139
10.760685
10.606262
10.955746
10.583062
10.799572
10.626535
10.905321
10.630358
10.615875
10.800491
10.738916
10.617064
10.764447
10.706543
10.583730
10.596506
10.465640
10.644468
10.786019
10.682758
10.789873
10.551526
10.747306
10.825420
10.627977
10.730121
10.794884
10.704047
10.749949
10.666086
10.648300
10.785385
10.634012
10.492783
10.556297
10.496995
10.785646
10.527381
10.876267
10.691998
10.478956
10.754206
10.787768
10.723249
10.590279
10.813500
10.585354
10.528465
10.524583
10.730051
10.742807
10.737202
10.947799
10.857752
10.592329
10.756442
10.760828
10.562499
10.857825
10.592340
10.756068
10.862801
10.543645
10.674198
10.520717
10.576606
10.841088
10.720740
10.632539
10.862893
10.390576
10.587728
10.744071
10.814263
10.692424
10.563211
10.570570
10.991751
10.742439
10.762589
10.625208
10.802240
10.664203
10.510062
10.818025
10.534187
10.874229
10.686139
10.675854
10.594214
10.760621
10.600453
10.310282
10.807371
10.969802
10.572144
10.626587
10.686824
10.880919
10.790552
10.601085
10.814458
10.818248
10.696238
10.546497
10.723627
10.821660
10.909230
10.692823
10.788731
10.549828
10.760262
10.592974
10.634870
10.879403
10.699691
10.399969
10.539225
10.929194
10.553414
10.562047
10.515211
10.807989
10.671018
10.713553
10.734151
10.688766
10.626265
10.621915
10.513409
10.654960
10.611642
10.824665
11.051426
10.609305
10.570022
10.652758
10.678585
10.475126
10.601671
10.567620
10.477649
10.945386
10.624000
10.717010
10.735550
10.745920
10.749263
10.652545
10.705317
10.691002
10.544625
10.740944
10.485848
10.571362
10.821307
10.640785
10.649163
10.784779
10.578656
10.686331
10.598172
10.595156
10.636219
10.660590
10.709091
10.938721
10.770271
11.041958
10.810257
10.658407
10.652203
10.608654
10.594471
10.856598
10.780400
10.753437
10.746838
10.813728
10.629044
10.640742
10.774564
10.565204
10.762038
10.757273
10.354638
10.681353
10.642918
10.447093
11.177797
10.714490
10.832780
10.741720
10.730273
10.567301
10.607722
10.454021
10.723136
10.686421
10.897328
10.733826
10.610814
10.570576
10.746983
10.658705
10.912802
10.651993
10.817400
10.863248
10.850856
10.609645
10.714550
10.845881
10.673691
10.595321
10.922873
10.492859
10.706175
10.677986
10.486800
10.475986
10.655674
10.735706
10.624058
10.708514
10.624027
10.810645
10.756241
10.739495
10.842691
10.703041
10.643953
10.617466
10.713846
10.803597
10.796323
10.535672
10.909153
10.649017
10.715529
10.547896
10.765589
11.000308
10.710176
10.701697
10.898932
10.727901
10.942351
10.612977
10.862726
10.812258
11.088850
10.450466
10.944297
10.820411
10.784835
10.590401
10.707878
10.882100
10.595779
10.795801
10.471564
10.589498
10.555862
11.250491
10.668277
10.686813
10.597805
11.053147
10.782038
10.679979
10.773036
10.854885
10.614757
10.733441
10.645013
10.758382
10.561047
10.787562
10.896162
10.614411
10.673511
10.678620
10.563274
10.541219
10.804964
10.802181
10.760160
10.810306
10.731644
10.615041
10.666677
10.714755
10.494729
10.811258
10.863082
10.590458
10.755613
10.565910
10.634533
10.634126
10.498074
10.821679
10.586446
10.768105
10.711737
10.628615
10.879421
10.703420
10.456501
10.682484
11.048296
10.519732
10.645338
10.736114
10.660997
10.638447
10.719286
10.633609
10.607422
10.550140
10.624090
10.622820
10.703495
10.693556
10.683269
10.542858
10.613898
10.694661
10.911086
10.717268
10.792596
10.665029
10.754853
10.549290
10.903544
10.681790
10.638836
10.883921
10.844188
10.710084
10.715432
10.735282
10.586341
10.692835
10.576800
11.026952
10.757910
10.696287
10.462968
10.685334
10.704276
10.635163
10.745354
10.490286
10.489702
10.564410
10.686808
10.993539
10.647401
10.574067
10.925406
10.588501
10.750283
10.768777
10.565083
10.535579
10.697162
10.622501
10.880251
10.820548
10.703777
10.466465
10.859647
10.755980
10.739516
10.636964
10.675761
10.772630
10.738276
10.654054
10.623341
10.704830
10.653704
10.930494
10.690535
10.788051
10.663602
10.754976
10.622967
10.701860
10.792307
10.844350
10.526445
10.848153
10.517883
10.592275
10.687555
10.629745
10.738566
10.735101
10.687877
10.717538
10.666409
10.743354
10.734506
10.696564
10.818863
10.735448
10.811468
10.683393
10.783188
10.690594
10.774239
10.681493
10.663784
10.607033
10.536527
10.899923
10.697103
10.763196
10.539705
10.891635
10.591685
10.913818
10.956851
10.520783
10.677403
10.532401
10.617036
10.776157
10.648516
10.650995
10.871712
10.628513
10.579680
10.833072
10.607580
10.658783
10.619837
10.649325
10.905160
10.792830
10.904205
10.667557
10.740000
10.507572
10.594144
10.750098
10.771336
10.446534
10.728022
10.574546
10.606362
10.532722
10.633646
10.702311
10.727911
10.499083
10.860313
10.618814
10.794399
10.543482
10.539151
10.696743
11.034166
10.524409
10.579168
10.755791
10.546868
10.470034
10.750293
10.734896
10.822529
10.805824
10.714968
10.685911
10.556210
10.692345
10.921475
10.511189
10.645058
10.517086
10.671040
10.756270
10.627295
10.848228
10.882289
10.472795
10.580648
10.719915
10.696197
10.787898
10.856559
10.542848
10.540674
10.712321
10.465246
10.691540
10.832173
10.460908
10.867162
10.670773
10.952068
10.711337
10.629871
10.798111
10.678731
10.751890
10.710455
10.700599
11.016869
10.530975
10.638817
10.716573
10.570315
10.826159
10.619429
10.678307
10.850357
10.850388
10.630445
10.631285
10.457278
10.571122
10.746606
10.775851
10.572080
10.536324
10.743792
10.746399
10.914298
10.576611
10.590485
10.615927
10.737736
10.484046
10.583692
10.738184
10.693571
10.710979
10.556709
10.672321
10.757300
10.886906
10.563721
10.577930
11.097502
10.613652
10.856258
10.777203
10.653800
10.777764
10.643693
10.625802
10.873162
10.663624
10.570739
10.618220
10.619039
10.851834
10.598771
10.703610
10.757575
10.615387
10.758834
10.568333
10.759423
10.749449
10.584679
10.910571
10.652221
10.792543
10.682066
10.669398
10.609698
10.579588
10.668528
10.816881
10.701698
10.501885
10.663888
10.653999
10.749596
10.808723
10.622873
10.339709
10.623859
10.652775
10.642588
10.695501
10.741458
10.665871
10.816861
10.615429
10.786659
10.662311
10.669608
10.752758
10.756888
10.758113
10.715371
10.798096
10.621078
10.609152
10.774526
10.679826
10.688958
10.735792
10.520763
10.988809
10.869172
11.172990
10.869610
10.744149
10.767433
10.488080
10.594344
10.776909
10.871649
10.751456
10.647893
10.670989
10.593674
10.811750
10.512545
10.713090
10.747312
10.775709
10.775004
10.697828
10.526749
10.791391
10.572362
10.593380
10.945600
10.686242
10.736904
10.542153
10.613275
10.612089
10.502010
10.833321
10.741907
10.815125
10.588887
10.735073
10.649265
10.853893
10.694199
10.656956
10.886781
10.615211
10.736664
10.691264
10.786206
10.862809
10.658900
10.818523
10.806651
10.698446
10.763453
10.521448
10.650019
10.745690
11.064547
10.653435
10.544050
10.672642
10.768527
10.679145
10.572936
10.632668
10.788251
10.885844
10.652471
10.628800
10.795779
10.899977
10.741886
10.537414
10.505806
10.724806
10.833320
10.944733
10.878389
10.829246
10.650160
10.571648
10.800865
10.712700
10.749585
11.104723
10.509736
10.554952
10.767839
10.853432
10.843653
10.485699
10.675039
10.968464
10.824450
10.695590
10.797054
10.629990
10.689591
10.712851
10.452781
10.745848
10.611102
11.005719
10.527921
10.840867
10.541572
10.680544
10.971430
10.546178
10.678126
10.648278
10.668183
10.770809
10.827011
10.732052
10.726421
10.828845
10.863061
10.910539
10.811498
10.711409
10.680301
10.684010
10.740542
10.797594
10.609675
10.709963
10.571025
10.729330
10.824924
10.704310
10.764762
10.765967
10.801013
10.643788
10.549585
10.753250
10.641717
10.616387
10.816993
10.952896
10.638077
10.834481
10.574061
10.813624
10.601108
10.757516
10.738025
10.701511
10.622567
10.578646
10.653819
10.653941
10.746894
10.631275
10.548268
10.759598
10.720264
10.543853
10.733099
10.676854
10.589596
10.625930
10.957037
10.610043
10.635263
10.738255
10.627461
10.623742
10.880394
10.804143
10.577810
10.663845
10.781645
10.535230
10.680774
10.991081
10.639651
10.685949
10.711660
10.625965
10.597301
10.592296
10.758265
10.587031
10.787747
10.780848
10.820246
10.755085
10.662943
10.875136
10.525368
10.649456
10.634432
10.660236
10.667910
10.392739
10.776762
10.735838
10.846640
10.892722
10.584655
10.755788
10.690985
10.698768
10.684224
10.672569
10.606898
10.617014
10.625396
10.747814
10.719546
10.739673
10.420050
10.615315
10.678030
10.842725
10.815192
10.495643
10.665640
10.976828
10.743929
10.672589
10.847597
10.719050
10.741197
10.617589
10.797439
10.808400
10.815481
10.794775
10.824590
10.662459
10.810728
10.783045
11.041766
10.736638
10.730843
10.585763
10.541238
10.713216
10.721547
10.805839
10.708685
10.733119
10.729661
10.684288
10.695284
10.554535
10.492667
10.625412
10.637570
10.751531
10.834254
10.674531
10.796975
10.650186
10.662844
10.425070
10.615066
10.863643
10.774986
10.684979
10.643816
10.583467
10.522962
10.646137
10.688397
10.665627
10.803114
10.925028
10.677303
10.727444
10.636200
10.734025
10.979722
10.606278
10.837786
10.650678
10.643616
10.696938
10.837435
10.840882
10.683051
10.779153
10.625738
10.752059
10.716020
10.743662
10.698161
10.552720
10.628265
10.735449
10.583102
10.727411
10.805293
10.818633
10.589259
10.546473
11.225440
10.717430
10.763539
10.909047
10.603428
10.442434
10.657148
10.550985
10.687388
10.677989
10.674442
10.629135
10.677273
10.666735
10.479184
10.635042
10.586527
10.572942
10.593298
10.694221
10.874418
10.654387
10.758492
10.743928
10.784243
10.477756
10.581515
10.744096
10.673087
10.478826
10.433581
10.776830
10.684903
10.975575
10.865487
10.705792
10.758487
10.708520
10.758188
10.688161
10.637204
10.958443
10.859222
11.050511
10.464170
10.832095
10.711666
10.795606
10.521776
10.667335
10.563908
10.634181
10.680533
10.552659
10.793675
10.680714
10.808198
10.776385
10.625355
10.578487
10.626697
10.685600
10.693565
10.698651
10.727493
10.723540
10.995428
10.963324
11.059476
10.868891
10.602243
10.594213
10.720473
10.593081
10.533685
10.531817
10.621944
10.725576
10.468056
10.421371
10.563781
10.887479
10.487098
10.749834
10.784205
10.712902
11.018603
10.593247
10.634921
10.644787
10.614475
10.469668
10.568485
10.848887
10.696611
10.624746
10.932661
10.558193
10.628546
11.183589
10.932039
10.653832
10.489757
10.589725
10.860215
10.692821
10.567042
10.846582
10.818215
10.542187
10.583840
10.760110
10.658352
10.844348
10.753740
10.609902
10.753657
10.819195
10.569310
11.048976
10.565690
10.636219
10.608672
10.564916
10.601427
10.679985
10.591237
10.739883
10.704154
10.757786
10.577895
10.586496
10.578245
10.642124
10.936760
10.607263
10.483031
10.658281
10.632882
10.669947
10.713642
10.545887
10.705619
10.743515
10.593962
10.609938
10.609258
10.762671
10.953241
10.536555
10.925170
11.064012
11.123975
10.751433
10.879576
10.598528
10.634316
10.752670
10.714343
10.731530
10.735413
10.644381
10.641927
11.009192
11.171413
10.687775
10.855481
10.758072
10.697715
10.706846
10.676022
10.576934
10.692888
10.821631
10.756720
10.605849
10.646813
10.628857
10.640587
10.833545
10.771157
10.659574
10.917831
10.652610
10.584508
10.409563
10.818680
10.695565
10.641724
10.605957
10.689492
10.522186
10.653950
10.771054
10.664374
10.579483
10.517872
10.647331
10.925622
10.620567
10.595385
10.820114
10.585533
10.756760
10.829103
10.579551
10.534764
10.758419
10.621625
10.719609
10.959870
10.690130
10.868869
10.760793
10.622787
10.705345
10.534195
10.634034
10.869736
10.757563
10.701076
10.649600
10.752349
10.588066
10.562847
10.666655
10.806406
10.816524
10.439365
10.541245
10.856673
10.733818
10.778592
10.511160
10.746082
10.917783
10.720093
10.530583
10.603707
10.975355
10.651187
10.830060
10.856920
10.676726
10.528901
10.506927
10.494971
10.929499
10.653764
10.753619
10.820284
10.585580
10.656426
10.930349
10.633644
10.830712
10.733607
10.505696
10.736252
10.405965
10.527501
10.648159
10.749325
10.672308
10.644276
10.492257
10.624025
10.791776
10.604370
10.667814
10.831640
10.622053
10.764927
10.565805
10.523497
10.592945
10.617155
10.718561
10.604832
10.672645
10.525303
10.837980
10.629673
10.836967
10.513391
10.820091
10.752272
10.619598
10.829995
11.091021
10.556687
10.717632
10.960071
10.832920
10.813976
10.788711
10.619862
10.733129
10.671444
10.624814
10.988223
10.744285
11.051296
10.713492
10.693975
10.558965
10.854031
10.716530
10.724122
10.843102
10.777771
10.652625
10.791576
10.692422
10.556198
10.815983
10.657540
10.617396
10.687304
10.476604
10.703497
10.657530
10.743941
10.778120
10.771615
10.710251
10.583816
10.653247
10.643564
10.418866
10.692978
10.757232
10.662777
10.740162
10.461250
10.711700
10.365545
10.677259
10.775664
10.627963
10.525432
10.757480
10.892798
10.722855
10.534903
10.875702
10.614486
10.621345
10.759399
10.853976
10.882377
10.653034
10.700328
10.606579
10.708300
10.932505
10.860976
10.890469
10.687589
10.600147
10.740839
10.676161
10.687502
10.854051
10.715485
10.647129
10.616180
10.768279
10.526153
10.523357
10.411898
10.698310
10.968024
10.424242
10.682733
10.600184
10.594430
10.709186
10.670581
10.644645
10.648755
11.147457
10.803900
10.618608
10.593001
11.069058
10.596970
10.622635
10.703311
10.778225
10.744141
10.806312
10.640292
10.720268
10.573457
10.724877
10.569426
10.440812
10.641792
10.773384
10.921488
10.698637
10.776549
10.640156
10.661351
10.578499
10.693007
10.875773
10.808010
10.645842
10.781356
10.796013
10.825502
10.812279
10.906491
10.553709
10.584486
10.483157
10.547436
10.678632
10.880818
10.605991
10.614806
10.689965
10.735988
10.739153
10.773483
10.636915
10.668649
10.729643
10.575858
10.939481
10.656968
10.938518
10.820796
10.800517
10.864214
10.854220
10.711809
10.739353
10.475146
10.619329
10.704921
10.564922
10.653875
10.833795
10.636924
10.602377
10.749142
10.683968
10.794214
10.716641
10.572332
10.697295
10.609711
10.503682
10.614040
10.678024
10.848801
10.824954
10.680428
10.601700
10.739143
10.658236
10.823503
10.827998
10.759248
10.451713
10.917333
10.666821
10.601049
10.945377
10.698969
10.850083
10.681202
10.900700
10.855836
10.732784
10.715526
10.682652
10.592547
10.541830
10.679572
10.983798
10.710464
10.960736
10.865711
10.609953
10.869615
10.794195
10.617471
10.765879
10.897068
10.470551
10.486346
10.658339
10.582353
10.720188
10.542702
10.891605
10.827306
11.013539
10.384406
10.645495
10.676731
10.743853
10.773548
10.806453
10.736145
10.593962
10.636277
10.751546
10.762505
10.583689
10.732717
10.490950
10.845458
10.683656
10.849754
10.683096
10.749430
10.701083
10.915808
10.994032
10.582639
10.690376
10.616220
10.647202
10.612498
10.721410
10.710852
10.719833
10.627135
10.593517
10.503073
10.559870
10.574030
10.653224
10.594255
10.933690
11.004195
10.751851
10.675867
10.821980
10.760583
10.740094
10.914935
10.974452
10.644845
10.623309
10.820799
10.630191
10.810173
10.811551
10.809823
10.668310
10.671936
10.748236
10.634968
10.491541
10.589354
11.131106
10.635074
11.000064
10.558024
10.720851
10.502243
10.576846
10.760156
10.577782
10.688053
10.883629
10.545726
10.734365
10.691668
10.699978
10.849617
10.670829
10.779873
10.664680
10.705756
10.706310
10.668856
10.733184
10.952300
10.463285
10.830096
10.559103
10.708198
10.720223
10.480942
10.768331
10.877649
10.689556
10.605157
10.726863
10.686171
10.682148
10.944151
10.741023
10.536457
10.703958
10.743671
10.741549
10.804355
10.800101
10.667288
10.630329
11.014969
10.423401
10.718955
10.730974
10.659259
10.614868
10.322783
10.831201
10.917051
10.488032
10.683500
10.883453
10.610887
10.619012
10.658799
10.731823
10.635229
10.711714
10.721682
10.650657
10.602383
10.552441
10.709752
10.872771
10.692971
11.066778
10.478310
10.858570
10.547626
10.568137
10.541307
10.650403
10.549086
10.546465
10.511572
10.602594
10.797943
10.769447
10.616261
10.487139
10.794881
10.725861
10.701275
10.505996
10.699358
10.484479
10.924305
10.962060
10.688799
10.806454
10.650060
10.686257
10.535413
10.655031
10.722670
10.911871
10.760887
10.529897
10.838347
10.867453
10.687789
10.886394
10.683654
10.600149
10.783162
10.632912
10.710378
10.607898
10.810503
10.716428
10.711488
10.702760
10.673797
10.649637
10.712313
10.916094
10.779906
11.088997
10.544252
10.632023
10.625121
10.589429
10.712351
10.674124
10.467306
10.728338
10.656737
10.783684
10.633143
10.715606
10.632254
10.604027
10.912594
10.829532
10.617922
10.546508
10.653171
10.849993
10.744817
10.391443
11.097768
10.625764
10.517949
10.754813
10.735750
10.741808
10.728975
10.475279
10.658926
10.587166
10.698240
10.655950
10.617389
10.760403
10.829358
10.647416
10.874063
10.690685
10.733495
10.590422
10.551193
10.783849
10.801218
10.522126
10.813392
10.609838
10.727468
10.771624
10.785346
10.590705
10.567823
10.796532
10.684121
10.530353
10.696737
10.474309
10.547017
10.614680
10.627188
10.747538
10.738762
10.642533
10.521612
10.772093
10.590448
10.465840
10.700121
10.808908
10.874257
11.021993
10.906252
10.690448
10.585529
10.645843
10.755506
10.870603
10.719847
10.723606
10.677633
10.645433
10.567632
10.758354
10.602215
10.641740
10.698550
10.647673
10.634125
10.938466
10.524363
10.653250
10.797356
10.765882
10.781999
10.861151
10.572586
10.833505
10.614061
10.481405
10.617233
10.674545
10.781046
10.871401
10.701042
10.548275
10.709037
10.767728
10.958697
10.662876
10.805743
10.727213
10.582162
10.820889
10.702244
10.692067
10.683572
10.617059
10.832838
10.752941
10.647882
10.453927
10.711940
10.591046
10.767845
10.729946
10.955873
10.748097
10.424502
10.842631
10.656790
10.639360
10.751288
10.891096
10.613674
10.624949
10.618593
10.579672
10.650215
10.718161
10.765137
10.559167
10.758056
10.828301
10.526195
10.681208
10.656177
10.775868
10.515378
10.757473
10.626808
10.683583
10.635687
10.682534
10.900280
10.342582
10.575525
10.551449
10.589168
10.819059
10.591960
10.614186
10.670313
10.594246
10.594844
10.894377
10.856756
10.842376
10.698072
10.953007
10.791718
10.765946
10.753959
10.777982
10.762598
10.698137
10.737094
10.707600
10.514545
10.727853
10.794985
10.549747
10.524719
10.582847
10.743452
10.734461
10.540942
10.506466
10.563560
10.514599
10.649594
10.544796
10.583020
11.039930
10.707555
10.886721
10.466248
10.775416
10.579634
10.686678
10.614824
10.571402
10.699675
10.759798
10.785962
10.697451
10.826437
10.742444
10.756107
10.547638
10.666792
10.652009
10.468681
10.729793
10.509065
10.760205
10.477612
10.694531
10.592050
10.631126
10.543467
10.587209
10.689389
10.850716
10.860407
10.526440
10.648496
10.564427
10.736382
10.658392
10.508416
10.727329
10.763761
10.591343
10.794809
10.843072
10.764340
10.528129
10.732198
10.622438
10.772056
10.464576
10.614931
10.794463
10.518852
10.713531
10.998866
10.619097
10.699943
10.577424
10.713436
10.659613
10.708596
10.470120
11.010452
10.888999
10.545010
10.736016
10.800883
10.698478
10.731478
10.560235
10.561958
10.602850
10.701516
10.725776
10.996128
10.795871
10.635026
10.751183
10.627613
10.639276
10.540895
10.518649
10.721988
10.628554
10.700164
10.598487
10.632561
10.869766
10.557436
10.697844
10.665553
10.578838
10.642595
10.507679
10.569786
10.753010
10.627816
10.734463
10.456717
10.736645
10.769761
10.720839
10.540003
10.710284
10.552813
10.737459
10.974459
10.646727
10.562900
10.587259
10.855103
10.708134
10.777932
10.477316
10.776887
10.544060
10.631408
10.601349
10.718381
10.585951
10.633607
10.655633
10.657005
10.875429
10.491633
10.671653
10.487096
10.731992
10.587724
10.674956
10.730315
10.569297
10.533211
10.593830
10.796475
10.732708
10.504246
10.772522
10.590370
10.551966
10.658813
10.628775
10.846242
10.845956
10.737359
10.506942
10.618959
10.459461
10.652228
10.700358
10.448680
10.455833
10.659117
10.759587
10.688487
10.620214
10.527233
10.530967
10.696727
10.747730
10.703106
10.652258
10.680030
10.497826
10.528693
10.538980
10.714218
10.645526
10.637735
10.474974
10.579019
10.642508
10.612697
10.642299
10.806389
10.684052
10.544990
10.643967
10.702461
10.826028
10.609063
10.675381
10.650753
10.678235
10.643471
10.554078
10.531081
10.691714
10.683116
10.632995
10.758604
10.502642
10.603633
10.701321
10.659321
10.476978
10.588119
10.714491
10.637282
10.630096
10.504942
10.608463
10.827605
10.481592
10.906597
10.685689
10.681642
10.572142
10.688023
10.679959
10.621457
10.625821
10.659269
10.897281
10.725775
10.570135
10.749372
10.758266
10.691322
10.688348
10.656784
10.613122
10.724001
10.479793
10.755289
10.776038
10.499919
10.675115
10.896718
10.370503
10.682356
10.835378
10.811620
10.658258
10.845845
10.645132
10.410003
10.646587
10.703098
10.616481
10.584418
10.793487
10.502689
10.590034
10.756988
10.669977
10.775066
10.772119
10.708399
10.680737
10.559015
10.393280
10.647310
10.739085
10.411995
10.704499
10.715041
11.022595
10.832886
10.846300
10.635226
10.775883
10.837884
10.619337
10.583721
10.681534
10.933192
10.628199
10.615924
10.811735
10.660742
10.691796
10.694732
10.846514
10.595641
10.799781
10.664473
10.894768
10.565382
10.644859
10.578571
10.967278
10.710783
10.701602
10.690740
11.132051
10.919142
10.616227
10.775137
10.692435
10.711862
10.599859
10.661180
10.739317
10.790445
10.730073
10.838318
10.903370
10.705778
10.954017
10.532662
10.562315
10.736492
10.772238
10.801628
11.012164
10.487134
10.729652
10.696984
10.685182
10.428824
10.729341
10.658119
10.779740
10.775181
10.728779
10.490424
10.700898
10.769953
10.627337
10.683367
10.445361
10.708458
10.587573
10.790733
10.702587
10.613069
10.804976
10.728695
10.814024
10.915436
10.736825
10.589863
10.795555
10.626730
10.575371
10.772599
10.743502
10.654342
10.356415
10.921592
10.611542
10.775926
10.698734
10.799990
10.667384
10.601897
10.489697
10.632550
10.931850
10.827524
10.743101
10.748219
10.717695
10.725088
10.747969
10.487502
10.542984
10.782791
10.882232
10.768610
10.895467
10.811969
10.792638
10.612660
10.659846
10.716722
10.551043
10.677638
10.621445
10.585806
10.594636
10.676942
10.638284
10.777061
10.786474
10.788741
10.653068
10.564324
10.653653
10.638828
10.549172
10.588392
10.697156
10.698209
10.798476
10.856979
10.695412
10.718424
10.781964
10.715342
10.551940
10.620347
10.793990
10.684714
10.799244
10.889318
10.559599
10.820573
10.880652
10.591219
10.579891
10.771762
10.595035
10.504547
10.779396
10.576918
10.791611
10.634307
10.654695
10.688292
10.723301
10.739354
10.780627
10.480618
10.798006
10.538350
10.631183
10.677254
10.732762
10.612609
10.660164
10.659485
10.740852
10.682242
10.584659
10.490152
10.781628
10.651340
10.723489
10.663283
10.639990
10.969699
10.749143
10.624384
10.467946
10.541587
10.803908
10.717768
10.669580
10.966543
10.602113
10.820225
10.882133
10.567518
10.678323
10.906492
10.543932
10.752625
10.658482
10.762017
10.642184
10.568929
10.629520
10.732198
10.565634
10.597013
10.694755
10.621326
10.685525
10.702825
10.546267
10.431810
10.721041
10.872215
10.629576
10.710148
10.730538
10.759041
10.602106
11.004304
10.782181
10.751296
10.723464
10.858981
10.749574
10.687118
10.645814
10.828424
10.723811
10.620497
10.805795
10.817911
10.797231
11.024447
10.656190
10.826885
10.711047
10.714523
10.750095
10.510473
10.484308
10.827110
10.621007
10.593530
10.741369
10.505207
10.952240
10.682320
10.859459
10.859303
10.660486
10.443162
10.651553
10.914568
10.601613
10.757150
10.698593
10.769160
10.592342
10.607246
10.772343
10.645741
10.703095
10.883717
10.536261
10.842158
10.608413
10.901424
10.610488
10.790362
10.516779
10.671961
10.767955
10.583491
10.582020
10.560325
10.811600
10.706823
10.601870
10.798332
10.635327
10.669217
10.736383
10.718035
10.863668
10.668194
10.734783
10.693074
10.760529
10.575644
10.618011
10.540779
10.633095
10.667341
10.926891
10.994706
10.558664
10.630303
10.651149
10.517618
10.612977
10.664360
10.438521
10.665759
10.636215
10.741042
10.431519
10.979784
10.848272
10.520348
10.658460
11.119766
10.733776
10.730514
10.831686
10.747262
10.665158
10.750762
10.595947
10.495218
10.595466
10.956305
10.522548
10.603165
10.690408
10.893213
10.937949
10.742812
10.673930
10.681323
10.671773
10.957788
10.766822
10.691433
10.543772
10.772687
10.707432
10.867135
10.516022
10.686606
10.565956
10.516333
10.653681
10.680417
10.662742
10.580472
10.693718
10.712603
10.718207
10.648905
10.599794
10.907712
10.623660
10.719392
10.691602
10.792527
10.561186
10.627574
10.992641
11.173714
10.794190
10.713580
10.638390
10.686529
10.736227
10.768767
10.521207
10.568967
10.925656
10.734601
10.559825
10.568318
10.771310
10.938830
11.037972
10.640648
10.632682
10.664478
10.617864
10.796746
10.716709
10.679193
10.776978
10.858648
10.627149
10.680212
10.742990
10.745771
10.667259
10.718816
10.974331
10.642185
10.535578
10.868068
10.678492
11.098367
10.741230
10.440807
10.519246
10.590396
10.619152
10.641594
10.638958
10.642462
10.562723
10.609057
10.543129
10.700894
10.577702
10.853405
10.678185
10.684800
10.774786
10.761389
10.927802
10.518838
10.658267
10.699919
10.721031
10.640411
10.693777
10.886618
10.681357
10.857471
10.648420
10.812702
10.670852
10.648858
10.612468
10.560468
10.846121
10.707153
10.837533
10.891070
10.745455
10.906834
11.003173
10.567516
10.649968
10.823243
10.498678
10.739174
10.663347
10.799315
10.764202
10.717362
10.701542
10.674748
11.034233
10.944578
10.734039
11.044384
11.089839
10.843614
10.579121
10.704347
10.623026
10.549771
10.576747
10.812066
10.764584
10.586182
10.699308
10.592094
10.832203
11.151573
10.632728
10.904552
10.552025
10.611736
10.718888
10.690961
10.727469
10.756903
10.502366
10.768348
10.631195
10.742188
10.630924
10.597352
10.605155
10.633397
10.628883
10.628575
10.722633
10.803260
10.658048
10.759044
10.634288
10.660344
10.800306
10.619507
10.538788
10.671799
10.743305
10.774410
10.551269
10.498288
10.709562
10.577281
10.595698
10.911942
10.819062
10.526544
10.683111
10.837020
10.685394
10.737260
10.684661
10.794781
10.831475
10.688239
10.780945
10.755146
10.431674
10.807421
10.488326
10.603649
10.804487
10.700793
10.666209
10.533565
10.715939
10.636039
10.368779
10.694797
10.772937
10.883593
10.874960
10.722803
11.056600
10.644170
10.579715
10.800222
10.842411
10.759485
10.593249
10.623376
10.720993
10.711866
10.741036
10.663555
10.906900
10.909322
10.694643
10.807967
10.629257
10.676591
10.962863
10.447916
10.727039
10.803622
10.670710
10.558809
10.710860
10.561782
10.672278
10.829215
10.744017
10.841018
10.768039
10.622148
10.822381
10.539481
10.783008
10.771884
10.813107
10.829565
10.701439
11.046624
10.730065
10.708554
10.627092
10.763359
10.745202
10.612282
10.514784
10.741984
10.798912
10.772443
10.693279
10.636133
10.730526
10.524358
10.643869
11.006831
10.617764
10.763000
10.766339
10.599263
10.504817
10.639666
10.708026
10.330632
10.747716
10.600314
10.702413
10.567943
10.733660
10.527909
10.557491
10.746531
10.853511
10.777475
10.766384
10.641680
10.882803
10.873132
10.639677
10.594859
11.202716
10.805297
10.528167
10.760413
10.782766
10.694816
10.777508
10.771701
10.790395
10.857615
10.590791
10.662438
10.833459
10.753555
10.453732
10.652282
10.764856
10.922075
10.678825
10.776202
10.677031
10.671232
10.628034
10.619182
10.506918
10.468832
10.649619
10.727220
10.674612
10.911906
10.721391
10.461304
10.654845
10.429871
10.609187
10.714736
10.420543
10.781179
10.775848
10.701304
10.609137
10.755989
10.690293
10.440579
10.567389
10.480721
10.677362
10.641871
10.594900
10.597877
10.722552
10.443076
10.706600
10.701885
10.790924
10.809089
10.607431
10.652475
10.693623
10.631815
10.616302
10.760412
10.872241
10.712540
10.499936
10.627646
10.600388
10.633880
10.882898
10.732545
10.694295
10.600612
10.607928
10.720980
10.584218
10.956645
10.830865
10.652507
10.589895
10.784269
10.742837
10.736909
11.073222
10.654239
10.853488
10.718072
10.645837
10.844798
10.527258
10.736279
10.698759
10.749042
10.691522
10.695897
10.497232
10.669082
10.898088
10.563498
10.608876
10.584038
10.768741
10.828097
10.859779
11.086530
10.626030
10.814260
10.821109
10.825890
10.676681
10.874784
10.793467
10.582700
10.790841
10.845210
10.741026
10.955262
10.965380
10.953994
10.601738
10.653345
10.815137
10.572663
10.828249
10.940408
10.735678
10.810523
10.551095
10.472585
10.571326
10.841746
10.733762
10.616014
10.655875
10.495158
10.760328
10.674533
11.023511
10.592898
10.836568
10.624092
10.555130
10.659731
11.092448
10.801399
10.475810
10.834589
10.857957
10.513116
10.690561
10.633700
10.511060
10.653175
10.592944
10.589195
10.581007
10.587961
10.642112
10.622038
10.699334
10.552097
10.736597
10.708014
10.790831
10.693274
10.641333
10.549799
10.655569
10.693600
10.450967
10.662070
10.918329
10.848750
10.644593
10.790483
10.866271
10.601410
10.789199
10.662282
10.598506
10.945790
10.678891
10.393403
10.690046
10.762662
10.554033
10.770648
10.658505
10.544131
10.495434
10.686127
11.227849
10.807208
10.697165
10.617935
10.631254
10.647636
10.938285
10.732767
10.582116
10.553359
10.607368
10.618845
10.357345
10.652701
10.808206
10.643180
10.929810
10.645642
10.785967
10.711515
10.680435
10.357697
11.064680
10.669352
10.875840
11.056119
11.016392
10.593533
11.094690
10.773284
10.531181
10.617484
10.478679
10.897622
10.624984
10.536181
10.663025
10.933475
10.473413
10.768210
10.813028
10.703138
10.768758
10.571881
10.815940
10.637315
10.644768
10.673289
10.537488
10.529710
10.807888
10.726641
10.650834
10.579316
10.557347
10.689769
10.845677
10.754871
10.727072
10.613944
10.442616
10.670879
10.903802
10.505036
10.764404
10.756746
10.575125
10.453912
10.703239
10.713434
10.795858
10.681356
10.845400
10.882902
10.583980
10.577860
10.621174
10.705636
10.654166
10.566471
10.715769
10.715108
10.712940
10.574387
10.590291
10.728402
10.664812
10.879662
10.622662
10.575362
10.585329
10.976923
10.870105
10.640587
10.568463
11.001983
10.775683
10.687463
10.372595
10.882902
10.486999
10.788132
10.614646
10.670349
10.605314
10.499413
10.656049
10.702440
10.721680
10.878402
10.739375
10.610613
10.687047
10.424833
10.454548
10.635952
10.661369
10.798714
10.720263
10.763784
10.549559
10.616300
10.699430
10.642326
10.523914
10.688360
11.137055
10.760421
11.027975
10.711229
10.674294
10.670128
10.761990
10.946432
10.739860
10.529692
10.689496
10.677322
10.699736
10.694071
10.735452
11.058391
10.940585
10.576222
10.809820
10.660951
10.664626
10.778591
10.713549
10.680948
10.473205
10.723577
10.867453
10.579133
10.668079
10.671347
10.646468
10.615764
10.537782
10.859902
10.652207
10.514343
10.647416
10.725632
10.694973
10.610039
10.659417
10.625274
10.747859
10.880234
10.814626
10.628950
10.830610
10.769267
10.657651
10.773451
10.638325
10.475539
10.870890
10.667290
10.624623
10.685176
10.631565
10.722316
10.592483
10.470726
10.599335
10.497418
10.864410
10.537218
10.711090
10.775104
10.920151
10.899107
10.570043
10.678003
10.721029
10.528839
10.825599
10.779777
10.691551
10.694798
10.659534
10.906459
10.752747
10.728162
10.665923
10.860904
10.591045
10.619148
10.565590
10.639380
10.742974
10.768819
10.893261
10.770515
10.853235
10.756636
10.960723
10.623930
10.851342
10.677311
10.826683
10.939748
10.611489
10.623650
10.777697
10.564752
10.702064
10.727606
10.640473
10.761148
10.820540
10.620303
10.705982
10.592818
10.889782
10.766024
10.835789
10.691698
10.667252
10.654242
10.797335
10.694763
10.726184
10.759813
10.712646
10.639695
10.468361
10.791728
10.721009
10.622734
10.721256
10.548456
10.671891
10.805856
10.831792
11.099106
10.688534
10.606646
10.824642
10.684420
10.583527
10.754435
10.786003
10.930845
10.701547
10.732704
10.743431
10.568349
10.703650
10.612917
10.776868
10.573596
10.646003
10.599004
10.654062
11.122837
10.506366
10.527257
10.554924
10.598202
11.045677
10.703296
11.012979
10.635194
10.929406
10.706810
10.591974
10.641211
10.573532
10.895500
10.535321
10.805854
10.756432
10.726979
10.581916
10.676170
10.607097
10.669944
10.658131
10.573043
11.020087
10.775601
10.489647
10.705880
10.676021
10.660414
10.743839
10.943908
10.627428
10.812200
10.652376
10.702986
10.728720
10.497387
10.947085
10.732128
10.601113
10.650856
10.906139
10.593130
10.659608
10.951315
10.625630
10.882453
10.714646
10.535959
10.609795
10.714973
10.861451
10.750136
10.743958
10.704539
10.603314
10.503811
10.563628
10.523214
10.716474
10.716474
