10.655214
10.924261
10.956372
10.807014
10.590913
10.901451
10.914775
10.695256
10.690297
10.740746
10.574766
10.656766
10.652529
10.725742
10.676993
10.632342
10.641528
10.822668
10.749324
10.432769
10.767149
10.707978
10.628935
10.735075
10.813733
10.646945
10.841002
10.794687
10.731143
10.422036
10.793084
10.701726
10.545804
10.819405
10.695032
10.906031
10.824924
10.697622
10.636119
10.632853
10.669792
10.760668
10.757523
10.828929
10.816454
10.634876
10.965828
10.741905
10.617238
10.696765
10.674167
10.602469
10.625674
10.619546
10.875744
10.936083
10.527673
10.428183
10.891765
10.861050
10.600520
10.734304
10.770498
10.858847
10.657973
10.691651
10.530176
10.629387
10.632159
10.699292
10.590209
10.505596
10.636558
10.731526
10.586819
10.714057
10.700590
10.469701
10.380471
10.832897
11.057789
10.763554
10.954751
10.813722
10.606637
11.081969
10.743262
10.850797
10.986501
10.720820
10.786363
10.619346
10.849837
11.034615
10.876517
10.726632
10.696243
10.933594
11.378407
10.444625
10.949044
11.226507
10.687787
10.672622
10.650089
10.579865
10.795886
11.048211
10.965947
10.725325
10.545516
10.707674
10.836199
10.764096
11.018924
10.615874
10.517523
11.035357
10.620771
10.731837
10.674853
10.729024
10.557070
10.640235
10.743787
10.578891
10.720894
10.679845
10.869323
10.654677
10.750486
10.725412
10.644929
10.614726
10.521722
10.660582
10.624243
10.639850
10.844086
11.039928
10.692710
10.725971
10.713729
10.556527
10.624055
10.905955
10.572693
10.681999
10.583046
10.636703
11.091227
11.297199
10.728059
10.773474
10.612328
10.836407
10.838364
10.672075
10.830669
10.858799
10.888285
10.803226
10.739415
10.954750
10.726793
10.651786
10.718647
10.634824
10.725551
10.732434
10.669693
10.624235
10.566950
10.824184
10.796023
10.590163
10.892060
10.662128
10.655718
10.729269
10.827418
10.753134
10.716373
10.780042
10.539265
10.576075
10.703327
10.672035
10.719724
10.706477
10.718487
10.833409
10.598375
10.851515
10.639525
10.789650
10.620088
10.729446
11.085609
10.753843
10.754108
10.826134
10.763910
10.745568
10.941976
10.797082
10.757433
10.908619
10.869062
10.557847
10.756009
10.478131
10.693655
10.882241
10.657001
10.745714
10.743148
10.594186
10.670792
10.658612
10.828351
10.706396
10.427466
10.798896
10.690417
10.791792
10.881632
10.831426
11.339174
11.199836
10.958599
10.774658
10.587225
10.807935
10.794635
10.801679
10.750830
10.781337
10.693253
10.725178
10.647487
10.707766
10.690427
10.856053
10.649383
10.776220
10.657866
10.659136
10.748159
10.809044
11.166918
10.732545
10.704755
10.661470
10.756385
11.031860
10.768981
10.661306
10.780147
10.593399
10.789117
10.757275
10.729719
10.940337
10.787177
10.797757
10.587694
10.624284
10.686807
10.822662
10.706472
11.065339
10.850907
10.821240
10.717292
10.683672
10.739041
10.622606
10.674910
10.849952
10.824822
10.635025
10.620087
10.331524
10.730815
10.648176
10.569576
10.530329
10.937574
10.639171
10.693607
10.887582
10.571373
10.561551
10.560818
10.414318
10.581854
10.440427
10.698988
10.876213
10.632734
10.578806
11.000028
10.890170
10.644690
10.404387
10.671423
10.590800
10.607287
10.664360
10.602354
10.831393
10.625653
10.712859
10.721054
10.688557
10.632133
10.559880
10.745150
10.773768
10.621207
11.132660
10.668798
10.767478
10.708511
10.858962
10.538657
10.615095
10.880089
10.691329
10.506882
10.515501
10.706905
10.702570
10.677134
10.635846
10.541369
10.669315
11.086001
10.932203
10.473934
10.741891
10.569479
10.911013
10.699787
10.514936
10.943835
10.610814
10.740536
10.754337
10.740876
10.911771
10.592738
10.656087
10.557921
10.644084
10.601819
10.710682
10.991217
10.646451
11.098198
10.877270
10.655881
10.627837
10.782666
10.829271
10.904625
10.576718
10.775972
10.764828
10.742044
10.669095
10.725607
10.740841
10.652754
10.620487
10.719800
10.957623
10.822927
10.621447
10.648927
10.533411
10.819091
10.652642
10.635622
10.751158
10.583104
10.638041
10.643119
10.683894
10.745102
10.616627
10.526448
10.434679
10.657446
10.677727
10.644449
10.657303
10.733388
10.987009
10.626637
10.684387
10.640017
10.717375
10.560696
10.626501
10.703068
10.909727
10.682110
10.733305
10.776214
10.801378
10.696830
10.670796
10.549715
10.765074
10.843544
10.719593
10.844593
10.610648
10.580212
10.628030
10.653511
10.700221
10.783672
10.842734
10.729663
10.952985
10.719897
10.958558
10.508224
10.765860
10.967819
10.695024
10.658384
10.526060
10.835244
10.947574
10.665815
10.842185
10.608371
10.729269
10.777219
10.684631
10.731565
10.735300
10.585063
10.528934
10.950633
10.634073
10.753537
10.712383
10.511600
10.565110
10.870354
10.719829
10.790946
10.568920
10.600529
10.747140
10.649860
10.712792
10.840389
10.724888
10.572381
10.663774
10.638553
10.646243
10.784954
10.564373
10.675280
10.723986
11.015586
10.649778
10.780805
10.644712
10.777775
10.655711
10.763063
10.871875
10.575913
10.699906
11.020356
10.695079
10.683487
10.693371
10.521523
10.549547
10.633283
10.747307
10.817214
10.761132
10.584161
10.772815
10.879533
10.754195
10.621489
10.712588
10.745653
10.885777
10.741458
10.859468
11.127290
10.597810
10.822801
10.659175
10.739117
10.656652
10.797135
10.663751
10.738083
10.476649
10.691824
10.564467
10.851679
10.651667
10.816147
10.910942
10.460940
10.529792
10.680928
10.447287
10.641110
10.594996
10.531445
10.911763
10.937643
10.715837
10.550757
11.144717
10.482674
10.614488
10.718271
10.658610
10.535355
10.827765
10.675445
10.570109
10.897019
10.398386
10.657935
10.673870
10.768258
10.727081
10.447216
10.871525
10.913162
10.529730
10.740370
10.747776
10.760720
10.711556
10.752339
10.484566
10.515665
10.765355
10.827573
11.109000
10.731650
10.554573
10.759772
11.069504
10.599288
10.734708
10.627491
10.644575
10.481285
10.824397
10.755301
10.646595
10.419173
10.984626
10.761875
10.801081
11.134041
10.962590
10.685220
11.148498
10.585086
10.777468
10.703668
10.711363
10.600193
10.804267
10.864570
10.617707
10.808603
10.410227
11.061930
10.759290
10.881059
10.766363
10.717606
10.831573
10.774084
10.714877
10.949212
10.579473
10.661017
10.721060
10.585068
10.831519
10.774896
10.852561
10.688267
10.737694
10.618921
10.870666
10.599356
10.563313
10.591638
10.718672
10.624040
10.455540
10.635350
10.970484
10.768803
10.864053
10.677288
10.590942
10.899036
10.594706
10.574886
10.609001
10.778162
10.631749
10.614688
10.774196
10.702214
10.919784
10.826541
10.599906
10.648192
10.636362
10.602168
10.701370
10.734153
10.837013
10.987918
10.563980
10.637811
10.713527
10.956503
10.624096
10.865987
10.636541
10.821473
10.766697
10.710917
10.770459
10.671496
10.836086
11.008862
10.661664
10.836486
10.740324
10.767405
10.949443
10.897650
10.704868
10.754890
10.797054
10.683164
10.687231
10.609430
10.695888
10.990728
10.794361
10.625707
10.664455
10.674453
10.647662
10.803468
10.720040
10.945848
10.836852
10.597544
10.787962
10.732449
10.903237
10.720169
10.622651
10.858155
10.765502
10.864589
10.873381
10.565173
10.650794
10.788860
10.722536
10.706773
10.521365
10.610016
10.598369
10.576430
10.661971
10.731833
10.809778
10.709919
10.614968
10.836588
10.861792
11.520577
11.016201
10.782299
10.849451
10.802587
10.814773
10.535516
10.664848
10.740751
10.629127
10.611330
11.195022
10.868020
10.552423
10.760531
10.422093
10.960657
11.078144
10.881570
10.735858
10.901442
10.637752
10.674940
10.523073
10.691386
10.615625
10.680057
10.720890
10.815421
10.723413
10.638770
10.758482
10.758061
10.785263
10.786089
10.640732
10.529798
10.668112
10.715012
10.460351
10.901947
10.702963
10.691184
10.770274
10.953130
10.741364
10.615123
10.637548
10.624633
10.831721
10.810731
10.466763
10.580285
10.755239
10.724348
10.662797
10.701498
10.833946
10.736968
10.645264
10.724131
10.659393
10.424784
10.624787
10.633650
10.642106
10.969691
10.695200
10.853898
10.918442
11.031778
10.742164
10.770758
10.721380
10.939250
10.728923
10.599100
10.694151
10.558869
10.650936
10.848189
10.594757
10.955834
10.533066
10.744843
10.574627
10.923089
10.973631
10.651009
10.611962
10.713151
10.859700
10.662316
10.713365
10.632493
10.643183
10.561387
10.779368
10.671300
10.743146
10.788498
10.698856
10.780123
10.608910
10.666732
10.622915
10.566303
10.564075
10.738672
11.093429
10.636749
10.617880
10.735627
10.851496
10.570554
10.660917
10.756947
10.579488
10.667357
10.826834
10.714675
10.872194
10.593285
10.749405
10.674571
10.558396
10.939118
10.664896
10.869029
10.985040
10.945976
10.683598
10.725211
10.693746
10.661115
10.475893
10.997953
10.569253
11.001617
10.885668
10.809568
10.802977
10.592453
10.651819
10.867541
10.884387
10.573011
10.659369
10.695651
10.582384
10.700679
10.618182
10.682476
10.906383
10.893634
10.770311
10.861986
11.290240
10.524261
10.540060
10.486027
10.714507
10.600108
10.677867
10.710491
10.548397
10.551122
10.769807
10.600060
10.658758
10.617411
10.609912
10.966310
10.841964
10.709335
10.567185
10.693237
10.659290
10.739014
10.719969
10.852383
10.527029
10.496143
10.764157
10.673867
10.673250
10.647538
10.615572
10.778301
11.041315
10.777868
10.777434
10.697802
10.521817
10.591521
10.715105
10.615547
10.872650
10.729216
10.354624
10.728766
10.881574
10.911324
10.867529
10.749099
10.778326
10.600871
10.394586
10.900411
10.859802
10.949590
10.767078
10.692417
10.619948
11.033260
10.546000
10.594825
10.526134
10.770431
10.705405
10.615411
10.648524
10.652223
10.774704
10.657615
10.565436
10.514127
10.823508
10.551646
10.539753
10.769481
11.075335
10.670297
10.804375
10.589425
10.774161
10.640907
10.706342
10.736723
11.773402
10.833829
10.580551
10.828482
10.680989
10.638596
10.599189
10.699109
10.706353
10.610867
10.565608
10.618214
10.702243
10.628806
10.700310
11.011260
10.583479
10.737312
10.792535
10.693135
10.755969
10.992357
10.795027
10.608569
10.714206
10.696291
10.712167
10.779342
10.842279
10.644902
10.634693
10.991846
10.809418
10.636397
10.705353
10.536029
10.733067
10.753690
10.784971
10.677398
10.701085
10.710932
10.702687
10.622774
10.629779
10.594247
10.865564
10.905652
10.746329
10.941663
10.894215
10.517231
10.663666
10.634954
10.537410
10.686051
10.761912
10.544713
10.807823
10.879589
10.898789
10.734558
10.473175
10.534575
10.606377
10.590252
10.741695
10.785441
10.805383
10.662463
10.435218
10.731382
10.663513
10.679073
10.978080
10.792268
10.917778
11.099624
10.962650
10.578555
11.103729
10.774550
10.688951
10.621235
10.640940
10.616995
10.617891
10.713854
10.657517
10.982446
10.699868
10.564380
10.629055
10.854330
10.722629
10.641773
10.937085
10.842594
10.623583
10.683404
10.595672
10.689057
10.832312
10.790276
10.573392
10.456259
10.393911
10.634418
10.865062
10.636393
10.609874
10.610712
10.824340
10.835626
10.702396
10.722931
10.722279
10.675570
10.788198
10.642270
10.738064
10.863828
10.753042
10.734697
10.388433
10.646247
10.644820
10.682563
10.495995
10.899621
10.458604
10.609854
10.783936
10.672210
10.519875
10.620514
10.829750
10.685439
10.805898
10.563499
10.629879
10.578679
10.792427
10.837439
10.690401
10.660591
10.575513
10.528889
10.858468
10.712531
10.606256
10.688623
10.835105
10.427009
10.666543
10.756562
10.900506
10.737526
10.773787
10.660946
10.694505
10.837727
10.640388
10.576076
10.781753
10.693263
10.998719
10.900331
10.655750
10.636375
10.962726
10.715036
10.691019
10.942352
10.660980
10.436928
10.674859
10.874743
11.081300
10.790432
10.650821
10.839636
10.802098
10.633601
10.867919
10.761533
10.697181
10.721592
10.584025
10.674917
10.901382
10.623084
10.736599
10.746169
10.832301
10.468901
10.680392
10.601409
11.096803
10.713351
10.786584
10.787564
10.594127
10.691685
10.773140
11.049348
10.823359
10.767295
10.593334
11.186888
10.779478
10.767943
10.846897
10.771054
10.567048
10.728265
10.698418
10.648675
10.674521
10.843447
10.502722
10.713123
10.734542
10.722000
11.151752
10.522623
10.785867
10.670041
10.615395
10.680627
10.877919
12.155374
10.681111
10.687384
10.798930
10.607943
10.752108
10.881942
10.638020
10.638763
10.724678
10.838317
10.587045
10.852293
10.619922
10.572660
10.836765
10.788680
10.744310
10.692561
10.793209
10.634531
10.764937
10.731000
10.877021
10.543551
10.782395
10.748268
10.672118
10.467419
10.556044
10.633210
10.780208
10.457989
10.681072
10.676020
10.635294
10.669446
10.818981
10.731640
10.677560
10.790889
10.892326
10.911037
10.786384
10.685530
10.944024
10.540521
10.787236
10.889125
11.605967
10.724758
10.702882
10.746346
10.728731
10.852399
10.613182
10.712453
10.567015
10.699905
10.569884
10.942953
10.843418
10.791590
10.503813
10.613208
10.576013
10.549782
10.581681
10.669006
10.663268
10.659024
10.755344
10.642113
10.969096
10.637398
10.890294
10.588602
10.728538
10.695858
10.662999
10.797997
10.707232
10.640706
10.748041
10.787613
10.856820
10.755418
10.696161
10.684610
10.733437
10.709392
10.783383
10.659170
10.801269
10.615805
10.935548
10.488420
10.688714
10.581910
10.509472
10.540568
10.832121
11.009565
10.736567
10.768365
10.874716
10.664333
10.467773
10.669249
10.808497
10.727211
10.904098
10.891957
10.724161
10.611389
10.624199
10.688089
10.361550
10.565903
10.699845
10.696700
10.683265
10.663150
10.818844
10.607651
10.588364
10.399641
10.645687
10.639534
10.736030
10.551179
10.512965
10.690897
10.684525
10.663471
10.818915
10.661651
10.674938
10.801661
10.560154
10.555485
10.936541
10.801336
10.532526
10.663801
10.644020
10.704111
10.502438
10.762094
10.674855
10.602745
10.787749
10.816671
10.713921
10.679946
10.603135
10.605969
10.680936
10.778140
10.557858
10.733562
10.670377
10.664747
10.625927
10.906761
10.776662
10.817397
10.765969
10.792748
10.486382
10.864840
10.686673
10.744441
10.474115
10.664845
10.450999
10.655962
10.551466
10.739280
11.026632
10.802350
10.740769
10.645332
10.582504
10.719174
10.555454
10.770435
10.926369
10.547053
10.676921
10.524482
10.744917
10.658462
10.757543
10.533282
10.636360
10.768530
10.992531
10.487239
10.635874
10.422313
10.647688
10.689194
10.677148
10.785007
10.589886
10.620842
10.679930
10.747342
10.891919
10.610579
10.898838
10.452721
10.639192
10.553018
10.708240
10.740658
10.489315
10.678983
10.687213
10.904636
10.566457
10.550944
10.498826
10.977406
10.747896
10.791695
10.661897
10.637067
10.727792
10.683479
10.692784
10.940872
10.716241
10.599354
10.944233
10.714388
10.679087
10.591509
11.036094
10.624601
10.686773
10.621405
10.658298
10.549979
10.621718
10.751676
10.615878
10.707417
10.582288
10.954084
10.550290
10.712810
10.662288
10.918065
10.674239
10.757877
10.939282
10.640793
10.717159
10.743606
10.709055
10.609771
10.455685
10.628489
10.799150
10.758389
10.731395
10.744309
10.578779
10.584868
10.637660
10.739055
10.473397
10.629501
10.656914
10.708898
10.483606
10.830860
10.842758
10.570205
10.918236
10.613135
10.796448
10.597659
10.659668
10.876471
10.587032
10.872716
10.535532
10.661108
10.559211
10.566773
10.607451
10.774552
10.615053
10.625822
10.757426
10.788564
10.693344
10.716235
10.730948
10.726971
10.787786
10.757481
10.869249
10.667651
10.690761
10.599306
10.767955
10.794827
10.833843
10.675463
10.654099
10.546779
10.599370
10.971679
10.610972
10.682287
10.577407
10.599987
10.643154
10.823358
10.590159
10.853053
10.871374
10.963241
10.624430
10.582767
10.719939
10.833848
10.737248
10.507439
10.809911
10.636737
10.769105
10.713797
10.636970
10.879149
11.274762
10.967473
10.834254
10.824414
10.714494
10.758287
10.780425
10.595437
10.633927
10.652826
10.861734
10.765061
10.695291
10.625223
10.858082
10.443870
10.837446
10.771108
10.834902
10.597747
10.945602
10.650378
10.779660
10.797039
10.671291
10.764560
10.761615
10.748253
10.562183
10.775363
10.558778
10.988376
10.893719
10.701396
10.529173
10.634096
10.732236
10.577217
10.722612
10.777936
10.569421
10.928126
10.737939
10.725722
10.566027
10.504412
10.608180
11.032541
10.729593
10.765697
10.576062
10.955866
10.518235
10.804925
10.581402
10.603945
11.060626
10.793448
10.659558
10.678502
10.730295
11.026663
10.822856
10.527728
10.890548
10.753706
10.834970
10.737286
10.839143
10.687679
10.716979
10.841979
10.593838
10.743136
10.673873
10.505841
11.278232
10.662832
10.642708
10.655789
10.639262
10.809820
10.712970
10.745908
10.833890
10.551049
10.496991
10.845042
10.615878
10.616892
10.540314
10.605870
10.685108
10.737142
10.746945
10.736076
10.703268
10.744115
10.733258
10.672752
10.640210
10.571793
10.632227
11.161242
10.732285
10.779167
10.715593
10.583911
10.721119
10.697423
10.461062
10.614551
10.750366
10.676813
10.533068
10.698370
11.022251
10.558425
10.640912
10.730076
10.683337
10.864027
10.882837
10.690565
10.646952
10.669077
10.622873
10.991935
10.704352
10.657842
10.749010
10.665803
10.792274
10.638369
10.669237
10.685741
11.003926
10.626889
10.729090
10.925249
10.860636
10.692864
10.835052
10.730727
10.496922
10.475419
10.629240
10.643061
10.609509
10.599302
10.693584
10.574417
10.698636
10.805296
10.460352
10.740721
10.803302
10.868491
11.056572
10.661856
11.144193
11.138169
10.999137
10.581600
10.872696
10.659078
10.720961
10.646446
10.695671
10.464996
10.553420
10.937127
10.737184
10.688573
10.820840
11.024608
10.670453
10.791378
10.547564
10.654027
10.571053
10.784875
10.823622
10.645705
10.540903
10.550843
10.677274
10.813933
10.935828
10.675140
10.739124
10.696856
10.727179
10.502120
10.868301
10.850173
10.924494
10.530052
11.030516
10.590288
10.669213
10.533991
10.865368
10.905231
10.799015
11.470667
11.117436
10.990454
10.566557
10.651539
10.662203
10.633225
10.803723
10.842324
10.528974
11.055647
10.520230
10.760506
10.744866
10.623061
10.890357
10.536319
10.632178
10.851623
10.647112
10.673609
10.616163
10.790509
10.823682
10.738402
10.493198
10.717688
10.700657
10.698908
10.898792
10.901877
10.742767
10.534167
10.775672
10.736344
10.490064
10.676857
10.787323
10.850363
10.525192
10.811110
10.648943
11.011439
10.600337
10.724473
10.763213
10.806918
10.814199
10.903147
10.691881
10.619592
10.918420
10.525991
10.661292
10.555384
10.658780
10.584008
10.706038
10.884720
10.654139
10.728457
10.748202
10.896466
10.801091
10.545776
10.960312
10.582190
10.727144
10.540147
10.689179
10.711089
10.594000
10.748286
10.748695
10.453246
10.706370
10.517842
10.825154
11.009315
10.686187
10.741067
11.689749
11.250496
12.079627
10.707390
10.621467
10.643475
10.839929
10.594661
10.755698
10.648139
10.698669
10.726112
10.711646
10.528997
10.607441
10.699300
10.543248
10.588129
10.596230
10.908123
10.927545
10.819317
10.762244
10.897926
10.557906
10.628596
10.615018
10.600490
10.744513
10.588620
10.658947
10.680402
10.875496
10.856601
10.654135
10.533610
10.557522
10.935754
10.831320
10.572945
10.773663
10.863958
10.790086
10.617259
10.627399
10.813827
10.707343
10.643271
10.579800
10.583198
10.585334
10.709052
10.624022
10.688121
10.692646
10.805207
10.496538
10.698146
10.711851
10.547153
10.646900
10.543684
10.628549
10.924928
10.798138
10.695336
10.769904
10.732759
10.727728
10.707151
10.638545
10.668410
10.583973
10.558375
11.137908
10.786422
10.642499
10.786741
10.523646
10.698450
10.560021
11.751482
10.623018
10.651611
10.756657
10.999779
10.477926
10.835953
10.680354
10.664252
10.855763
10.833725
10.653408
10.514864
10.678568
10.778692
10.697579
10.777359
10.659419
10.954284
10.704669
10.667994
10.998319
10.965679
10.767926
10.565930
10.505496
10.651069
11.002403
10.420435
10.610323
10.708590
10.706387
10.631249
10.487403
10.953834
10.546330
10.707069
10.974841
10.785592
10.732912
10.815456
10.562233
10.738401
10.674905
10.561881
10.543712
10.709810
10.687008
10.792559
10.970887
10.628985
10.734772
10.671990
10.747501
10.661368
10.433374
10.970774
10.601331
10.871647
10.897957
10.567824
10.604421
10.709514
10.701106
10.696985
10.735687
10.847392
10.678621
10.663937
10.767637
10.896925
10.990009
10.593003
10.650525
10.557519
11.195960
10.451141
10.613519
10.565084
10.860211
11.037168
10.527233
10.832321
10.539055
10.717965
10.947461
10.566946
10.748390
10.666694
10.594216
10.547192
10.516220
10.793826
10.609986
10.636992
10.722949
10.792825
10.545421
10.679899
10.796053
10.545106
10.630217
10.674211
10.729788
10.625256
10.709147
10.647405
10.520311
11.014267
10.860906
10.693370
10.904066
10.616775
10.845715
10.627972
10.783898
10.552143
10.945190
10.526379
10.418625
10.755296
10.859008
10.666944
10.848895
10.651796
10.650223
10.676110
10.413848
10.647107
10.810335
10.595186
10.730593
10.712831
10.802854
10.724668
10.636260
10.708478
10.590680
10.845373
10.732687
10.606748
10.833829
10.697056
10.764385
10.563832
10.664418
10.848550
10.886286
10.703930
10.863458
10.487777
10.599870
10.731978
10.605456
10.749750
10.807273
10.843402
10.743424
10.793886
10.567202
10.543527
10.706962
10.875584
10.800204
10.584048
10.629721
10.728958
10.753000
10.941903
10.663435
10.713663
10.843675
10.720146
10.980393
10.520091
11.098280
10.638397
10.693973
10.948279
10.632004
10.765132
10.845102
10.597512
10.472731
10.685493
10.731699
10.879763
10.783551
10.918822
10.655206
10.669250
10.707283
10.691998
10.863375
10.582819
10.743926
10.668521
10.903868
10.669426
10.510370
10.544258
10.636465
11.152881
10.715733
10.450679
10.351130
10.569752
10.663512
10.901624
10.667679
10.753401
10.669133
10.804801
10.810836
10.649677
10.829120
11.000827
10.660156
10.562875
10.891325
10.942312
10.589940
10.826110
10.664631
10.723579
11.097124
10.878469
10.638139
10.902187
10.716914
10.842218
10.789116
10.708232
10.785321
10.856511
10.595816
10.750550
10.632817
11.175219
10.596526
10.756470
10.426373
10.779324
10.836638
10.667557
11.246745
10.875196
10.707754
10.600905
10.526696
10.699620
10.636616
10.626667
10.732990
10.496252
11.072464
10.594799
10.538433
10.697682
10.694255
10.485205
10.448133
10.859331
10.683322
10.684550
10.787868
10.529650
10.669840
10.723083
10.842366
10.655753
10.905268
10.754632
10.708499
10.827827
10.719190
10.837080
10.704131
10.644173
10.625432
10.661700
10.844335
10.652427
10.498917
10.767605
10.662332
10.595367
10.972575
10.709638
10.513171
10.573993
10.722405
10.843177
10.831060
10.651919
10.831139
10.469820
10.722290
10.597434
10.795601
10.575922
10.599380
10.697419
10.781525
10.869132
10.723179
10.923053
10.724120
10.591003
10.460874
10.547801
10.735536
10.556101
10.816322
10.579719
10.988973
10.830824
10.799737
10.543003
10.643299
10.653350
10.717347
10.623038
10.611759
10.489085
10.758846
10.515864
10.667175
10.793950
10.626656
10.521638
11.005782
10.514502
10.524754
10.557458
10.542602
10.684019
10.648499
10.723552
10.929983
10.681825
10.674393
10.898007
10.581131
10.727280
10.806680
10.962218
10.894254
10.701566
10.843706
10.764758
10.561488
10.747350
10.704843
10.499263
10.917062
10.849041
10.808483
10.661719
11.013164
10.473027
10.769883
10.924272
10.725224
10.601201
10.707909
10.585757
10.800854
10.757079
10.767313
10.735777
10.674320
10.668149
10.900520
10.653972
10.692561
10.818873
10.688133
11.122304
10.896764
10.744848
10.822117
10.549999
10.724853
10.679289
10.674441
10.742628
10.755446
10.672541
10.688161
10.811484
10.714324
10.661103
10.957326
10.941011
10.801070
10.985271
10.824376
10.874203
10.690546
10.645334
10.700400
10.551557
10.481163
10.711295
10.603260
10.652978
10.803163
10.761721
10.999692
10.642025
10.672650
10.753560
10.822362
10.513947
10.468715
10.594884
10.768341
10.640967
10.849830
11.059906
11.008971
10.868056
10.730561
10.538266
10.824146
10.582086
10.706038
10.839129
10.499007
10.726344
10.693389
11.545863
10.762432
10.738528
10.486409
10.557311
10.952254
10.701014
10.921435
10.506206
10.778096
10.667975
10.847174
10.758330
10.742108
10.487581
10.707222
10.505207
10.676741
10.827628
10.571820
10.814142
10.606065
11.030018
10.594799
10.658859
10.667001
10.513743
10.666290
10.595764
10.701306
10.437967
10.699869
10.757296
10.617277
10.734107
10.727025
10.704149
10.690276
10.559603
10.605087
10.528131
10.608274
10.518410
10.672900
10.688522
10.588834
10.757607
10.728029
10.690747
10.777539
10.651338
10.649541
10.695014
10.858172
10.548589
10.490524
10.644655
10.434340
10.724940
10.823574
10.852568
10.618287
10.700990
10.707592
10.560797
10.520202
10.599511
10.789001
10.690738
10.861574
10.770665
10.770844
10.778790
10.673779
10.681499
10.767774
10.625509
10.840027
10.592466
10.706155
10.696716
10.854816
10.663831
10.642573
10.592327
10.552457
10.962884
10.629555
10.582283
10.801694
10.682037
10.577417
10.661106
10.902159
10.583973
10.773386
10.841220
10.736257
10.646245
10.703890
10.701978
10.724965
11.033055
10.518739
10.585500
10.660847
10.888805
10.747785
10.667537
10.909584
10.892340
10.988789
10.891025
10.779004
10.597961
10.728619
10.856579
10.805771
10.712790
10.666945
10.846284
11.011264
10.817208
10.732518
10.784810
10.693702
10.950259
10.701183
10.808159
10.739501
10.727339
10.813046
10.627921
10.643894
10.588116
10.711351
10.640228
10.734566
10.684334
10.696227
10.587401
10.561828
10.716981
10.547217
10.574915
10.557204
10.491228
10.809484
10.730579
11.118087
10.847052
10.689430
10.845708
10.755838
10.682831
10.678110
10.856675
10.824905
10.865065
10.751095
10.599487
10.647111
10.676038
10.556355
10.667394
10.651015
10.628344
10.689929
10.758790
10.915723
10.708755
10.849332
10.673133
10.591448
10.663272
10.635347
10.733388
10.829523
10.749193
11.080185
10.874811
10.797094
10.775137
10.414644
10.608522
10.850046
10.730934
10.732626
10.862057
10.738228
10.685032
10.782540
10.603048
10.763030
10.440661
10.837051
10.930787
10.671806
10.682938
10.644796
10.737205
10.354238
10.954123
10.555091
10.854631
10.851312
10.634180
10.743283
10.731681
10.801688
10.728218
10.745217
10.660329
10.760642
10.602703
10.712904
10.575162
10.862476
10.729541
10.681862
10.592639
10.915059
10.758244
10.525051
10.828389
10.900189
10.698331
10.890835
10.803018
10.726106
10.819272
10.879725
10.671106
10.949963
10.809729
10.716508
10.815081
10.811905
10.746150
10.615525
10.968455
10.704221
10.760395
10.471652
10.981455
10.701090
10.778671
10.480485
10.794816
10.760985
10.706013
10.732814
10.831039
10.769102
10.689118
10.656065
10.630009
10.684450
10.578072
10.534357
10.709205
10.627025
10.714557
10.633784
10.975833
10.908497
10.734715
10.783162
10.797679
10.631964
10.683700
10.765454
10.698112
10.892360
10.670471
10.589146
10.736451
10.794221
11.054263
10.798971
10.609294
10.691556
10.758002
10.671079
10.759758
10.508572
10.694269
10.410965
10.997213
10.760213
10.755340
10.516816
10.647674
10.906705
10.645162
10.654110
10.540114
10.673397
10.742463
10.696575
10.540117
10.695056
10.692412
10.915053
10.748467
10.749812
10.949681
10.697065
10.798849
10.641891
10.632144
10.625651
10.609849
10.713738
10.549762
10.758879
10.743072
10.605758
10.570778
10.781096
10.897646
10.677537
10.554152
10.741676
10.675686
10.826688
10.567664
10.641076
10.851530
10.733378
10.645236
10.754168
10.727008
10.498531
10.664409
10.809454
10.843159
10.406532
10.645796
10.575734
10.610483
10.664746
10.340602
10.602001
10.600985
10.877887
10.779385
10.613741
10.757459
10.578169
10.522984
10.754702
10.687203
10.677495
10.693653
10.972200
10.723765
10.714796
10.635964
10.803154
10.742417
10.667569
10.673121
10.658507
10.820493
10.589120
10.949504
10.542743
10.581252
10.829935
11.038815
11.105965
10.619831
10.891598
10.645184
10.603126
10.673548
10.847476
10.816785
10.779966
10.809966
10.900750
10.746409
11.043140
10.638155
10.593726
10.784931
10.644718
10.584307
10.673334
10.568352
10.607426
10.599018
10.701207
10.554587
10.785659
10.918153
10.841686
10.646703
10.732688
10.642118
10.655088
10.665871
10.818525
10.861687
10.711071
10.669143
10.694433
10.595980
10.635739
10.715447
10.664809
10.713738
10.723778
10.735307
10.881421
10.618534
10.680914
10.851648
10.570954
10.660387
10.764247
10.768524
10.572737
10.793620
10.766456
10.965585
10.434743
10.709684
10.624209
10.765629
10.751652
10.813867
10.809023
10.576873
10.837924
10.845120
10.823281
10.457420
10.764093
10.653930
10.757782
10.717734
10.778120
10.960378
10.946064
10.746730
10.536918
10.996464
10.804428
10.787882
10.552188
10.433529
10.725634
10.548723
10.631732
10.948266
10.687206
11.029632
10.776089
10.604298
10.985331
10.687532
10.740703
10.618163
10.738811
10.694576
10.732323
11.012213
10.627124
10.881074
10.565052
10.674832
11.057576
10.662104
10.857940
10.747514
10.732744
10.633085
10.604749
10.674288
10.502558
10.978651
10.792738
10.676363
10.650629
10.702738
10.689773
10.881996
10.699076
10.802973
10.633736
10.763839
10.811681
10.751701
10.713943
10.782537
10.695569
10.680213
10.617682
10.838269
10.607619
10.500226
10.457219
10.544608
10.683670
10.762078
10.707277
10.783250
10.648864
10.731360
10.656811
10.623531
10.499301
10.744716
10.497451
10.810992
10.572921
10.629358
10.698317
10.791503
10.817486
10.975189
10.825770
10.458669
10.814377
10.652916
10.636531
10.467030
10.672902
10.628848
10.974529
10.687786
10.670283
10.870379
10.585918
10.661794
10.568128
10.701825
10.907321
10.352483
10.436575
10.898425
10.657050
10.823695
10.904338
10.987990
10.687562
10.692846
10.871646
10.659366
10.675147
10.704166
10.782521
10.596113
10.732527
10.726281
10.657664
10.590659
10.523087
10.570968
10.667968
10.754518
10.781746
10.763692
10.511942
10.634039
10.881964
10.717820
10.930982
10.744033
10.700228
10.819970
10.669990
10.900172
10.677058
10.988469
10.837670
11.075746
10.713079
10.838008
10.594375
10.536453
10.787670
10.707154
10.616660
10.656834
10.619539
10.565435
10.757722
11.005930
10.544375
10.768842
10.748427
10.959970
10.810105
10.888612
10.716957
10.671491
10.700051
10.720894
10.769034
10.831714
10.599263
10.589113
10.858606
10.800088
10.514082
10.790232
10.549141
10.797404
10.638244
10.854143
10.981375
10.750005
10.741605
10.790001
10.656345
10.577042
10.856757
10.768873
10.686573
10.755865
10.614298
11.051723
10.602528
10.725329
10.677633
10.706204
10.986819
10.613200
10.796513
10.499215
10.628848
10.565187
10.648504
10.819343
10.714252
10.641222
10.795713
10.927761
10.771539
10.523880
10.892509
10.799478
10.571481
10.585826
10.913468
10.665860
11.084887
10.749666
10.945284
10.846793
10.737872
10.672280
10.908601
10.485204
10.720244
10.663427
10.784962
10.970781
10.701102
10.625088
10.784299
10.535398
10.656672
10.673971
10.628348
10.551903
10.748786
10.709433
10.997487
10.619408
10.884470
10.712309
11.182141
10.633463
10.652839
10.708077
10.752545
10.729782
10.845775
10.910473
10.778120
10.625082
10.731131
10.784788
10.728171
10.617423
10.480456
10.604908
10.741822
10.744125
10.722762
11.189326
10.716889
10.536056
10.681154
10.965742
10.941271
10.757118
10.506132
10.580491
10.705978
11.118169
10.903224
10.788006
10.709810
10.619372
10.979953
10.678085
10.592128
10.607617
10.620733
10.778781
10.727032
10.912356
10.525694
10.658289
10.681689
10.525894
10.822729
10.668221
10.788187
10.631842
10.815397
10.594480
10.909181
10.697660
10.600867
10.665745
10.797675
10.861072
10.764258
10.824104
10.493592
10.817365
10.770809
10.766366
10.644412
11.085077
10.625239
10.755335
10.604230
10.917356
10.800903
10.816432
10.718496
10.697608
10.979213
10.730464
11.019439
10.595355
10.613165
10.649592
10.783518
10.689936
10.706809
10.552596
10.618355
10.608146
10.680651
10.772287
10.642673
10.731227
10.746342
10.567285
10.649654
10.544265
10.815090
10.559487
10.714649
10.648442
10.550130
10.757004
10.476404
10.728106
10.723272
10.732916
10.790666
10.784823
10.732161
10.802622
10.961605
10.590594
10.591958
10.805326
10.682699
10.776054
10.683234
10.638724
10.534511
10.597625
10.636240
10.578723
10.695078
10.783658
10.720268
10.965093
10.613820
10.572740
10.644625
10.650416
10.851502
10.652032
10.809213
10.847353
10.553824
10.646256
10.815791
10.714004
10.545530
10.617412
10.569021
10.947066
10.802941
10.708062
10.964918
10.667131
10.531851
10.748169
10.612697
10.738261
10.689790
10.508936
10.900392
10.618080
10.705861
10.735838
10.719931
10.488572
10.694443
10.678515
10.652600
10.734447
10.718831
10.604282
10.595768
10.659495
10.735683
10.781957
10.772496
10.882083
10.639955
10.745362
10.646463
10.951620
10.813106
10.751343
10.702655
10.632679
10.794515
10.643914
10.704025
10.818545
10.442998
10.624088
10.627258
10.636088
10.700987
10.624548
10.490237
10.595117
10.452218
10.668953
10.548255
10.556134
10.746240
10.812557
10.400432
10.604467
10.569696
10.763707
10.595023
10.746305
10.702822
10.785621
10.787833
10.678145
10.521276
10.660360
10.796167
10.734462
10.569054
11.122669
10.623768
10.613856
10.511395
10.803114
11.444945
10.677153
10.594711
10.916694
10.627087
10.707023
10.786233
10.613344
10.810934
10.864777
10.836266
10.680932
10.668270
10.694276
10.639154
10.695911
11.044277
10.676048
10.722015
10.669195
10.659679
10.822292
10.668976
10.345244
11.065131
10.713590
10.679767
10.580607
10.576495
10.629884
10.762382
10.652137
10.521863
11.179085
10.707243
10.455225
10.719670
10.854608
10.868684
10.675582
10.668767
10.678985
10.723243
10.738630
10.720848
10.842791
10.619965
10.730098
10.544023
10.700182
10.566166
10.907055
10.950574
11.009722
10.655954
10.788694
10.764530
10.744618
10.579863
10.803003
10.601533
10.513249
10.689378
10.683612
10.921632
10.609810
10.919671
10.575931
10.638978
10.707601
10.763373
10.602783
10.637285
11.015786
11.306786
10.580244
10.675004
10.817673
10.560373
10.553782
10.728000
10.725811
10.958464
10.702037
10.670538
10.591672
10.707733
10.674685
10.720980
10.657253
10.525683
11.044944
10.952569
10.427699
10.863301
10.890069
10.558082
10.732076
10.759215
10.696226
10.612030
10.731544
10.768228
10.870847
11.111058
10.988351
11.051014
10.739405
10.665175
10.631340
10.677266
10.650266
10.737264
10.467143
10.741646
10.611147
10.601543
10.483636
10.837317
10.663853
10.710089
10.829487
10.603651
10.759620
10.553302
10.592808
10.736911
10.810608
10.541095
10.402149
10.647900
10.528654
10.693517
10.566198
10.819951
10.761908
10.866904
10.737749
10.550306
10.749692
10.535167
10.758157
10.965503
10.638867
10.616503
10.888315
10.725565
10.767536
10.997118
10.948754
10.558703
10.679095
10.834947
10.805706
10.696507
10.517839
10.697819
10.490067
10.739430
10.628675
10.668578
10.792343
10.801279
10.757436
10.662001
10.784376
10.617398
10.753421
10.520021
10.635868
10.491587
10.741280
10.673844
10.560292
10.733425
10.770281
10.685222
10.648248
10.602304
10.608858
10.759167
10.826627
10.757777
10.672725
10.705743
10.755178
10.821266
10.724519
10.791241
10.840024
10.888964
10.556276
10.805156
10.833456
10.587761
10.500539
10.769161
10.618933
10.590261
10.677791
10.616963
10.584493
10.616230
10.851431
10.553104
10.622105
10.646941
11.028750
10.865211
10.732264
11.377729
10.444349
10.701682
10.570203
10.608494
10.871792
10.907337
10.688810
10.786097
11.433831
10.812843
10.457615
10.824660
10.951645
10.714217
10.582065
10.572109
10.567862
11.024335
10.958328
10.568064
10.865556
10.678603
10.781946
10.730898
10.716308
11.050933
10.617206
10.531137
10.756442
10.631649
10.691749
10.713403
10.712293
10.847989
10.892526
10.583757
10.629703
10.560084
10.482083
10.720285
10.611490
10.823159
10.727516
10.784223
10.800792
10.541243
10.909848
10.954639
10.835536
10.658944
11.575700
10.674450
10.384646
10.623812
11.047607
10.868846
10.861945
10.843543
10.581809
10.533298
10.546462
10.725285
10.517278
10.889108
10.860582
10.652835
10.801897
10.613319
10.982594
10.743161
10.948265
10.486670
10.682508
10.690175
10.878600
10.924999
10.728662
10.565393
10.760660
10.644289
10.839666
10.879417
10.706306
10.530713
10.677168
10.455551
10.682214
10.727661
10.770695
10.672978
10.598549
10.713305
10.754387
10.710707
10.839708
10.659381
10.949362
10.761916
10.573022
10.845653
10.694839
10.924630
10.815919
10.379893
10.896298
10.737508
10.757631
10.760934
10.855266
10.723766
10.857413
10.705180
10.641187
10.696002
10.672565
10.827927
10.749597
10.728628
10.747095
10.630321
10.846189
10.686720
10.921968
10.562502
10.866870
10.667835
10.648978
10.754874
10.685029
10.562882
10.805502
11.017455
10.660770
10.579513
10.703756
10.669426
10.531585
10.781018
10.809702
10.920117
10.568406
10.603001
10.587550
10.696106
10.586300
10.786565
10.813774
10.662770
10.954045
10.607251
10.982958
10.790246
10.780391
10.686195
11.137401
10.542583
10.552084
10.823504
10.578741
10.625179
10.528351
10.597041
10.622785
10.520117
10.760536
10.654227
10.911983
10.821241
10.606729
10.725148
10.881478
11.332625
11.015136
10.641957
10.645119
11.022005
10.947810
10.658451
10.766150
10.550473
10.661043
10.938682
10.816753
10.629691
10.487438
10.878611
10.646578
10.591768
10.804358
10.693923
10.735355
10.687864
10.547793
10.458381
10.750470
10.691460
10.658690
10.697220
10.658969
11.248229
10.721698
10.785215
10.761193
10.569029
10.822417
10.881486
10.772098
10.680654
10.750799
10.924360
10.562722
10.626612
10.654896
10.658308
10.815532
10.688183
10.551388
10.727182
10.941374
10.735255
10.604740
10.604070
10.908525
10.537885
10.671811
10.868411
10.736341
10.639010
10.688300
10.707976
10.734358
10.629888
11.114896
10.767352
10.742907
10.859668
10.806267
10.649829
10.670627
10.771407
10.926476
10.613076
10.563970
10.666117
10.768669
10.602846
10.627623
10.914645
10.771824
10.624240
10.843486
11.184928
10.969921
10.533303
10.425936
10.942883
10.616425
10.853772
10.823859
10.894357
10.666265
10.758948
11.249523
10.758166
10.875643
10.686540
10.666704
10.837703
10.698633
10.727776
10.640320
10.638058
10.546534
10.766903
10.555646
10.712634
10.661303
10.852437
10.837459
10.860001
10.798847
10.617658
10.786203
10.959516
10.769006
10.580889
10.845736
10.555540
10.694278
11.053414
10.773071
10.577763
10.664189
10.636386
10.825395
11.000042
10.610340
10.832268
10.614310
10.581127
10.689457
10.576057
11.080212
10.915211
10.742906
10.630817
10.590553
10.718632
10.744023
10.954183
10.640115
10.520146
10.777315
10.762702
10.799411
10.561975
10.618243
10.585387
10.563064
10.867435
10.818415
10.875026
10.983332
10.734623
10.739016
10.824321
10.664905
10.551481
10.896300
10.854210
10.607588
10.832104
10.864136
10.691038
10.649893
10.866226
10.625703
10.535177
10.733582
10.619476
10.472797
10.655547
10.930916
10.763193
10.576787
10.784669
10.965702
10.742372
10.794191
10.663336
10.925481
10.750865
10.723835
10.920716
10.791263
10.509392
10.605262
10.608757
10.614815
10.861924
10.391918
10.533426
10.766434
10.707965
10.594515
11.069790
10.687610
10.764629
10.896322
10.694576
10.659427
10.610165
10.759188
10.553223
10.725363
10.682940
11.108121
10.755903
10.979602
10.655801
10.738142
10.504141
10.605363
10.771771
10.697112
10.863994
10.616566
10.874838
10.658636
10.700250
10.838186
10.528645
10.575604
10.488614
10.648694
10.794546
10.692713
10.585142
10.760849
10.714087
10.596681
10.666125
10.662163
10.769124
10.747127
10.617268
10.758129
10.927450
10.550878
11.273755
10.890909
10.934428
10.680744
10.783673
10.955336
11.224213
10.671493
10.710816
10.731881
10.671620
10.734497
10.608928
10.679380
10.796298
10.826034
10.776398
10.672716
10.627681
10.774423
10.722025
10.514674
10.657742
10.731196
10.403969
10.686827
10.626697
10.652625
10.783313
10.644436
10.765082
10.777463
11.035093
10.548440
10.936213
10.451033
10.920187
10.681243
10.769265
10.721360
10.944220
10.641999
10.815716
10.566550
10.620856
10.970541
10.685963
10.736240
10.571124
10.692316
10.947001
10.545335
10.709139
10.896568
10.636165
10.731125
10.894203
10.910363
10.512499
10.693929
10.428800
10.775617
10.619613
10.740013
10.811829
10.973792
10.849008
10.846189
10.670460
10.557196
10.675891
10.577369
10.610255
10.654577
10.725406
10.680689
10.715315
10.447212
10.700202
10.882534
10.863974
10.697864
10.569731
10.849892
10.659183
10.692633
11.010294
10.659578
10.649181
10.710800
10.766263
10.552121
10.922444
10.725510
10.470267
10.720872
10.720520
10.716444
10.720862
10.742697
10.609966
10.848060
10.420341
10.988035
10.834320
10.693417
10.710060
10.847205
11.052283
10.562590
10.732729
10.883627
11.108744
10.750150
10.795502
10.821068
10.812818
10.840286
10.736573
10.595048
10.860869
10.815756
11.579028
10.745595
10.622657
10.713919
10.801117
10.772278
10.754285
10.661260
10.901347
10.754764
10.694873
10.606533
10.668582
10.769811
10.674388
10.859728
10.605615
10.758296
10.450321
10.655305
10.651698
10.692077
10.648151
10.614048
10.489644
10.605221
10.659459
10.527799
10.917566
10.765760
10.552558
10.694237
10.607461
11.056266
10.826100
10.945462
10.643111
10.805682
10.858204
10.707899
10.612915
10.795279
10.672018
10.652877
10.656699
10.889306
10.603611
10.671299
10.582612
10.574325
10.646069
10.591015
10.701890
10.960495
10.807743
10.653053
10.715837
10.778952
10.436960
10.903370
10.723298
10.656383
10.591960
10.443334
10.819305
10.653206
10.659093
10.832767
10.801468
10.805862
10.454653
10.950180
10.628015
10.794354
10.614784
10.744878
10.911607
10.838653
10.558030
10.841995
10.459505
10.806637
10.628394
10.801492
10.696230
10.556429
10.758779
10.666927
10.913825
10.857348
10.794774
10.765867
10.662832
10.795631
10.644836
10.470266
10.833960
10.973592
10.611170
10.588831
10.724517
10.556600
10.559438
10.930051
11.175640
10.795484
10.623981
10.621661
10.894601
10.863104
10.705489
10.703184
11.194408
10.800109
10.705876
10.874105
10.688911
10.482605
10.591154
10.734748
10.579223
10.965516
10.772959
10.665079
10.909320
10.874709
10.984809
10.564860
10.673306
10.597738
10.572476
10.719979
10.495496
10.781828
10.848658
10.886405
10.780026
10.475776
10.820731
11.230243
10.843585
10.477273
10.595813
10.734725
10.627059
10.611347
10.728826
10.698908
10.572800
10.715882
10.806428
10.724416
10.655979
10.621707
10.991015
10.731342
10.577406
10.706741
10.727328
10.703240
10.461404
10.680158
11.198866
10.992933
10.698417
11.120872
10.943529
10.971746
10.760172
10.914729
10.773174
10.806399
10.924361
10.749738
10.602131
10.839372
10.679857
10.655210
10.578061
10.796549
10.917611
10.765637
10.591707
10.595531
10.928307
10.620402
10.654256
10.688892
11.087423
11.188509
10.865289
10.476887
10.841320
10.660619
10.736012
10.724019
10.669795
10.658280
10.687881
10.678391
11.076704
10.521632
10.665430
10.684051
10.934214
10.680489
10.653037
10.545679
10.568639
10.619386
10.662465
10.553773
10.640764
10.680170
10.530005
10.944256
10.485116
10.600347
10.739078
10.728870
10.532663
10.598039
10.577853
10.693445
10.685665
10.730520
10.806774
10.553936
10.572832
10.912884
10.718244
10.696323
10.817596
10.794178
10.617734
10.745134
10.963102
10.489890
10.882084
10.590238
10.860006
10.528326
10.783366
10.879669
10.392342
10.700444
10.584337
10.601791
10.498789
10.902461
11.019311
10.970130
10.623776
10.676089
10.732478
10.694401
10.879988
10.724048
10.820089
10.541231
10.752060
10.691181
10.783694
10.884781
10.882633
10.581507
10.745996
10.820162
10.734703
10.548123
10.575580
10.764615
10.680415
10.656994
10.944879
10.917694
10.855660
10.768837
10.758864
10.720066
10.640422
11.331485
10.729167
10.868712
10.731297
10.535484
10.873222
10.711515
10.465131
10.733406
10.823499
10.766850
11.364029
10.628980
10.856563
10.716008
10.787420
10.768987
10.739468
10.590251
10.704079
10.663978
10.953283
10.655598
10.835453
10.973892
10.565906
10.557108
10.754443
10.727722
10.705401
10.803418
10.396789
10.650807
10.427451
10.693176
10.780130
10.643962
10.665872
10.968121
10.760511
10.623744
10.759826
10.900415
10.828717
11.044261
10.938460
10.671177
10.874003
10.775962
10.515031
10.739161
10.716068
10.721490
10.700881
10.702596
10.530516
10.555388
11.042740
10.297111
10.511435
10.987123
10.583664
10.806856
10.872579
10.782470
11.013423
10.698162
10.789633
10.471462
10.581664
10.691398
10.777784
10.719824
10.811878
10.630127
10.483844
10.660609
10.672047
10.830485
10.793039
10.566333
10.718263
10.563810
10.901802
10.718460
10.639427
10.841840
10.760028
10.793191
10.579303
10.734330
10.607171
10.745185
10.735251
10.655265
10.804653
10.766961
10.638511
10.660260
10.534478
10.685087
10.522666
10.902242
10.918836
10.861625
10.814207
10.646995
10.520539
10.977015
10.964775
11.043229
10.711934
10.574452
10.544058
10.932234
10.543554
10.839157
10.705644
10.703941
10.785123
10.745427
10.637273
10.715617
10.643151
10.830405
10.872224
10.745874
10.944902
10.730100
10.875004
10.593527
10.600600
10.575998
10.505255
10.639622
10.508205
10.626363
10.530257
10.505533
10.601428
10.607571
10.683271
10.531635
11.054070
11.033596
11.155991
11.267053
10.707322
11.112374
10.674024
10.472131
10.925573
10.767318
10.577091
10.734968
10.412251
10.864006
10.426179
10.923088
10.648944
10.811252
10.514012
10.479608
10.906490
10.678003
10.847894
10.577564
10.887997
10.701708
10.816789
10.625144
10.430091
10.783651
10.785356
10.645635
10.668420
10.774372
10.669714
10.816751
10.828775
10.614500
10.621734
10.643777
10.715523
10.655678
10.801742
10.611015
10.893486
10.695239
10.784415
10.887322
10.478319
10.762370
10.441916
10.747684
10.735191
10.580762
10.451943
10.631999
10.642830
10.647694
10.679862
10.851153
10.741427
10.607781
10.815675
11.015996
10.770483
10.758762
10.537130
10.529182
10.593633
10.789236
10.822468
10.493717
10.597570
10.629023
10.887767
10.790709
10.772169
10.781501
10.964624
10.449151
11.066793
10.749198
10.877446
10.678627
10.882944
10.677615
10.821291
10.814726
10.654803
10.746646
10.551652
10.701876
10.610915
10.895255
10.560725
10.478172
10.787465
10.836253
10.640827
10.816269
10.677602
10.743640
10.894646
11.039886
10.655963
10.876259
10.619604
10.796711
10.542445
10.755566
10.746027
10.661742
10.409170
10.664203
10.743315
11.086608
10.743380
10.972809
10.712059
10.591985
10.589308
10.771942
10.680418
10.572746
10.590973
10.722932
10.652881
10.575171
10.724944
10.877310
10.617716
10.721753
10.769143
10.658156
10.632463
10.905770
10.640940
10.650852
10.640344
10.422724
10.744914
10.792243
10.962080
10.750299
10.590354
10.702279
10.510721
10.784172
10.812118
11.177017
10.973202
10.586704
10.695151
10.579520
10.600108
10.985766
10.594918
10.601078
10.864052
10.644173
10.649730
10.750480
10.641582
10.562430
10.800010
10.737356
11.020315
10.563775
10.728423
10.727193
10.819654
10.686508
10.959887
10.693547
10.685118
11.057211
10.598833
10.863090
10.758714
10.640607
10.705526
10.862101
11.252924
10.737962
10.881278
10.560623
10.500582
10.630163
10.841187
10.777391
10.627150
10.738478
10.618631
10.578790
10.643286
10.747743
10.873061
10.714660
10.991138
11.687932
10.865119
10.679612
11.240467
10.578647
10.709452
10.789397
10.791044
10.835619
10.672468
10.660301
10.814465
10.778898
10.554177
10.792645
10.596266
10.820139
10.734608
10.631814
10.793385
10.588599
10.651939
10.900004
10.752050
10.752953
10.810075
10.814664
10.656760
10.974041
10.822092
10.471822
10.520732
10.605799
10.771032
10.805065
10.661207
10.635802
10.586942
10.783475
10.867249
10.626642
10.622694
10.825655
10.632292
10.741639
10.837244
10.570980
10.792716
10.627054
10.581361
10.715074
10.848829
10.981956
10.676446
10.734771
10.549328
10.928155
10.751326
10.420485
10.702972
10.716133
10.577761
10.833298
10.468705
10.647060
10.831230
10.672536
10.629083
10.609579
10.860048
10.687573
10.603904
10.683095
10.712083
10.855721
10.565977
10.762810
10.707864
10.758910
10.762690
10.778254
10.867843
10.543315
10.677080
10.723509
10.753688
10.679217
10.909982
10.718030
10.729206
10.466086
10.516111
10.605305
10.663897
11.041014
10.833997
10.765548
10.635397
10.449147
10.613128
10.714933
10.657424
10.694812
10.802781
10.877408
10.630143
10.754317
10.746335
10.825658
10.685789
10.952978
10.794446
10.690015
10.613896
10.724019
10.681351
10.847574
10.712121
10.710915
10.797260
10.660995
10.773943
10.726904
10.682711
10.621779
10.644634
10.497859
10.631064
10.724739
10.461365
10.781564
10.605150
10.748667
10.747162
10.572703
10.634546
10.771732
10.967356
10.434293
10.954318
10.734519
10.590198
10.950678
10.718308
10.566667
10.657539
10.701812
10.838530
10.801278
10.791656
11.619121
11.452814
11.356851
10.734104
10.810370
10.702379
10.474851
10.639875
10.739115
10.937401
10.680811
10.662622
10.851848
10.632526
10.531303
10.542483
10.737111
10.843307
11.039928
10.396987
10.957410
10.936727
10.531250
10.635569
10.669274
10.685340
10.527830
10.858988
10.733360
10.752899
10.913593
10.620567
10.953777
10.720613
10.909526
10.754085
10.822130
10.828816
10.959963
10.936061
10.446678
10.578940
10.884794
10.644610
10.815580
10.671629
11.010374
10.769479
10.740750
10.728240
10.628342
10.678581
10.628434
10.770985
10.567675
10.832360
10.579420
10.878424
10.804541
10.689108
10.668151
10.453856
10.431700
10.722642
10.907528
10.790185
10.841000
10.903014
10.584031
10.796228
10.585468
10.592472
10.957338
10.793077
10.626102
10.764916
10.601092
10.775077
10.792308
10.988250
10.878208
10.500197
10.670510
10.593496
10.699830
10.871965
10.478851
10.709730
10.743971
10.619447
10.701514
10.594701
11.015179
10.518369
10.674448
10.583670
10.510828
10.914062
10.812822
10.636335
10.682977
10.957082
10.664465
10.706615
10.631297
10.516520
10.877912
10.571470
10.696844
10.508315
10.746121
10.669074
10.683610
10.903353
10.986139
10.578809
10.667821
10.768717
10.705956
10.594274
10.630817
10.808197
10.514381
10.591065
10.638608
10.420142
10.857023
10.844254
10.530699
10.869732
10.694907
10.782900
10.603616
10.521295
10.555630
10.720251
10.641505
10.922052
10.801735
10.551811
10.674155
10.836766
10.687673
10.509169
10.644586
10.803297
11.056646
10.533261
10.820152
10.847267
10.853406
10.782426
10.703465
10.661416
10.937987
10.775804
10.727568
10.741057
10.519650
10.613430
10.773334
10.901393
10.859051
10.621634
10.892839
10.594791
10.927148
10.437884
10.543887
10.720182
10.744024
10.808734
11.063175
10.787056
10.592621
10.815760
10.633290
10.732343
10.701693
10.573462
10.712080
10.839111
10.875453
10.432042
10.835240
10.604402
11.168716
10.671499
10.619642
10.563769
10.630744
10.625484
10.798977
10.645500
10.588840
10.769889
10.813643
10.517840
10.610730
10.697174
10.551607
10.805361
10.843333
10.629718
10.848066
10.683198
10.744225
10.524700
10.548409
10.725699
10.436989
10.629886
10.520104
10.810707
11.009057
10.790487
10.690050
10.716795
10.664988
10.798439
10.815702
10.513493
10.779276
10.722927
10.832525
10.814568
10.632039
10.667182
11.035073
11.180053
10.998391
10.723553
10.819463
10.486889
10.520173
10.822546
10.747874
10.596123
10.600541
10.935516
10.775439
10.919325
10.684337
11.049266
10.781042
10.745106
10.513115
10.801277
10.635827
10.624980
10.567204
10.553662
10.714520
10.859001
11.206095
10.799496
10.763815
10.803962
10.742523
10.783713
10.785593
10.788925
10.662152
10.662154
10.652085
10.880555
10.753893
10.815023
10.756656
10.830063
10.771026
10.772439
10.786745
10.903185
10.730326
10.884168
10.857757
10.849590
10.538846
10.819097
10.605669
10.665245
10.702606
10.738569
10.738569
