10.677445
10.587879
10.580506
10.527816
10.746392
10.676529
10.723335
10.864003
10.709800
10.416338
10.627570
10.767777
10.762604
10.814940
10.731391
10.704799
10.620859
10.632896
10.724222
10.745016
10.892025
10.768374
11.008460
10.671672
10.759382
10.656563
10.711745
10.661361
10.474965
10.371971
10.724726
10.438010
10.586369
10.667323
10.946001
10.721420
10.430089
10.476953
10.837440
10.784746
10.731010
10.514728
10.637004
10.656672
10.504634
10.686170
10.719749
10.816550
10.830585
10.418523
10.602719
10.630606
10.667820
10.827851
10.931631
10.614156
10.643974
10.702212
10.893283
10.647625
10.548075
10.615021
10.641990
10.884375
10.845008
10.884589
10.684862
10.779336
10.698652
10.821171
10.542609
10.592730
10.769687
10.627079
10.649540
10.854159
10.607771
10.704704
10.688256
10.625603
10.694769
10.926288
10.571968
10.551475
10.640128
10.794579
10.807443
10.852944
10.489681
10.877854
10.750372
10.498719
10.685542
10.549883
10.793948
10.795320
11.004695
10.928973
10.669648
10.529060
10.749840
10.697621
10.679606
10.762296
10.576735
10.604167
10.782338
10.624636
10.755058
10.755028
10.707603
10.634710
10.511050
10.889540
10.718951
10.664417
10.574882
10.676018
10.342510
10.996215
10.551028
10.521477
10.945062
10.762955
10.725163
10.667062
10.731253
10.453264
10.630428
10.723362
10.705418
10.509003
10.709135
10.519282
10.746290
10.582703
10.788739
10.760756
10.777923
10.810765
10.619659
10.770567
10.877497
10.758316
10.683613
10.588703
10.603421
10.463171
10.621863
10.757290
11.036305
10.746679
10.586820
10.767674
10.667465
10.499807
10.662259
10.804003
10.630122
10.517108
10.634355
10.643770
10.651269
10.686118
10.626429
10.520864
10.543430
10.704822
10.614449
10.573890
10.878707
10.653675
10.690977
10.895342
10.640930
10.650931
10.872978
10.574699
10.592115
10.759151
10.626400
10.783046
10.930005
10.476807
10.536856
10.453934
10.725064
10.807885
10.617512
10.733144
10.660638
10.430199
10.569075
10.564023
10.701884
10.707573
10.590883
10.700378
10.619406
10.465031
10.736749
10.579836
10.499469
10.678006
10.434846
10.648323
10.828000
10.811571
10.776638
10.697640
10.621796
10.501415
10.850866
10.620781
10.757077
10.622786
10.877333
10.884268
10.816287
10.598097
10.675605
10.739853
10.598465
10.618137
10.919130
10.709959
10.586096
10.775483
11.007109
10.570128
10.606728
10.787634
10.677720
10.611976
10.661460
10.708791
10.616906
10.705918
10.632198
10.565539
10.633060
10.648520
10.895645
10.822483
10.731653
10.558640
10.730751
10.585602
10.553158
10.558086
10.742957
10.675577
10.727778
10.806216
10.865254
10.517518
10.634451
10.565930
10.670480
10.727871
10.600511
10.459732
10.725038
10.600647
10.689059
10.567661
11.017862
10.545963
10.554686
10.702967
10.786671
10.705402
10.741008
11.082461
10.635977
10.741387
10.690331
10.719824
10.694978
10.946830
10.758349
10.643309
10.770496
10.635901
10.537196
10.576426
10.556294
10.681200
10.747486
10.720522
10.494086
10.790056
10.745536
10.720712
10.634741
10.504583
10.740240
10.740569
10.746506
10.659633
10.506665
10.580869
10.690973
10.716483
10.634178
10.592572
10.752883
10.839344
10.701843
10.708499
10.552051
10.668618
10.542410
10.633970
10.874212
10.735168
10.497093
10.567048
10.646142
10.732541
10.687624
10.649175
10.972505
10.654667
10.509258
10.648477
10.829081
10.870311
10.582800
10.734220
10.751408
10.858397
10.605537
10.861360
10.707308
10.373869
10.754750
10.767457
10.480867
10.753031
10.623928
10.542893
10.582019
10.791638
10.665187
10.969799
10.373696
10.875594
10.656848
10.596130
10.610926
10.493493
10.648291
10.642812
10.718362
10.936756
10.711179
10.614377
10.574684
10.715666
10.586473
10.929208
10.937770
10.761917
10.515216
10.584891
10.722509
10.752829
10.468945
10.724208
10.800298
10.682224
10.914317
10.664816
10.740327
10.679960
10.665079
10.671666
10.874193
10.782732
10.493463
10.747105
10.907468
10.532233
10.610108
10.675486
10.683865
10.568438
10.785010
10.508400
10.532925
10.938904
10.444989
10.560860
10.621616
10.523351
10.913948
10.523933
10.525417
10.789180
10.732834
10.716200
10.587596
10.652723
10.726758
10.596464
10.635131
10.651516
10.891179
10.700967
10.813943
10.652732
10.548397
10.530538
10.686335
10.600741
10.751453
10.675323
10.891131
10.786551
10.637298
11.123329
10.531578
10.773836
10.747063
10.666306
10.591249
10.602445
10.517462
10.756648
10.740466
10.616759
10.749622
10.577487
10.915442
10.688134
10.407877
10.518428
10.546591
10.679162
10.629312
10.992342
10.468623
10.730484
10.904897
10.772758
10.613704
10.481167
10.694159
10.781653
10.660726
10.591312
11.392083
10.744952
10.856742
10.575076
10.880646
10.695124
10.779907
10.807071
10.770306
10.934603
10.706872
10.801023
10.653423
10.640905
10.880212
10.716954
10.709142
10.830799
10.845651
10.520832
10.683577
10.588332
10.679746
10.817247
11.029741
10.789871
10.602945
10.552824
10.421439
10.672274
10.657514
10.589396
10.717343
10.718035
10.645170
10.463586
10.555377
10.764583
10.926919
10.794458
10.495248
10.773340
10.833558
10.627425
10.710017
10.648731
10.772511
10.487890
10.773543
10.570958
10.730811
10.908329
10.728912
10.811871
10.605205
10.503963
10.652023
10.596317
10.849080
10.520534
10.761420
10.624579
10.640551
10.627420
10.669847
10.541027
10.509591
10.455712
10.554792
10.559104
10.702486
10.754107
10.771478
10.911867
10.658472
10.591064
10.676825
10.889506
10.603099
10.831686
10.913576
10.743597
10.721812
10.639968
10.602075
10.705357
10.934003
11.249191
10.605706
10.529113
10.744335
10.921665
10.550198
10.425089
10.470720
10.899041
10.678496
10.782803
10.977951
10.640431
10.760577
10.718539
10.942574
10.560717
10.577039
10.660654
10.571683
10.588119
10.759329
10.922676
10.666823
10.754199
10.801942
10.586211
10.449617
10.687987
10.947390
10.773637
10.804791
10.637840
10.750993
10.712139
10.649631
10.704865
10.626116
10.482899
10.640303
10.694839
10.680118
10.833237
10.966143
11.206427
10.854957
10.795641
11.002920
10.740809
10.580911
10.618797
10.873038
10.616208
10.880886
10.672887
10.654639
10.873369
10.593737
10.524602
10.650001
10.844595
10.804175
10.720101
10.515128
10.726990
10.884323
11.028005
11.053269
10.498818
10.911730
10.556132
10.607676
10.712457
10.518171
10.729236
10.956307
10.701556
10.596392
10.613471
10.587906
10.707340
10.713065
10.643916
10.819521
10.832564
10.606996
10.565273
10.755347
10.553202
10.831035
10.801797
10.809926
10.666440
10.638195
10.835028
10.686377
10.697492
10.858458
10.990525
10.947972
10.787944
10.833815
10.498200
10.522940
10.653754
10.622965
11.072012
10.978851
10.647558
10.605237
10.561263
10.820972
10.667189
10.782129
11.051424
10.816593
10.682906
10.696876
10.716729
10.826624
10.696912
10.470025
10.663319
10.722206
10.708035
10.532448
10.860364
10.566498
10.783827
10.753390
10.676436
10.889779
10.731461
10.651926
10.813299
10.556054
10.764375
10.695058
11.006353
10.447968
10.654187
10.788145
11.252797
10.572443
10.629144
10.484958
10.818540
10.674393
10.734895
10.594419
10.688542
10.708115
10.816044
10.754761
10.447260
10.784487
10.576834
10.679457
10.633122
10.617355
10.657578
10.626386
10.667936
10.704009
10.933479
10.947658
10.907177
10.644221
10.827211
10.493300
10.636597
10.732710
10.531780
10.897965
10.629537
10.657152
10.855641
10.733821
10.804608
10.944509
10.654412
10.841691
10.635367
10.713430
10.713400
10.573159
10.624702
10.818430
10.732569
11.014794
10.752275
10.682877
10.612590
10.696222
10.704632
10.948855
10.669392
10.828340
10.585675
10.874423
10.696710
10.701246
10.783203
10.878044
10.718661
10.644595
10.833018
10.645803
10.629491
10.782602
10.742981
10.711531
10.608335
10.791536
10.750646
10.917800
10.814450
10.715651
10.778790
10.509447
10.661311
10.496890
10.617656
10.824855
10.644485
10.729568
10.655021
10.538414
10.828337
10.733705
10.725341
10.582900
10.657979
10.701290
10.759128
10.559435
11.113345
10.568844
10.679847
10.605047
10.454283
10.657478
10.688455
10.631792
10.776360
10.657916
10.737898
10.825650
10.505125
10.719936
10.990830
10.749395
10.490058
10.764785
10.694366
10.593620
10.712870
10.646948
10.772557
10.665828
10.799473
10.616306
10.967058
10.928172
10.784003
10.546552
10.535233
10.822286
10.797060
10.997464
10.367395
10.898143
10.947947
10.541623
10.893424
10.766242
10.637451
10.880626
10.768562
10.411690
10.757204
10.780427
10.743048
10.506468
10.700153
10.583792
10.554573
10.720069
10.636059
10.593998
10.637593
10.903005
10.682559
10.635487
10.689809
10.947835
10.680944
10.667510
10.652016
10.773913
10.699341
10.590252
10.699489
10.881309
10.745051
10.643006
10.711328
10.760612
10.788650
10.562512
10.716887
10.705992
10.645150
10.649594
11.059489
10.765192
10.592190
10.998381
10.657341
10.709833
10.987552
10.761159
10.590736
10.489425
10.764916
10.886604
10.632191
10.636249
10.838285
10.813378
10.738980
10.911569
10.826219
10.643640
10.712539
10.664313
10.742498
10.648380
10.593365
10.674274
10.870535
10.389600
10.962654
10.749704
10.750567
10.923342
10.770176
10.564175
10.552991
10.779222
10.566839
10.834918
10.646175
10.531545
10.824200
10.518627
10.628447
10.608123
10.801079
10.501584
10.652790
10.627081
10.949256
10.742373
10.535128
10.938861
10.643953
10.588038
10.670290
10.713400
10.875437
10.645992
10.635304
10.728784
10.729870
10.442640
10.580492
10.752133
10.769151
10.610954
10.535462
10.706108
10.562690
10.608778
10.573997
10.606873
10.639657
10.643821
10.869534
10.750780
10.644368
10.681299
10.716286
10.683533
10.609013
10.527304
10.489061
10.567639
10.709128
10.650447
10.515877
10.656754
10.654816
10.760901
10.888667
10.740482
10.680762
10.593966
10.605804
10.751131
10.976898
10.585670
10.914899
10.650313
10.683299
10.576204
10.627652
10.729918
10.407211
10.577993
10.617026
10.776115
10.739342
10.714457
11.018190
10.621602
10.596087
10.608378
10.758721
10.921516
10.650833
10.742423
10.689191
10.753440
10.693327
10.757612
10.552978
10.673572
10.502668
10.679116
10.472961
11.092410
10.663815
10.544053
10.758652
10.631327
10.988765
10.648824
10.745078
10.657705
10.680071
10.681028
10.682378
10.995446
10.790328
10.755689
10.737013
10.617176
10.610244
10.751148
10.672161
10.547540
10.566812
10.804635
10.707294
10.545666
10.784547
10.876424
10.457673
10.790497
10.821957
10.880905
10.733525
10.921032
10.470770
10.943376
10.535721
10.709266
10.636979
10.688032
10.685647
10.950494
11.051185
10.598864
10.744041
10.599001
10.851642
10.857232
10.701161
10.510370
10.555406
10.579270
10.924837
11.355034
10.722656
10.793470
10.814498
10.734572
10.697056
10.967848
10.699493
10.629299
10.744821
10.981810
11.159875
10.637405
10.471081
10.700832
10.861278
10.792465
10.699571
10.517330
10.746772
11.100156
10.730342
10.797161
10.600007
10.866292
10.703483
10.497122
10.682891
10.675583
10.743313
10.474627
10.803413
10.772709
10.493705
11.021751
10.525644
10.760446
10.632405
10.564890
10.605105
10.825172
10.444804
10.843601
11.084206
10.742395
10.567282
10.634898
10.660423
10.789288
10.778446
10.566103
10.872421
10.762299
10.641059
10.667520
10.699333
10.715170
10.574144
10.679450
10.660557
10.607626
10.458003
10.697597
10.835011
10.545571
10.533636
11.005702
10.819091
10.695803
10.542498
10.613253
10.611756
10.711697
10.705250
10.663248
10.584258
10.738914
10.621526
10.857562
10.857161
10.735787
10.753666
10.582637
10.912263
10.426045
10.682226
11.320787
10.812810
10.619879
10.601081
10.630998
10.589817
10.853280
10.578306
10.765266
10.570470
10.681369
10.478012
10.618319
10.663692
10.641483
10.541993
10.743018
10.671565
10.588639
10.972882
10.666583
10.705408
10.757625
10.775755
10.626425
10.680005
10.685882
10.531765
10.837541
10.767242
10.834484
10.624586
10.947331
10.660328
10.846230
10.798722
10.907651
10.822304
10.550906
10.687248
10.761633
10.596734
10.729988
10.688260
10.580026
10.737327
10.830216
10.549997
10.537245
10.713198
10.603547
10.620888
10.867159
10.879120
10.825209
10.888772
10.678023
10.832549
10.893697
10.569471
10.608403
10.605085
10.487523
10.965123
10.647313
10.783690
10.556259
10.588138
10.689096
10.599748
10.415223
10.664554
10.608859
10.318302
10.772373
11.158641
10.659684
10.821519
10.416931
10.694877
10.627713
10.711428
10.891937
10.623283
10.740992
10.707554
10.832612
10.666515
10.598106
10.883472
10.621845
10.741021
10.806521
10.850315
10.734584
10.637032
10.787620
11.041465
10.880090
10.755475
10.722671
10.722831
10.557397
10.508265
10.966832
11.131328
10.590714
11.170603
10.577227
10.748315
10.731409
10.704978
10.853023
10.901919
10.734852
10.970952
10.717859
10.669666
10.568490
10.902918
10.744673
10.601658
10.703036
11.041615
10.666627
10.627894
10.594888
10.715519
10.846357
10.677536
10.600925
10.791727
10.635652
10.866674
10.842306
10.540799
10.896294
10.556163
10.852044
10.634569
10.602811
10.700423
10.747870
10.744466
10.573989
10.742703
10.608822
10.613306
10.614403
10.672273
10.788724
10.736591
10.628353
10.782094
10.662552
10.656951
10.633447
10.733381
10.632072
10.627423
10.678382
10.574625
10.550721
10.590246
10.630353
10.882460
10.975997
10.713702
11.032429
10.985988
10.887672
10.663667
11.091722
10.720644
10.953104
10.737426
10.785388
10.695315
10.805455
10.433842
10.776593
10.888140
10.764066
10.894277
10.678879
10.672040
10.666210
10.881890
10.518396
10.758417
10.834713
10.337371
10.683145
10.559332
10.892200
10.746280
10.755004
10.793356
10.765687
10.544275
10.571007
10.660912
10.708144
10.617083
10.736383
10.808209
10.724629
10.753636
10.471574
10.598488
10.720183
10.643830
10.751720
10.938849
10.557489
10.669557
10.615643
10.620807
10.829374
10.839175
10.835971
10.667223
10.674082
10.754926
10.733593
10.728577
10.768336
10.710375
10.611312
10.796808
10.733183
10.620526
10.614243
10.712120
10.824307
10.612653
10.769229
10.850183
10.856169
10.718008
11.046225
10.685169
10.896141
10.685395
10.599957
10.683636
10.754006
10.733474
10.909901
10.747848
10.751683
10.450484
10.843911
10.805875
10.637873
10.886775
10.865936
10.666400
10.857104
10.591041
10.672633
10.759181
10.601226
10.629767
10.636036
10.716777
10.775528
10.601193
10.744422
10.678825
10.704172
11.071788
10.739340
10.711505
10.468221
10.542489
10.541941
10.518217
12.189150
11.814661
10.667457
10.665828
10.716156
10.563431
10.879526
11.101241
10.891885
10.585569
10.598013
10.584449
10.552372
10.521963
10.619610
10.879461
10.779224
10.701271
10.678459
10.645175
10.797192
10.648843
11.018845
10.667171
10.467725
10.729598
10.625085
10.763374
10.953369
10.742243
10.709496
10.757724
10.774274
10.815156
10.492986
10.687198
10.796762
10.707875
10.744437
10.826597
10.698067
10.637944
10.729247
10.666658
10.798862
10.775321
10.685398
10.774683
10.739590
10.704649
10.496263
10.809641
10.823556
10.851548
10.685022
10.701589
10.547807
10.587671
10.797350
10.753188
10.537324
10.619649
10.566226
10.830799
10.597107
10.743054
10.534016
10.773061
10.698555
10.636430
10.643211
10.780809
10.838164
10.528977
10.711708
10.557600
10.707622
10.751443
10.697607
10.797952
11.250593
10.618905
10.624172
10.687761
10.661006
10.675103
10.712091
10.860016
10.546841
10.589732
10.767588
10.832680
10.659888
10.857324
10.773027
10.622574
10.659874
10.620251
10.535262
10.661868
10.485798
10.543227
10.751253
10.690609
10.646438
10.967656
10.597021
10.609780
11.098426
10.557948
10.668597
10.922653
10.715967
10.769515
10.682272
10.755841
10.723997
10.792063
10.601170
10.784495
10.559050
10.691209
10.481743
10.545382
10.763851
10.817737
10.566216
11.047614
10.810941
10.753312
10.563713
10.700734
10.728920
10.600640
10.904374
10.732138
10.932602
10.627449
10.691967
10.670598
10.887189
10.595014
10.775205
10.504803
10.755234
10.560571
10.741291
10.901139
10.643554
10.528058
10.674008
10.675094
10.856269
10.796034
10.700327
10.679645
10.684632
10.668234
10.558188
10.947728
10.583741
10.591217
10.666663
10.839781
10.535543
10.356583
10.586931
10.803192
10.557277
10.817254
10.621058
10.549363
10.702351
10.618726
10.637761
10.595336
10.763766
10.638556
10.973828
10.562722
11.167113
10.744366
10.680374
11.023759
10.722431
10.802839
10.711106
10.987830
10.639414
10.611421
10.984769
10.911973
10.605010
10.644388
10.652471
10.685623
10.658281
10.792241
10.611615
11.159037
10.772413
10.687247
10.375501
10.635773
10.538240
10.595243
10.866721
10.964309
10.579151
10.531212
10.422853
10.645996
10.603242
10.657814
10.595385
10.570473
10.724021
10.663880
10.718020
10.621460
10.450537
10.751995
10.584135
10.721756
10.854287
11.005052
10.671469
10.773300
10.627364
10.725891
10.762532
10.665513
10.667485
10.647997
10.946855
10.674521
10.582367
10.918322
10.579151
10.832753
10.705387
10.678096
10.794210
10.802527
10.569127
10.773607
10.818663
10.513056
10.704460
10.728761
10.705371
10.608495
10.658398
10.714638
10.601283
10.530041
10.566030
10.608400
10.903655
10.950927
10.968100
10.761947
10.648298
10.728703
10.735696
10.686163
10.723156
10.910827
10.643238
10.708515
11.034871
10.867424
10.714095
10.768438
10.685440
10.750078
10.833609
10.511966
10.778095
10.919254
10.622909
10.617729
10.918801
10.967300
10.802673
10.518481
10.705572
10.649980
10.663110
10.596966
10.680282
10.744980
10.570510
10.811304
10.890447
10.735273
10.940010
10.733393
10.780395
10.735221
10.644439
10.619920
10.548327
10.724065
10.639647
10.637206
10.817795
10.866180
10.607049
10.835079
10.731415
11.041136
10.662272
10.636353
10.747030
10.825018
10.771758
11.015453
10.677615
11.058465
10.643151
10.542697
10.690962
10.572900
10.727956
10.538803
10.725978
10.652799
10.610221
10.677926
10.749226
10.640884
10.697155
10.591438
10.579154
10.837173
10.639682
10.685031
10.671875
10.750591
10.685524
10.599860
10.684719
10.565305
10.602600
10.634643
10.845437
10.738077
10.795771
10.783884
10.538292
10.801315
10.606895
10.722585
10.714639
10.873192
10.622072
10.868147
10.524357
10.605427
10.700638
10.702947
10.558746
10.632526
10.567244
10.656855
10.895603
10.623777
10.602228
10.773978
10.549155
10.638112
10.753688
10.658222
10.723358
10.774506
10.692532
10.800734
10.854350
10.903161
10.848575
10.708335
10.794463
10.657701
10.800099
10.779450
10.577572
10.762949
10.740239
10.945681
10.744748
10.662278
10.698001
10.694219
11.223793
10.637622
10.629415
10.718756
10.790747
10.757973
10.642892
10.766255
10.564443
10.743745
10.775041
10.596389
10.692147
10.839702
10.957351
10.648416
10.825205
10.697062
10.582455
10.798212
10.948112
10.717943
10.593801
10.682370
10.790444
10.763226
10.755645
10.883071
10.855119
10.921454
10.704349
10.472009
10.518086
10.536640
10.825901
10.566553
10.540630
10.701894
10.981216
10.654299
10.565899
10.554971
10.848031
10.863790
10.766469
10.634995
10.581775
10.721143
10.714627
10.547153
10.815574
10.691332
10.506999
10.737002
10.482632
10.983260
10.845885
10.577057
10.663364
10.624945
10.811689
10.589623
10.428788
10.602607
10.865975
10.591104
10.568413
10.710880
10.804018
10.720004
11.091930
10.658246
10.555464
10.768720
10.614275
10.794225
10.557489
11.021304
10.632599
10.794414
10.774854
10.695605
10.789751
10.793981
10.824544
10.575385
10.795668
10.650620
10.646838
10.404579
10.772409
10.606582
10.625737
10.818141
10.956587
10.704545
10.600427
10.532510
10.660720
10.580673
10.651355
10.909141
11.044487
10.497512
10.895396
10.842169
10.720051
10.523718
10.754917
10.676658
10.393326
10.638234
10.837275
10.670702
10.592143
10.799859
10.674108
10.917078
10.738309
10.687311
10.669782
10.680596
10.718202
10.752828
10.656853
10.669755
10.417438
10.760729
10.718474
10.774918
10.756828
10.510207
10.752112
10.821239
10.589017
10.502584
10.823476
10.598503
11.055886
10.576844
10.797410
10.530813
10.791950
10.704186
10.787404
10.639259
10.326874
10.466345
10.949893
10.703154
10.671675
10.498991
10.652385
10.421925
10.928027
10.561096
10.808326
10.747989
10.897443
10.602309
10.761148
10.627099
10.741990
10.619849
10.891482
10.730123
10.619366
10.568494
10.724277
10.745944
10.733898
10.836191
10.607670
10.849477
10.647070
10.752636
10.776379
10.718638
10.708207
11.057664
10.477268
10.762635
10.684542
10.727960
10.855858
10.627689
10.610446
10.678985
10.513846
10.558681
10.642571
10.580944
10.733559
10.742858
10.570289
10.947608
10.754273
10.617061
10.626839
10.761331
10.738785
10.627790
10.663984
11.029087
10.760395
10.737096
10.561650
10.639279
10.906037
10.824609
10.750658
10.704876
10.871877
10.638916
11.019964
10.636087
10.618908
10.704012
11.015605
10.871074
10.613030
10.617625
10.798759
10.582891
10.597610
10.561349
10.687280
10.917362
10.642145
10.658569
10.567252
10.639200
10.893555
10.847365
10.681743
10.635509
10.685939
10.722424
10.772200
10.925794
10.755362
10.849863
10.840526
10.541839
10.619157
10.846583
10.545929
10.630990
10.808117
10.668560
10.719914
10.657395
10.699899
10.832515
10.939475
10.687944
10.715468
10.764628
10.628281
10.854539
10.736315
10.506612
10.590387
10.617040
10.773560
10.647183
10.849929
10.892344
10.633731
10.468352
10.794516
10.629420
10.706035
10.644730
10.472782
10.795786
10.712687
10.649145
10.702127
10.746246
10.738679
11.014893
10.620630
10.725770
10.809274
10.655105
10.788346
10.688125
10.501727
10.711031
10.757816
10.666334
10.572651
10.689448
10.559441
10.874702
10.583397
10.598600
10.836519
10.809327
10.653961
10.788361
10.603490
10.714987
10.524281
10.675537
10.629846
10.817648
10.753596
10.682506
10.821242
10.705639
10.909277
10.550606
10.649716
10.713941
10.714072
10.787702
10.560081
10.697477
10.726024
10.645187
10.929060
10.651992
10.674162
10.906628
10.744471
10.968397
10.614090
10.668732
10.807279
10.868847
10.631698
10.667232
10.668840
10.846644
10.643343
10.758026
10.788732
10.695457
10.903299
10.667689
10.678177
10.656237
10.675832
10.588903
10.534735
10.723684
10.545687
10.592347
10.582482
10.864904
10.919957
10.793354
10.614242
10.605078
10.634410
10.731951
10.639645
10.564482
10.709545
10.671995
10.660987
10.995302
10.472143
10.753059
10.726069
10.774915
10.777685
10.747127
10.825951
10.657556
10.788584
10.777722
10.623635
10.832030
10.626888
10.550636
10.620277
11.085419
10.717454
10.793191
10.721863
10.635364
10.634135
10.691888
10.536054
10.779576
10.815464
10.596694
10.628115
10.476482
10.534609
10.722969
10.761160
10.529705
10.588661
10.711542
10.564713
10.620984
10.726310
10.605152
10.594289
10.664929
10.777513
10.645577
10.925732
10.859683
10.494162
10.705127
10.811211
10.649082
10.686077
10.606794
10.631537
10.701237
10.751086
10.552917
10.686842
10.557078
10.622231
10.642005
10.894493
10.597118
10.439411
10.750967
10.666614
10.717481
10.883719
10.698252
10.857063
10.684905
10.894351
10.502663
10.686479
10.730955
10.833025
10.660049
10.924039
10.542331
10.852686
10.421658
10.743626
10.599778
10.670528
10.753090
10.669094
10.597762
10.792922
10.698871
10.468068
10.625409
10.760076
10.873985
10.651834
10.562536
10.515228
10.753325
10.579924
10.696288
10.813310
10.742012
10.715854
10.526537
10.775502
10.796832
10.806514
10.642351
10.706427
10.936763
10.521314
10.748647
10.795624
10.706906
10.967428
10.799005
10.936968
10.452034
10.729699
10.567450
10.729706
10.513859
10.983944
10.626655
10.713758
10.708188
10.815433
10.537517
10.676905
10.603966
10.586916
10.884796
10.939414
11.017820
10.603801
10.543843
10.613156
10.624918
10.498491
10.640451
10.484677
10.704717
10.767494
10.908301
10.848961
10.931434
10.732087
10.394865
10.569730
10.735906
10.618705
10.666753
10.677885
10.755597
11.162802
10.601660
10.714068
10.816640
10.689475
10.508954
10.661003
10.626329
10.449820
10.805536
10.674166
10.681902
10.719890
10.700168
10.676596
10.717621
10.498290
10.737893
10.697141
10.636363
10.624609
10.830517
10.584919
10.547689
10.547803
10.755029
10.949834
10.606119
10.639185
10.933429
10.580712
10.744956
10.642457
10.451756
10.650182
10.713533
10.480694
10.907496
10.817949
10.713870
10.855360
10.602189
10.619655
11.017590
10.786561
10.773527
10.896651
10.965915
10.581260
10.611076
10.646533
10.647071
10.726073
10.688992
10.606805
10.850845
10.710200
10.939012
10.532939
10.730086
10.796139
10.675681
10.946534
10.530293
10.589468
10.620340
10.782221
10.865611
10.713599
10.712341
10.610322
10.677138
10.800985
10.773517
10.858246
11.002830
10.679487
10.657731
10.726045
10.516588
10.850649
10.757462
10.575007
10.688872
10.650351
10.674821
10.467482
10.857562
10.601229
10.619740
10.719908
10.541035
10.664998
10.652587
10.548075
10.681151
10.788371
10.732326
10.539547
10.721237
10.678314
10.656003
10.974773
10.440447
10.731228
10.654395
10.622871
10.797256
10.599407
10.638876
10.595722
10.527840
10.794390
10.607315
10.693538
10.553436
10.845800
10.630933
10.681264
10.760579
10.458141
10.474679
11.042383
10.665044
10.652501
10.660404
10.771223
10.841064
10.510439
10.522185
10.829512
10.699859
10.683520
10.982479
10.851263
10.729673
10.855560
10.651443
10.748297
10.663151
10.886508
10.620917
10.629132
11.710233
10.760918
11.086301
12.313343
11.144592
10.576472
10.725391
10.767476
10.814914
10.531057
10.875822
10.583300
10.810859
11.036240
10.596550
10.884557
10.629548
10.828817
10.548942
10.615535
10.663040
10.840343
10.651083
10.768203
10.697428
10.518398
10.557674
10.990002
10.658504
10.651104
10.729736
10.806537
10.497544
10.465413
10.732790
10.748917
10.669100
10.733167
10.692469
10.693671
10.391361
10.709155
10.891539
10.743013
10.800645
10.718837
10.585966
10.577104
10.698719
10.653842
10.707536
10.816051
10.680705
10.722658
10.782944
11.036179
11.062663
10.570407
10.678962
10.697993
10.749589
10.808892
10.912209
10.704242
11.246014
10.635312
10.602168
10.659927
10.694931
10.787535
10.810780
10.739027
10.632451
10.872828
10.763746
10.960200
10.767317
10.551293
10.858827
10.578737
10.834747
10.763205
10.747577
10.968729
10.442069
10.623066
10.864064
10.689273
10.727771
10.783453
10.551579
10.437332
10.638936
10.549813
10.622781
10.806119
10.768050
10.914701
10.723844
10.593344
10.670012
10.655013
10.856782
11.231098
10.548548
10.703395
10.592148
10.920595
10.601595
11.174516
10.641725
10.834011
10.563214
10.876699
10.715669
10.479099
10.811806
10.973064
10.659730
10.714565
10.778090
10.873823
10.724721
10.626545
10.803256
11.299904
10.680947
10.625931
10.825027
10.809920
10.658748
10.830684
10.672046
10.600931
10.733971
10.631801
10.595602
10.621614
10.668886
10.909919
10.676762
10.715216
10.627410
10.796672
10.709945
10.659889
10.918868
10.893164
10.799106
10.614583
10.762036
10.691984
10.632441
10.676786
10.646974
10.696567
10.472123
10.624549
10.681041
10.785203
10.741923
10.607261
10.914410
10.583900
10.612373
10.554959
10.943397
10.502115
10.830293
10.511680
10.724810
10.858721
10.539229
10.585113
10.677637
10.751285
10.572338
10.933987
10.613161
10.453944
10.546139
10.664984
10.655495
10.955595
10.613483
10.638845
10.684225
10.681902
10.685565
10.812383
10.835710
10.598585
10.801094
10.800786
10.536374
10.647442
10.791526
10.636060
10.821427
10.599788
11.147664
10.622468
10.624937
10.673912
10.510893
10.683553
10.583891
10.675383
10.641140
10.934067
10.786858
10.766850
10.686535
10.626661
10.630602
10.655295
10.684342
10.525694
10.840505
10.588502
10.681279
10.922939
10.606981
10.563918
11.049918
10.529664
10.498981
10.511718
10.776951
10.829410
10.768151
10.778565
10.817230
10.553346
10.526269
10.804288
10.936962
10.635875
10.610675
10.718117
10.538030
10.481449
10.695594
10.671714
10.632401
10.696754
10.697378
10.771225
10.823532
10.487472
10.703590
10.512505
10.581866
10.532479
10.777751
10.767348
10.728942
10.587672
10.790872
10.985490
10.864110
10.590060
10.576889
10.571456
10.905700
10.536638
10.961570
10.579753
10.536998
10.725734
10.680429
10.646767
10.565533
10.835671
10.865623
10.426706
10.547179
10.627313
10.580372
10.759174
10.583034
10.540765
10.693090
10.508208
10.791879
10.760137
10.718829
10.673254
10.697409
10.638714
10.730738
10.841696
10.824550
10.595842
10.645773
10.517235
10.602793
10.676770
10.897158
10.550544
11.013546
10.614984
10.551619
10.788312
10.584953
10.653191
10.910448
10.756246
10.804147
10.523050
10.506089
10.582827
10.673001
10.785923
10.720771
10.660430
10.682512
10.620492
10.582400
10.604462
10.817175
11.036306
10.449964
10.626209
10.827168
10.756603
10.467454
10.635263
10.719377
10.483231
10.713748
10.751496
10.600750
10.658106
10.757136
10.924255
10.470385
10.998305
10.643046
10.682620
10.884410
10.515096
10.885927
10.646187
10.663554
10.582394
10.408335
10.724045
10.773672
10.887388
10.679450
10.662090
10.882075
10.630309
10.526641
10.768018
10.781162
10.842595
10.988825
10.771972
10.614521
10.640326
10.554268
10.852422
10.744967
10.614312
10.738102
10.515676
10.752053
10.664007
10.827730
10.692002
10.774126
10.697220
10.630435
10.879219
10.932054
10.559798
10.651433
10.572669
10.582165
10.783886
10.625153
10.789811
10.621474
10.741641
10.453842
11.020055
10.707084
10.595075
10.700354
10.616323
10.466406
10.634413
10.531204
10.793472
10.476882
10.679674
10.886615
10.635786
10.955402
10.805334
10.940922
10.891131
10.990881
10.742681
10.561163
10.867077
10.703086
10.562287
10.866331
10.743889
10.692143
10.549166
10.746435
10.738340
10.747323
10.558094
10.514568
10.834338
10.614524
10.783860
10.632150
10.840258
10.773899
10.789974
10.742668
10.732527
10.924871
10.729473
10.620998
10.714145
10.880423
10.587673
10.617504
10.631124
11.051718
10.706592
10.811880
10.642330
10.863453
11.157662
10.495301
10.613530
10.555506
10.786464
11.072921
11.119169
10.636509
10.742935
10.496329
10.972225
10.625105
10.748194
10.800055
10.679732
10.803767
10.828605
10.718828
10.698693
10.708724
10.856740
10.709844
10.959022
10.439263
10.628980
10.681709
10.850713
10.741674
10.568451
10.561489
10.669787
10.577095
10.627457
10.891661
10.737999
10.631710
10.677177
10.793489
10.785850
10.737228
10.698018
10.882872
10.537541
10.742424
10.573477
10.847094
10.750621
10.933123
10.598660
10.969215
10.634313
10.636357
10.643189
10.626384
10.804230
10.468187
10.543624
10.995660
10.929915
10.525295
10.339178
10.730770
10.691461
10.653746
10.644133
10.860525
10.779863
10.854858
10.902082
11.005116
10.705073
10.724673
10.750759
10.703285
10.580859
11.002540
10.888714
10.537907
10.699729
10.661926
10.836952
10.769408
10.872331
10.699542
10.657842
10.901641
10.745045
10.891337
10.721303
10.714325
10.746795
10.905039
10.687105
10.930526
10.882251
10.855769
10.867491
10.665100
10.870850
10.815589
10.880178
10.824630
10.628334
10.771655
10.735898
10.859483
10.533181
10.630832
10.680005
10.883878
10.667932
10.552407
10.609349
10.705061
10.816160
11.172300
10.799072
10.729394
10.739041
10.491442
10.704353
10.629283
10.741748
10.637900
10.833676
10.605549
10.827364
10.681331
10.685781
10.694166
10.707553
10.991297
10.380447
10.758754
10.668492
10.795947
10.827886
10.608715
10.691035
10.720982
10.862509
10.864209
10.690339
10.586716
10.754598
10.728511
10.650718
10.912858
10.568685
10.735653
10.720776
10.398118
10.576623
10.861470
10.829184
11.033424
10.590838
10.760736
10.583219
10.552486
10.653349
10.506257
10.683805
10.818399
10.751609
10.772758
10.763059
10.811670
10.705312
10.790179
10.668606
10.852494
10.471216
10.674663
10.545879
11.007628
10.600960
10.794415
10.598377
10.445029
10.669606
10.637110
10.439035
10.652881
10.680685
10.733575
10.715639
10.649174
10.580392
10.726058
10.520877
10.866999
10.795762
10.678226
10.665285
10.468994
10.744337
10.701645
10.597958
11.121708
10.832695
10.525806
10.680591
10.553357
10.647255
10.594835
10.798287
10.695790
10.730415
10.558180
10.727867
10.994652
10.849928
10.564214
10.766350
10.658613
10.720354
10.630097
10.541069
10.783349
10.487928
10.568598
10.527089
10.566912
10.864867
10.895523
10.668707
10.609635
11.067834
10.521030
10.539416
10.843336
10.754100
10.581365
11.053500
10.985690
10.703714
10.626641
10.691302
10.547669
10.837648
10.698562
10.519147
10.558497
10.601096
10.921295
10.667172
10.650527
10.906857
10.685923
10.861174
10.589330
10.625631
10.620912
10.903135
10.772762
10.774110
10.718424
10.502290
10.730366
10.631387
10.556480
10.906378
10.831423
10.759923
10.803021
10.792041
10.674349
10.819747
10.887836
11.131094
10.513820
10.568427
10.525704
10.704607
10.767888
10.638824
10.836295
10.670647
10.972839
10.776590
10.695666
10.603159
10.863484
10.733010
10.737791
10.928115
10.647767
10.596418
10.667126
10.374160
10.597241
10.700041
10.649581
10.626598
10.661788
10.892326
10.767833
10.841396
10.678584
10.647472
10.575024
10.663518
10.940840
10.698572
10.610521
10.649589
10.594601
10.512378
10.626472
10.869178
10.929277
10.647055
10.665848
10.702873
10.699260
10.470298
10.902374
10.672329
10.469000
10.892572
10.607003
10.727727
10.536967
10.673951
10.622952
10.668588
10.714512
10.627445
10.852696
10.873843
10.549938
10.613389
10.923693
10.707973
10.674058
10.519929
10.710525
10.419011
10.659594
10.725131
10.707909
10.726107
10.681868
10.485614
10.643039
10.663618
10.685504
10.657411
10.639919
10.792546
10.857391
10.502033
10.612536
10.649075
10.602613
10.753314
10.986161
10.561834
10.620619
10.637163
10.753846
10.718602
10.629136
10.530343
10.640240
10.732955
10.649317
10.699247
10.726721
10.607380
10.572123
10.538769
10.678490
10.567086
10.718405
10.840274
10.484362
10.604363
10.800729
10.616050
10.609022
10.885781
10.860018
10.406711
10.586702
10.723462
10.579514
10.826740
10.772730
10.505780
10.873891
10.927307
10.833952
10.821663
10.811594
10.583680
10.546707
10.835776
10.989980
10.807169
10.895528
11.007152
10.869024
10.685528
10.685996
10.758859
10.685180
10.749370
10.668189
10.691764
10.821633
10.744894
10.621856
10.745320
10.731841
10.931033
10.810879
10.881420
10.577215
11.056131
10.695595
10.796318
10.332989
10.551746
10.569380
11.187745
10.649737
10.739459
11.556772
10.644393
10.577803
10.575054
10.790202
10.762317
10.795051
10.634589
10.764172
11.015038
10.766394
10.677459
10.745323
10.848510
10.739423
10.886796
10.811691
10.706748
10.785456
10.726160
10.472653
10.719108
10.896984
10.823203
10.808271
10.815961
10.759620
10.648630
10.800202
10.675540
10.718810
10.698833
10.635827
10.900634
10.573097
10.704428
10.666244
10.822640
10.819986
10.686136
10.835325
10.587463
10.880267
10.689640
10.557028
10.525932
11.098852
10.624490
10.625370
10.809044
11.010342
10.712152
10.535150
10.670826
10.648990
10.696027
10.901780
11.081750
10.659294
10.894260
10.697109
10.805211
10.603760
12.214735
10.802957
10.994267
10.693455
10.789172
10.694109
10.640207
10.630570
10.637352
10.692590
10.836602
10.681693
10.530449
10.541080
10.800801
10.917948
10.888062
10.872682
10.650861
10.664636
10.633607
10.530164
10.757538
10.873253
10.689015
10.608083
10.396412
10.681231
10.755794
10.787855
11.011543
10.825549
10.637407
10.829485
10.747816
10.684587
10.682343
10.697447
10.649416
10.671903
11.002339
10.848883
10.746456
10.499581
10.710105
10.782805
10.841442
10.595416
10.489278
10.477547
10.873671
10.610076
10.883217
10.750095
10.580252
10.680388
10.636175
10.756063
10.805496
10.650555
10.678022
10.728656
10.827343
10.674484
10.670042
10.657490
10.489366
10.613636
10.633228
10.596155
10.713597
10.652035
10.488090
10.617194
10.820407
10.581537
11.014777
10.825011
10.535769
10.636757
10.708429
10.938168
10.595095
10.626440
10.755454
10.779096
10.781932
11.006678
10.704897
10.714881
10.859367
10.709005
10.524367
10.651240
10.606538
10.517119
10.458130
10.863391
10.642403
10.531508
10.683682
10.588323
10.497157
10.528163
10.809500
10.649438
10.586102
10.715282
10.716653
10.650728
10.859734
10.757503
10.679816
10.626874
10.817771
10.687877
10.764437
10.772726
10.824683
10.917217
10.384541
10.552814
10.679272
10.574732
10.614451
10.939227
10.871950
10.706140
10.836787
10.784003
10.884387
10.800154
10.761088
10.589153
10.641398
10.633393
10.654925
10.844469
10.570671
10.582835
10.516086
10.969606
10.781707
10.692137
10.858332
10.749155
10.556129
10.512375
10.609870
10.710683
10.889701
10.441061
10.886510
10.785269
10.805247
10.769982
10.646906
10.848608
10.664916
10.594659
10.717845
10.607237
10.601864
10.731800
10.731808
10.783061
10.812831
10.702799
10.622789
10.615502
10.938207
10.747931
10.527754
10.623494
10.710234
10.798876
10.652455
10.621839
10.479123
10.699528
10.592965
10.772159
10.682380
10.500311
10.586298
10.616811
10.951745
10.853364
10.724894
10.357812
10.733692
10.640766
10.683039
10.607492
10.681093
10.921972
10.792588
10.697209
10.801544
10.851794
10.877696
10.653928
10.729811
10.728666
10.555304
10.563224
10.409109
10.645268
10.525094
10.672449
10.605469
10.676499
10.656424
10.593651
10.733792
10.668683
10.583912
10.748874
10.464856
10.736280
10.619630
10.543691
10.528787
10.585300
10.710243
10.585504
10.671850
10.707831
10.603477
10.831481
10.774692
10.699221
10.563670
10.859128
10.604075
10.730014
10.802360
10.647083
10.709068
10.714841
10.709727
10.544137
10.645838
10.830040
10.580409
10.687244
10.825638
10.894012
10.803963
10.603188
10.653265
10.646991
10.807774
10.736418
10.695396
10.664520
10.859936
10.512236
10.642663
10.773015
10.737788
10.713174
10.828617
10.720191
10.730334
10.830461
11.050177
10.709038
10.664944
10.644339
11.103403
10.762637
10.806982
10.694671
10.503432
10.900272
10.726460
10.565512
10.689587
10.502193
10.700251
10.914714
10.694120
10.814611
10.634523
10.523185
10.753921
10.819189
10.509017
10.640357
10.673026
10.562478
10.647063
10.752712
10.771323
10.901407
10.883371
10.720249
10.750843
10.661075
10.300395
10.413316
10.841270
10.356681
10.858333
10.941814
10.777121
10.460469
10.700592
10.861453
10.725968
11.043920
10.608261
10.568586
10.558014
10.556715
10.692692
10.772793
10.650364
10.657228
10.769014
10.711482
10.849983
10.684091
10.498206
11.023889
10.692657
10.717822
10.590849
10.611234
10.671073
11.104399
10.780431
10.554829
10.701316
10.618164
10.707101
10.720693
10.691124
10.624884
10.718716
10.941471
10.569363
11.276463
11.055087
10.578878
10.507242
10.765026
10.666627
10.605805
10.665036
10.637220
10.540215
10.721101
10.945918
10.630439
10.759537
10.769651
10.978804
10.722445
10.900873
10.763787
10.855462
10.606317
10.722792
10.644444
11.001848
10.891042
10.497593
10.667066
10.586410
10.579083
10.618337
10.794327
10.745554
10.922421
10.786990
10.636024
10.640718
10.955399
10.731009
10.754344
10.786983
11.666665
11.523924
12.318914
10.693290
10.612483
10.698935
10.620134
10.980714
10.658754
10.595602
10.718096
10.690004
10.764078
10.614565
10.711096
10.726742
10.596283
10.902989
10.594627
10.813314
10.693343
10.631180
10.883185
10.662909
10.665341
10.630991
10.575472
10.557265
10.714116
10.606842
10.509419
10.547690
10.554852
10.968621
10.675274
10.723734
10.742509
10.746533
10.646776
10.750221
10.799364
10.644553
10.633854
10.536955
11.053064
10.749383
10.545631
10.518796
10.708470
10.825962
10.472215
10.550407
11.125036
10.687523
10.693373
10.696655
10.740626
10.632735
10.723951
10.771985
10.610438
10.783335
10.751939
10.903433
10.578752
10.681460
10.572295
10.723696
10.920956
10.718301
10.834581
10.673951
10.680247
10.589379
10.869418
10.693652
10.813963
10.666679
10.651633
10.631801
10.430021
11.008112
10.682451
10.524508
10.699072
10.566873
10.540033
10.567263
10.705479
10.757400
10.603254
10.690440
10.598822
10.674919
10.804978
10.702084
10.626771
10.677155
10.645080
10.610130
10.663323
10.774128
10.746004
10.924883
10.877627
10.722412
10.504767
10.771057
10.700669
10.622781
10.631826
10.740949
10.713508
10.567985
11.046448
10.571104
10.752351
10.674704
10.506921
10.999018
10.699000
10.572365
10.934850
10.750255
10.557210
10.724413
10.560131
10.621160
10.706457
10.636653
10.640790
10.461281
10.508142
10.671523
10.697585
10.707475
10.611996
10.758558
10.749768
10.673469
10.780905
10.504056
11.006224
11.117897
10.373282
10.562997
10.803724
10.678642
11.085728
10.870475
10.644549
10.907359
10.994880
10.728725
10.661694
10.683848
10.946632
10.579234
10.646332
10.662807
10.474867
10.581671
10.729363
10.784396
10.750842
10.775175
10.641464
10.608299
10.675843
10.641396
10.924648
10.493869
10.814473
10.642287
10.779375
10.649272
10.834229
10.604469
10.883363
11.054281
10.721076
10.783970
10.702560
11.115529
10.595610
10.627245
11.026399
10.690747
10.621531
10.951360
10.639977
10.644825
10.631611
10.778141
10.806658
10.725424
10.570038
10.631146
10.605492
10.619985
10.829557
10.869683
10.647392
10.733870
10.579021
10.533558
10.751758
10.648127
10.602015
10.784525
10.559283
10.649128
10.495937
11.031941
10.615969
10.821229
10.553106
10.545539
10.690534
10.821498
10.691942
11.074630
10.695849
10.707580
10.771015
10.676296
10.637735
10.623882
10.674837
10.487121
10.401012
10.726713
10.929787
10.738956
10.710566
10.682787
10.731898
10.833361
10.757748
10.777038
10.639292
10.623182
10.656614
10.827875
10.686715
10.628236
10.657908
10.655703
10.627638
10.893186
10.559173
10.836110
10.934039
10.773877
10.615191
10.898098
10.646857
10.446121
10.649619
10.860532
10.467314
10.681031
10.897103
10.633551
10.744532
10.592353
10.689735
10.709543
10.503682
10.610245
10.651480
10.726092
10.685840
10.475251
10.653609
10.736549
10.636290
10.577724
10.763667
10.564526
10.725607
10.446550
10.699557
10.629317
10.650758
10.758384
10.542909
10.650856
11.050078
10.734025
10.674313
10.868522
10.531495
10.952270
10.588937
11.053360
10.642113
10.775994
10.579291
10.715342
10.988040
10.734092
10.570227
10.631107
10.661802
10.669758
10.908793
10.983036
10.540343
10.579340
10.728011
10.841844
10.660787
10.756768
10.822567
10.654001
10.411935
10.698308
10.685564
10.786396
10.627242
11.069322
10.987193
10.879768
10.957046
10.642232
11.115599
10.759764
10.769943
10.697588
10.637751
10.795263
10.718686
10.424827
10.643682
10.957706
10.828419
10.705853
10.887186
10.821688
10.918379
10.624667
10.495269
10.759080
10.960975
10.735601
10.655852
10.807248
10.561857
10.731092
10.840203
10.605862
10.604520
10.590555
10.738180
10.607979
10.649697
10.785844
10.628366
10.705273
10.783355
10.591754
10.795522
10.662138
12.285110
10.548675
10.848739
10.881687
10.675559
10.725813
10.851264
10.614315
11.007193
10.985517
10.815828
10.512383
10.608386
10.873152
10.680517
10.876818
10.610436
10.771477
10.960162
10.796163
10.605177
10.606417
10.619883
10.788702
10.608685
10.874274
10.922596
10.848128
10.675945
10.894985
10.868309
10.690816
10.685050
10.570594
10.629564
11.244095
10.750401
10.752609
10.600197
10.561947
10.678436
10.816064
10.720669
10.709246
10.900539
10.822263
10.477211
10.821097
10.672214
10.757499
10.535050
10.734281
10.770192
10.920562
10.757228
10.531972
11.083780
10.763331
10.469733
10.631559
10.819198
10.565066
10.795757
10.840339
11.093755
10.857677
10.758704
11.054774
10.797444
10.544269
10.822595
10.633339
10.615765
10.467842
10.956020
10.930072
11.127189
10.762935
10.650920
10.702354
10.868437
10.769148
10.738653
10.696372
10.863653
10.594723
10.646171
10.587359
10.573122
10.665085
10.582789
10.538842
10.597001
10.760674
10.603924
10.745279
10.809306
10.768235
10.689632
10.643481
10.562804
10.902133
10.650812
10.844014
10.631769
10.867565
10.527154
10.769003
10.754850
10.714929
11.041230
10.652821
10.944299
10.622081
10.567765
10.639154
10.852250
10.473505
10.888565
10.733228
10.706035
10.541976
10.719567
10.866329
10.422465
10.657293
10.672666
10.727830
10.803763
10.643110
10.796404
10.813576
10.643657
10.617239
10.568488
10.762805
10.805506
10.545423
10.713134
10.615931
11.036605
10.621945
10.533737
10.693355
10.687568
10.877401
10.834705
10.734511
10.754442
10.827774
10.449451
10.766172
10.690857
10.556311
10.279416
10.796462
10.618738
10.698368
10.597078
10.578405
10.357591
10.656698
10.512584
10.792115
10.853552
10.729013
10.673525
10.668012
10.607436
10.651343
10.734151
10.713999
11.055765
11.016826
10.573640
10.594979
10.732727
10.620692
10.724551
10.829686
10.530498
10.451948
10.723545
11.047600
10.709399
10.616199
10.451564
10.635697
10.898216
10.612355
10.802620
10.617905
10.613990
10.538318
10.804374
10.622816
10.603789
10.617835
10.659931
10.447116
10.757911
10.867955
10.909881
10.388016
10.630966
10.750165
11.065550
10.886203
10.611483
10.781710
10.602304
10.776762
10.665634
10.687852
10.684419
10.568676
10.815846
10.752187
10.560150
10.610905
11.016229
10.803169
10.560532
10.908996
10.679582
10.908219
10.734664
10.883458
11.039450
10.925879
10.740975
10.716466
10.780513
10.885372
11.121973
10.570628
11.055420
10.899822
10.721054
10.735372
10.950633
10.890476
10.637384
10.808941
10.742226
10.744486
10.738070
10.584660
10.654151
10.471205
10.823982
10.545830
10.583540
10.633577
10.562389
10.685172
10.745076
10.600429
10.570509
10.693584
10.584580
10.673265
11.034213
10.810181
10.460678
10.507129
10.664869
10.593466
10.791836
11.075167
10.815004
10.683415
10.704136
10.519568
10.736556
10.730316
10.791035
10.811523
10.856915
10.621249
10.604342
10.789796
11.051133
10.653181
10.651945
10.644314
10.599985
10.642617
10.615698
10.762919
10.825789
10.957444
10.583657
10.789857
10.672217
10.727478
10.661071
10.554064
10.697905
10.729292
10.511101
10.784858
10.798223
10.680936
10.626807
11.026380
10.712478
10.999447
10.576186
10.740109
10.709646
10.733806
10.630086
10.943262
10.602063
10.721145
10.728034
10.751973
10.571008
10.737074
10.618429
10.961863
10.956259
10.694377
10.643028
10.767623
10.761042
10.569589
10.582596
10.611174
10.664613
10.727328
10.854745
10.610251
10.701627
10.874821
10.808128
10.849700
10.669955
10.613821
10.809966
10.784455
10.724478
10.837331
10.614177
10.534128
10.692431
10.625034
10.683798
10.900680
10.789993
10.823300
10.786912
10.509345
10.604287
10.620897
10.820452
10.597896
11.136868
10.633469
10.792699
10.875272
10.729542
10.829000
10.630643
10.762407
10.733650
10.599078
10.578472
10.638183
10.605571
10.896743
10.796458
10.631267
10.661714
10.624792
10.595020
10.691314
10.872049
10.826288
10.532022
10.750267
10.897312
10.727475
10.625682
10.819633
10.754041
10.580505
10.831562
10.845590
10.729538
10.794947
10.882483
10.879895
10.697473
10.576093
10.589917
10.779187
10.711738
10.836692
10.838313
10.677410
10.945140
10.648523
11.015606
10.613059
10.715087
10.782016
10.537465
10.645029
10.759107
10.513772
10.510153
10.663375
10.809452
10.793643
10.614485
10.937937
10.630478
10.701097
10.703831
10.620154
10.786444
10.840656
10.643505
10.506483
10.757830
10.674170
10.825292
10.617500
10.747734
10.708420
10.675690
10.750690
10.823024
10.611119
10.752724
10.804282
10.666004
10.545945
10.494224
10.461689
11.093450
10.810819
10.775460
10.620532
10.665862
10.591584
11.029456
10.761762
10.620587
11.136833
10.873924
10.834481
10.829266
10.628623
10.796994
10.738760
10.829857
10.726047
10.733176
10.699835
10.612851
10.769973
10.844061
10.686890
10.576120
10.556323
10.573960
10.667025
10.701627
10.676439
10.523007
10.736444
10.604844
10.629707
10.592263
10.693457
10.956592
10.657404
11.000572
10.640680
10.670319
10.744118
10.633862
10.701767
10.714242
10.815371
10.693337
10.895276
10.716812
10.459101
10.727905
10.727154
10.766212
10.460300
10.660255
10.727547
10.905514
10.679080
10.760556
10.788042
10.911795
10.695759
10.602828
10.733371
10.668339
10.649432
10.575456
10.742379
10.748991
10.556432
10.560851
10.712132
11.051199
10.743167
10.849374
10.719761
10.632015
10.556410
10.661443
10.556981
10.680641
10.621498
10.761239
10.675982
10.800124
10.781544
10.930019
10.875198
10.806132
10.580957
10.583387
10.728836
10.584529
10.716532
10.610872
10.910825
10.650245
10.553403
10.718946
10.721566
10.680356
10.551065
10.747069
11.031522
10.810060
10.484314
10.569059
10.611602
10.805392
10.862549
11.180129
10.515183
10.626059
10.716059
10.973874
10.783995
10.600691
10.774735
10.542892
10.519030
10.807916
11.057321
10.695290
10.625639
10.675571
10.646343
10.832828
10.671517
10.500054
10.944507
10.709785
10.621000
10.675668
10.688357
10.725275
10.695540
10.899656
10.682837
10.811164
10.741292
10.672480
10.540436
10.677326
10.695787
10.685935
10.714009
10.650472
10.591150
10.829633
10.489652
10.599172
10.579561
10.862193
10.547118
10.971007
10.720023
10.652739
10.547931
10.730216
10.701959
10.743122
10.944957
10.712506
10.693931
10.569209
10.849105
10.877387
10.605731
10.465810
10.731966
10.595460
10.618178
10.615454
10.795385
10.649901
10.544600
10.779911
10.511204
10.686064
10.727893
10.364754
10.732030
10.588095
10.793648
10.678478
10.715839
10.485493
11.139341
10.515230
10.659096
10.742998
10.472826
10.814231
10.907449
10.552703
10.834059
10.788420
10.853136
10.999516
10.691169
10.679029
10.765397
10.969877
10.768342
10.507165
10.715157
10.340140
10.617959
10.855590
10.634383
10.670310
10.595903
10.586150
10.535627
10.584163
10.794305
10.743799
10.712603
10.846050
10.591617
10.677933
10.948248
10.750554
10.593223
10.977501
10.712353
10.605120
10.679483
10.631581
10.658610
10.769113
10.762285
10.758899
10.779526
10.548141
10.564222
10.603946
10.749000
10.583002
10.608369
10.533328
10.663587
10.703327
10.696363
10.780542
10.597153
10.546415
11.237297
10.716167
10.604741
10.576827
10.817568
10.649825
10.497967
10.843577
10.704595
10.701482
10.522236
10.743583
10.595767
10.742399
10.753805
10.599758
10.825395
10.439915
10.615188
10.569492
10.724315
10.613705
10.608256
10.613678
10.798408
10.644573
10.599180
10.716054
10.576747
10.726317
10.507140
10.829645
10.797574
10.626953
10.683350
10.579589
10.641974
10.622040
10.641539
10.689008
10.649655
10.687512
10.632164
10.585773
10.797917
10.664703
10.674522
10.638974
11.064884
10.742037
10.959586
10.722903
10.758238
10.712352
10.550266
10.826021
10.591642
10.887763
10.785394
10.725116
10.565233
10.649464
10.531234
10.464312
10.649328
10.705827
11.026001
10.878855
10.777300
10.634338
10.507991
10.892239
10.481292
10.580071
10.624716
10.508312
10.889904
10.654814
10.726386
10.882388
10.683023
10.734170
10.983045
10.601554
10.754189
10.798862
10.752532
10.763564
10.428923
10.613486
10.689549
10.672503
10.842931
10.839872
10.555779
10.678907
10.720942
10.817098
10.560314
10.683012
10.744337
10.598150
10.841390
10.602403
10.674634
10.587613
10.810435
10.476709
10.977366
10.746950
10.528181
10.700967
10.573868
10.703335
10.816123
10.930203
10.866538
11.093911
10.706350
10.621176
10.893230
10.778585
10.682120
10.811557
10.831815
10.743143
10.598505
10.865870
10.776488
10.705532
10.648559
10.631879
10.673229
10.932966
10.599611
10.847379
10.813041
10.575276
10.632875
10.545574
10.924692
10.584221
10.726858
10.472561
10.924202
10.758021
10.697035
10.836324
10.755099
10.645601
10.595803
10.758511
10.871574
10.622398
10.815070
10.649185
10.693904
10.463868
10.656060
10.907668
10.600767
10.679086
10.792101
10.447649
10.829075
10.949204
10.661689
11.060221
10.580549
10.860247
10.828630
10.562044
10.597925
10.782261
10.627495
10.758352
11.319515
10.805146
10.840921
10.787568
10.643403
10.810034
10.810034
