10.910110
10.507755
10.662076
10.681037
11.022651
10.695291
10.946067
10.754710
10.746186
10.915880
10.581000
11.117642
10.586238
10.750989
10.653816
10.778283
10.735465
10.650629
10.738721
10.685811
10.527112
10.679454
10.583940
10.909052
10.646845
10.583730
10.629744
10.625399
10.865855
10.587106
10.457385
10.581597
10.742261
10.782240
10.842758
10.594397
10.778904
10.768598
10.639430
10.759782
10.892494
10.741788
10.592405
10.796969
10.930622
10.699466
10.565321
10.530804
10.688170
10.444111
10.693099
10.752023
10.859086
10.773621
10.652082
10.628509
10.712233
10.520338
10.520622
10.672553
10.749734
10.744730
10.707684
10.818197
10.680725
10.650372
10.556502
10.847875
10.722015
10.451606
10.711937
10.699138
10.660789
10.701776
11.137590
10.675766
10.735748
10.520423
10.366204
10.605109
10.798215
10.637937
10.665210
10.506802
10.681303
10.926132
10.603842
10.588796
11.009073
10.626424
10.720491
10.662055
10.654325
10.594121
10.720931
10.946268
10.569089
10.760709
10.639982
10.648508
10.642056
10.761337
10.876826
10.582787
10.656032
10.485116
10.590509
10.669990
10.473649
10.676318
10.819050
10.700874
10.662264
10.691435
10.692545
10.755248
10.690135
10.874187
10.731433
10.755341
10.749718
10.750677
10.582054
10.626165
10.576320
10.816274
10.631109
10.872102
10.561023
10.537305
10.639961
11.070669
10.740219
10.914280
10.881314
10.696300
10.582137
10.681810
10.665157
10.703650
10.861985
10.708390
10.750559
10.615261
10.563833
10.767088
10.611504
10.530091
10.627859
10.545334
10.674698
10.690611
10.549442
11.210084
10.869041
10.735834
10.717893
10.778193
10.783110
10.681393
10.676684
10.875314
10.973402
10.898382
11.014759
10.713933
10.596914
10.925154
10.872234
10.874093
10.789839
10.800003
10.530413
10.860307
10.675569
10.890159
10.691742
10.625232
10.718356
10.545228
10.832757
10.528414
10.729283
10.452580
10.741642
10.657468
10.643758
10.745821
10.827460
10.782157
10.501077
10.796000
10.469167
10.423664
10.572835
10.651383
10.658689
10.413123
10.657831
10.679467
10.689924
10.743633
10.654506
10.748574
10.868009
10.756938
11.220772
11.088826
10.760501
10.623683
10.698520
10.701403
10.708935
10.619104
10.667580
10.574921
10.731412
10.682045
10.636317
10.443314
10.653745
10.662943
10.670950
10.594941
10.513993
10.702704
10.786085
10.776091
10.677998
10.682217
10.750517
10.822948
10.720589
10.611622
10.677968
10.612110
10.563011
10.626848
10.598478
10.603559
10.603183
10.680598
10.691807
10.627598
10.851823
10.607291
10.631735
10.599685
10.860904
10.602446
10.738990
11.292358
10.626639
10.667365
10.760130
10.703825
10.725209
10.662340
10.718860
10.793940
10.656369
10.577091
10.751202
10.611036
10.739667
10.769365
10.706856
10.690737
10.557287
10.508645
10.730082
10.536896
10.635038
10.694873
10.761375
10.549419
10.755973
10.569750
10.721964
10.482263
10.710049
11.008924
10.697106
10.760817
10.667423
10.535022
10.996420
10.989936
10.699827
10.738302
10.629130
11.274812
11.891581
10.807044
11.174641
10.709931
12.473014
10.799678
10.812194
10.756514
10.700341
10.810216
10.641882
10.647910
10.566113
10.581823
10.766697
10.732855
10.721353
10.862111
10.658813
10.458426
10.747489
10.579653
10.651506
10.857885
10.771789
10.744530
10.736319
10.671166
10.742548
10.594419
10.535613
10.753541
10.729743
10.730490
10.753258
10.750351
10.660517
10.560713
10.704051
10.999186
10.844996
10.896846
10.570432
10.685353
10.704444
10.778215
10.730706
10.582090
10.742594
10.780758
10.667752
10.608828
10.800972
10.555742
10.676182
10.588375
10.645960
10.558435
10.937297
10.660374
10.690618
10.884714
10.755881
10.550025
10.645745
10.745248
11.016156
10.599159
10.698658
10.544331
10.727642
10.939421
10.995639
10.685180
10.661291
11.017079
11.021832
10.736763
10.719029
10.952392
10.795954
10.892318
10.736344
10.724054
10.831524
10.679850
10.700489
10.629661
10.681758
10.725445
10.441185
10.708352
10.753136
10.821396
10.841557
11.213678
10.380010
10.726752
10.497152
10.502262
10.752146
10.525296
10.828311
10.832124
10.618968
11.246760
10.698578
10.620438
10.854298
10.817902
10.753519
10.442462
10.634427
10.731112
10.639491
10.879488
10.972010
10.714325
10.713500
10.654695
10.671639
10.591842
10.775315
10.771716
11.016191
10.672798
10.564656
10.963086
10.625900
10.934943
10.725078
10.647270
10.818042
10.707785
10.453449
10.835298
10.518947
10.948746
10.648818
10.802653
10.750013
10.642863
10.841353
10.600629
10.940145
10.474658
10.700859
10.815025
10.525102
10.726186
10.693804
10.932245
10.737081
10.952950
10.475346
10.729180
10.621005
10.559173
10.626069
10.746731
10.600648
10.658559
10.627352
10.585094
10.638699
10.741199
10.582233
10.456156
10.710119
10.631331
10.456633
10.858010
10.785749
10.692226
10.921816
10.529927
10.726327
10.757598
10.879385
10.593721
10.704475
10.602892
10.666261
10.913367
10.694607
10.442231
10.810150
10.601707
10.579159
10.491333
10.684169
10.768812
10.757397
10.549690
10.705857
10.696100
10.837709
10.634871
10.626134
10.770657
10.758898
10.851541
10.596840
10.784319
10.771678
10.853319
10.576942
10.667220
10.603994
10.745629
11.009202
10.801653
10.674000
10.704208
10.765211
10.496416
10.618836
10.655607
10.685460
10.616317
10.761233
10.580326
10.600399
10.434042
10.614485
10.794829
10.734522
10.640193
10.541708
10.746989
10.763879
10.925288
10.734132
10.950949
10.598449
10.512950
10.680369
10.695571
10.659499
10.591174
10.550029
10.677440
10.717002
10.678351
10.763072
10.694548
10.711057
10.588485
10.579257
10.764717
10.752368
10.887489
10.591352
10.486370
10.653151
10.683885
10.522983
10.767869
10.701390
10.739030
10.438925
10.521649
10.746926
10.595729
10.525389
10.931043
10.661941
10.358463
10.548970
10.819892
10.802852
10.563646
10.585296
10.618309
10.870941
10.638573
10.741752
10.784033
10.652118
10.924549
10.746859
10.802219
10.797738
10.508698
10.720608
10.552002
10.595188
10.621088
10.818521
10.578231
10.676111
10.694414
10.543332
10.523747
10.794242
10.528952
10.663308
10.878468
10.669494
10.618258
10.684729
10.348260
10.766396
10.678614
10.633986
10.557042
10.633881
10.532361
10.489975
10.826059
10.703206
10.667556
10.725415
10.898122
10.621266
10.740499
10.600661
10.552939
10.618934
10.583766
10.775816
10.649964
10.653095
10.619913
10.604272
10.781123
10.542230
10.946551
10.591171
10.618713
10.527571
10.679986
10.504790
10.842747
10.756918
10.494098
10.415160
10.658726
10.722974
10.726136
10.867687
10.581317
10.749409
10.900795
10.716084
10.533799
10.839139
10.453199
10.588822
10.757657
10.658593
10.677299
10.791750
10.755278
10.918101
10.733532
10.932242
10.625231
10.626942
10.565916
10.503577
10.530008
10.621803
10.720566
10.710696
10.683000
10.568313
10.708835
10.824611
10.555630
10.660046
10.685526
10.725273
10.862122
10.809661
10.519423
10.916018
10.575211
10.634182
10.511719
10.722720
10.652225
10.934606
10.681006
10.581102
10.636891
11.006028
11.044453
10.564414
10.770501
10.742306
10.805933
10.715924
10.810962
10.677236
10.926890
10.509738
10.626038
10.675011
10.780221
10.666284
10.701244
10.703243
10.496734
10.671965
10.628406
10.644646
10.669986
10.888713
10.865910
10.530130
10.697605
11.039196
11.004748
10.709035
10.744108
10.805422
10.444905
10.690795
10.498254
10.943445
10.540156
10.749007
10.437925
10.897027
10.646724
10.752828
10.740551
10.979305
10.790192
10.721218
10.430982
10.362655
10.889473
10.718877
10.508788
10.508861
10.779385
10.630577
10.684302
10.638276
10.411699
10.728045
10.858846
10.737693
10.638911
10.771759
10.634277
10.497775
10.650880
10.814857
10.819779
11.006302
10.660816
10.537275
10.677932
10.625627
10.861369
10.672936
10.525235
10.441111
10.619607
10.754323
10.666702
10.966402
10.625071
10.632237
10.487805
10.704789
10.622938
10.510521
10.882691
11.040789
10.782624
10.641193
10.817670
10.812151
10.530644
10.556658
10.719114
10.840408
10.524073
10.682917
10.676314
10.687112
11.113745
10.821099
10.824795
10.613549
10.717418
10.528504
10.500984
10.899063
10.781106
10.677788
10.782210
10.623933
10.743242
10.728493
10.828309
10.700085
10.657630
10.534893
10.833549
10.409981
10.826856
10.903004
10.782031
10.800297
10.571400
10.875399
10.945284
10.825039
10.655672
10.576391
10.767010
10.981858
10.749971
10.731965
10.677105
10.707101
10.850037
10.644970
10.433369
10.749050
10.699071
10.762451
10.756939
10.650748
10.635091
10.714327
10.676742
10.516504
10.652423
10.647809
10.651104
10.796976
10.534643
10.767968
10.721349
10.842868
11.069821
10.734995
10.583399
10.974097
10.743119
10.980527
10.594840
10.580005
10.932699
10.532277
10.507493
10.648051
10.768506
10.777052
10.680603
10.621568
10.701732
10.857252
10.630413
10.748443
10.700293
10.591598
10.525250
11.077523
10.880283
10.816959
10.543535
10.683901
10.717250
10.640775
10.700634
11.012143
10.720573
10.519265
10.757491
10.450371
10.644010
10.730379
10.454867
10.792489
10.681924
10.670547
10.622386
10.662395
10.412408
10.676748
10.661342
10.678044
10.594399
10.596907
11.116313
10.734371
10.528248
10.614960
10.830042
10.963039
10.444050
10.546138
10.720093
10.677008
10.684866
10.419551
10.816964
10.627161
10.750002
10.912042
10.726595
10.811499
10.698431
10.683206
10.658588
10.754773
10.768203
10.642512
10.677822
10.460644
10.715654
10.536585
10.535551
10.742937
10.479815
10.644598
10.663783
10.699249
10.542748
10.651180
10.787681
10.671102
10.603886
10.632281
10.715500
10.854505
10.819739
10.563121
10.714578
10.729997
10.611172
10.634398
10.516674
10.715005
10.795658
10.684070
10.703916
10.396528
10.774129
10.529495
10.555563
10.667274
10.630048
10.563819
10.619649
10.711820
10.544792
10.695809
11.079465
10.594120
10.658959
10.714092
10.814675
10.907537
10.751454
10.727800
10.708910
10.894287
10.555677
10.526108
10.666123
10.453953
10.743854
10.619522
11.088544
10.712994
10.635485
10.707489
10.728646
10.950721
10.595592
10.613447
10.740607
10.792668
10.691106
10.907163
10.784345
10.930037
10.772045
10.416647
10.956871
10.539187
10.712969
10.646376
10.419778
10.828481
10.714756
10.512777
10.416405
10.722254
10.735106
10.770338
10.779619
10.689859
10.717172
10.589960
10.550456
10.789199
10.691554
10.785644
10.981560
10.731457
10.658366
10.879156
10.794972
10.776476
10.652430
10.799731
10.969672
10.782595
10.854061
10.577692
10.614803
10.646387
10.547583
10.721718
10.833431
10.595167
10.646911
10.621116
10.885524
10.547308
10.580737
10.561135
10.663409
10.770945
10.603166
10.739422
10.651393
10.778992
10.699302
10.894172
10.700767
10.757492
10.501706
10.487177
10.426932
10.822322
10.637059
10.711655
10.593271
10.649177
10.611246
10.875130
10.755311
10.665059
10.515612
10.561897
10.541148
10.653591
10.665015
10.651215
10.631178
10.951731
10.694185
10.568455
10.593479
10.864440
10.741730
10.574561
10.880835
10.729728
10.896956
10.514602
10.603591
10.626425
10.947282
10.675569
10.742928
10.578854
10.665124
10.809203
10.809684
10.716528
10.693999
10.558180
10.996029
10.535732
10.798727
10.789540
10.629407
10.958737
10.691008
10.650842
10.638185
10.664205
10.541088
10.639242
10.970796
10.713054
10.775159
10.603200
10.576797
10.765780
10.777573
10.752511
10.737939
10.675566
10.656771
10.756686
10.746956
10.516393
10.811106
10.681179
10.631459
10.747721
10.495205
10.994785
10.503372
10.782553
10.780381
10.717808
10.893537
10.628246
10.830126
10.975832
10.688444
10.606349
10.695260
10.750789
10.614857
10.617872
10.772956
10.695531
10.660110
10.865851
10.903629
10.662149
10.598051
10.689999
10.635199
10.603068
10.812405
10.591743
10.625865
10.547411
10.756051
10.950132
10.561501
10.526879
10.542361
11.028940
10.630940
11.051072
10.676633
10.733713
10.677542
10.996531
10.795278
10.724851
10.631848
10.686485
10.763754
10.860900
10.721264
10.631784
10.692806
10.955872
10.594465
10.655026
10.661203
10.710886
10.735696
10.575289
10.724363
10.593110
10.899199
10.503427
10.661185
10.929721
10.556426
10.620584
10.716331
10.537229
10.915113
10.886109
10.676114
10.594827
10.725761
10.875150
10.637996
10.914691
10.928191
10.669486
10.752855
10.683974
10.885524
10.506628
10.678637
10.714541
10.551784
10.573029
10.553841
10.611745
10.883707
10.799416
10.722713
10.684077
10.748027
10.695365
10.846508
10.469252
10.754454
10.635736
10.649156
10.827096
10.711143
10.422640
10.690616
10.491939
10.828231
10.774251
10.747659
10.515105
10.723357
10.945238
10.694974
10.712384
10.747624
10.601397
10.618832
10.694886
10.620893
10.514567
10.631027
10.619784
10.620285
10.690521
10.850638
10.625833
10.434902
10.577326
10.632518
10.642579
10.815860
10.844098
10.341789
10.758064
10.687920
10.666976
10.679577
10.755684
10.385444
10.973510
10.750974
10.862627
10.635807
10.675962
10.715740
10.714804
10.813014
10.854236
10.747234
10.720729
10.853336
10.546649
10.694344
10.989339
10.724439
10.859547
10.490847
10.781309
10.718305
10.723843
10.874451
10.652266
10.677577
10.671079
10.620941
10.706590
10.834496
10.646578
10.838265
10.774613
10.802160
10.537653
10.527126
10.805945
10.630622
10.552496
10.646631
10.678152
10.758970
10.817824
10.710276
10.646817
10.613264
10.554332
10.711850
10.454015
10.856650
10.660433
10.490765
10.471999
10.867106
10.625902
10.684589
10.462351
10.602162
10.730492
10.708650
10.500103
10.659876
10.755676
10.498448
10.610503
10.637469
10.713217
10.753649
10.753234
10.789190
10.798971
10.714137
11.128899
10.800536
10.826625
10.602414
10.709093
10.863523
10.688878
10.625786
10.601152
10.791144
10.815412
10.836153
10.838417
10.629953
10.696210
10.719127
10.552850
10.780283
10.782488
10.534144
10.547041
10.751851
10.596951
10.725239
10.862159
10.674074
10.637459
10.725648
10.671137
10.720517
10.773381
10.568651
10.602638
10.496639
10.552375
10.804741
10.745330
10.455798
10.694038
10.665356
11.088754
10.809161
10.494556
10.749223
10.589706
10.879169
10.804760
10.487601
10.784105
10.781864
10.674880
10.530276
10.637292
10.819105
10.604601
10.604693
10.763087
10.531359
10.700385
10.602842
10.926277
10.625518
10.550691
10.667954
10.716389
10.775008
10.643739
10.509413
10.731523
10.738727
10.836030
10.686612
10.665336
11.064693
10.610818
10.776098
10.718369
10.676315
10.733570
10.971308
10.492448
10.716289
10.918965
10.700804
10.498324
10.675808
10.316044
10.629229
10.664158
10.592385
10.628832
10.609839
10.877883
10.585438
10.762047
10.722644
10.665803
10.661091
10.762369
10.704812
10.714086
10.711288
10.665808
10.723200
10.574061
10.542132
10.670468
10.775212
10.675953
11.157529
10.769220
10.522252
10.738376
10.624818
10.623300
10.552310
10.709680
10.579381
10.606928
10.701905
10.549868
10.780855
11.041936
10.455980
10.824485
10.618794
10.548185
10.699101
10.565007
10.856237
10.900376
10.851509
10.688677
10.923677
10.855397
10.676944
10.707566
10.682796
10.469999
10.715479
10.602273
10.686371
10.909200
10.626437
10.671612
10.675729
10.539160
10.667430
10.727539
10.906242
10.921163
10.934950
10.450204
10.649189
10.685235
10.698618
10.556668
10.692752
10.665716
10.852302
10.703068
10.882955
10.719490
10.791697
10.717297
10.910175
10.753113
10.504904
10.889437
10.686895
10.459635
10.924475
10.632483
10.819476
10.583662
10.561710
10.882458
10.488280
10.673594
10.781500
10.626070
10.695558
10.824864
10.562388
10.699449
10.644665
10.956354
10.530919
10.883931
10.788112
10.838867
10.698822
10.641415
10.897532
10.490704
10.926648
10.514376
10.506519
10.743331
10.805983
10.708198
10.717254
10.635352
10.688063
10.737994
10.926613
10.597337
10.676822
10.812308
10.832295
10.728227
11.016106
10.566220
10.680132
10.557531
10.672591
10.754001
10.700725
10.713396
10.865861
10.806505
10.910280
10.712168
10.828463
10.606332
10.758574
10.655074
10.462736
10.656222
10.752352
10.800703
10.557897
10.693561
10.786764
10.809564
10.793223
10.790975
10.759360
10.876444
10.826623
10.648753
10.507074
10.742762
10.622745
10.364371
10.758014
11.148369
10.614676
10.676169
10.697583
10.816397
10.537551
10.892475
10.827925
10.717259
10.615576
10.736467
10.477846
10.688997
10.762417
10.607924
10.915038
10.682901
10.867022
10.703439
10.663500
10.727014
10.807702
10.654228
10.655252
10.549058
10.728650
10.732310
10.624114
10.708934
10.893000
10.660339
10.727316
10.759516
10.656457
10.549565
10.664472
10.616570
10.674720
10.778047
10.647047
10.555301
10.572997
10.809751
10.842018
10.602813
10.682126
10.928333
10.633742
10.501352
10.886367
10.596576
10.724642
10.749130
11.040534
10.825719
10.760833
10.567325
10.785204
10.611778
10.846966
10.571879
10.621003
10.747445
10.674529
10.889807
10.840994
10.723539
10.573097
10.702679
10.511920
10.656734
10.978806
10.646419
10.806919
10.757551
10.534962
10.551842
10.584349
10.705267
10.461561
10.793955
10.719248
10.558549
10.649287
10.857613
10.680685
10.693865
10.928899
10.576914
10.934752
10.732753
10.537475
10.702543
10.659452
10.727207
10.572446
10.866801
10.763910
10.553984
10.758683
10.544843
10.573736
10.793677
10.966509
10.947237
10.802187
10.635073
10.753604
10.771119
10.413401
11.018784
10.675143
10.708452
10.763779
10.562811
10.725302
10.550474
10.672285
10.547993
10.625462
10.597819
10.834467
10.637769
10.706589
10.496172
10.724215
10.624055
10.729360
10.560703
10.674738
10.744879
10.750690
10.567148
10.691789
10.716928
10.828334
10.841079
10.414692
10.588957
10.675870
10.497257
10.395156
10.847986
10.754387
10.533415
10.651891
11.123673
10.794008
10.603998
10.570434
10.725971
10.784930
10.773577
10.851320
10.905386
10.965844
10.697722
10.773336
10.857560
10.714504
10.692112
10.586626
10.902209
10.570601
10.770078
10.745458
10.656072
10.566407
10.800037
10.476560
10.627264
10.615290
10.718664
10.534256
10.691607
10.677237
10.535181
10.497524
10.680458
10.672868
10.509810
10.754992
10.682122
10.578438
10.545964
10.950301
10.745537
10.737329
10.544117
10.503438
10.914610
10.969098
10.544931
10.944956
10.799383
10.671230
10.732709
10.748603
10.683349
10.809039
10.669401
10.860727
10.702753
10.585374
10.744775
10.539712
10.551489
10.803355
10.602117
11.262780
10.752708
10.727888
10.785711
10.616504
10.554740
10.883662
10.550771
10.510229
10.692077
10.716217
10.677953
10.688121
10.518477
10.791587
10.526571
10.621001
10.814116
10.770964
10.951582
10.942464
10.691858
10.570358
11.005995
11.061052
10.699130
10.821258
10.724811
10.958759
10.658157
10.714835
10.680801
10.923554
10.616282
10.705272
10.739323
10.637392
10.910454
10.491318
10.716083
10.628248
10.619850
10.731924
10.518006
10.667695
10.714267
10.464584
10.987373
10.722581
10.541806
10.825861
10.935991
10.670573
10.581863
10.766285
10.770618
10.457909
10.741270
11.044763
10.757490
10.634770
10.744558
10.832599
10.671484
10.583826
10.780800
10.753032
10.606021
10.760150
10.630380
10.681032
10.701891
10.814779
10.790841
10.551424
10.636331
10.752972
10.797428
10.649527
10.727064
10.763151
10.905662
10.882935
10.706325
10.864704
10.701648
10.914678
10.597387
10.832413
10.612205
10.748807
10.703323
10.940549
10.880480
10.413550
10.586022
10.729345
11.054522
10.611035
10.617633
10.557820
10.648663
10.977046
10.953071
10.525078
10.639496
10.663138
10.694553
10.585017
10.642888
10.949874
10.551506
10.814336
10.953585
10.640687
10.668187
10.545768
10.661130
10.754750
10.654515
10.712205
10.920122
10.642339
10.579263
10.862957
10.655947
10.727626
10.725704
10.900081
10.623150
10.943540
10.674515
10.617266
10.617039
10.619338
10.832736
10.572535
10.659357
10.906199
10.561679
10.867872
10.689764
10.890733
10.961521
10.525169
10.581753
10.778577
10.702329
10.664737
10.665452
10.808418
10.556544
10.511024
10.730905
10.659584
10.677261
10.570828
10.509773
10.828513
10.740782
10.526579
10.729252
10.809494
10.696752
10.604812
10.749871
10.763540
10.837818
10.645920
10.630879
10.599147
10.628333
10.599128
10.701878
10.711793
10.561581
10.678827
10.586074
10.881778
10.579403
10.645702
10.758019
10.767648
10.770430
10.830054
10.484428
10.516135
10.571051
10.830678
11.030861
10.754756
10.658380
10.561880
10.711699
10.602777
10.736303
11.087161
10.706712
10.784059
10.611149
10.696040
10.657256
10.509578
10.838848
10.959581
10.547009
10.613395
10.641533
10.960609
10.703259
10.823935
10.786073
10.683650
10.935513
10.811375
10.823626
10.604756
10.697196
10.584820
10.724476
10.498281
10.549977
10.533506
10.610461
10.798245
10.713295
10.772152
10.794519
10.937077
10.880034
10.651321
10.592981
10.778216
10.485864
10.605467
10.571714
11.126483
10.896997
11.071435
10.789186
10.594973
10.787917
10.602533
10.806140
10.421374
10.895917
10.714746
10.552186
10.584209
11.115437
10.768507
10.795457
10.731323
10.610284
10.678659
10.838597
10.853708
10.733708
10.770712
10.722870
10.697947
10.661972
10.514533
10.626755
10.803401
10.790900
10.608208
10.653254
10.581475
10.762870
10.751916
10.809306
10.710888
10.631065
10.793508
10.719864
10.449045
10.708700
10.527060
10.752286
10.800473
10.641596
10.497992
10.561162
10.710507
10.817102
10.727085
10.581734
10.834932
10.617823
10.582963
10.569556
10.595285
10.803757
10.753099
10.709213
11.006286
10.656427
10.949097
10.675984
10.623166
10.786859
10.660777
10.583121
10.533607
10.474546
10.604245
10.655764
10.545886
10.753687
10.626789
10.726221
10.559254
10.669325
10.498152
10.779796
10.709497
10.486855
10.537227
10.700794
10.634297
10.796454
10.929244
10.787940
10.544793
10.689109
10.876837
10.908225
10.668320
10.592833
10.634154
10.542423
10.609202
10.576357
10.720878
10.500970
10.788224
11.011606
10.854072
10.949529
10.684269
10.812149
10.683828
10.561438
10.895492
10.660550
10.573655
10.671170
10.691320
10.753900
10.707978
10.537971
10.724654
10.701788
10.858739
10.669690
10.871127
10.718800
10.951261
10.655769
10.782941
10.615886
10.672818
10.696494
10.920910
10.433879
10.578458
10.684972
11.088987
10.657545
10.793149
10.689560
10.591904
10.569726
10.642588
10.834087
10.775902
10.677436
10.735820
10.617334
10.911637
10.746200
10.917053
10.702342
10.613316
10.682164
10.542818
10.847216
10.690603
10.914103
10.770719
10.790196
10.939361
10.565565
10.682979
10.648809
10.646049
10.564329
10.816612
10.661014
10.686356
10.606516
10.692195
10.770472
10.574711
10.787935
10.723736
10.617223
10.635024
10.596302
10.645380
10.662666
10.616651
10.572305
10.642802
10.858260
10.716177
10.660671
10.761090
10.898471
10.737750
10.620878
10.680877
10.824560
10.609569
10.586532
10.642178
10.495243
10.705595
10.739559
10.539139
10.804949
10.871478
10.633370
10.562585
10.908271
10.625120
10.616912
10.799739
10.510641
10.514416
10.900138
10.941515
10.676814
10.577356
10.653175
10.886939
10.906503
10.696988
10.868475
10.623759
10.780701
10.661586
10.358973
10.608040
10.773034
10.609330
10.788826
10.367659
10.891278
10.680900
10.680660
10.800785
10.616614
10.601022
10.623826
10.740960
10.642197
10.885602
10.906814
10.948194
10.820279
10.684972
10.589810
10.635528
10.556884
10.689514
10.587728
10.780770
10.662820
10.662315
10.699279
11.095414
10.675702
10.599866
10.769236
10.580518
10.674958
10.545580
10.959493
10.610107
10.617411
10.836975
10.832366
10.746347
10.597339
10.741273
10.695141
10.794420
10.824483
10.822948
10.850282
10.787416
10.505250
10.896590
10.635995
10.634870
10.569283
10.933159
10.668728
10.948737
10.680257
10.856062
10.594499
10.720595
10.641031
10.702340
10.752883
10.701190
10.492355
10.721984
10.694990
10.482207
10.620388
10.619838
10.820472
10.868061
10.901002
10.677734
10.889595
10.850629
10.994947
10.747364
10.666274
11.053025
10.829865
10.606383
10.840736
10.824607
10.741852
10.723296
10.620932
10.765924
10.472830
10.706794
10.539214
10.790667
10.789628
10.679577
11.012086
10.577484
10.784501
10.594590
10.665835
10.804634
10.727032
10.739516
10.760150
10.640132
10.924858
10.725619
10.675770
10.762823
10.629245
10.600136
10.478203
10.511471
10.841644
10.633017
10.581749
10.579286
10.537264
10.554452
10.706412
10.901199
10.506582
10.540199
10.448716
10.851352
10.672629
10.744556
11.121900
10.966123
10.581455
10.658943
10.676897
10.599250
10.528397
10.712496
10.646158
10.705484
10.639572
10.858624
10.560590
10.675885
10.916517
10.801565
11.046555
10.717595
10.699276
10.747676
10.908597
10.659623
10.689336
10.813632
10.721219
10.606109
10.565811
10.766064
10.735252
10.794581
10.613952
10.644510
10.699525
10.650252
10.665545
10.792409
10.758962
10.587446
10.884077
10.716450
10.757783
10.628025
10.697780
10.730946
10.475408
10.939728
10.606464
10.754319
10.807578
10.784348
10.460744
10.616115
10.540339
10.697780
10.660666
10.650392
10.683246
10.592105
10.673978
10.779366
10.656239
10.549071
10.899450
10.618973
10.547335
10.835203
10.853307
10.577219
10.667203
10.723269
10.932506
10.859260
10.868443
10.734642
10.701360
10.510614
10.981150
10.665163
10.687023
10.598639
10.955609
10.736226
10.620662
10.944742
10.627593
10.671026
10.406103
10.462505
10.598345
10.763522
10.737748
10.811316
10.529105
10.606489
10.857760
10.864976
10.864929
10.462217
10.614099
10.696783
10.849955
10.598744
10.431322
10.804228
10.535344
10.577728
11.006177
10.752251
10.731721
10.757718
10.635537
10.951831
10.995287
10.649160
10.510089
10.744755
10.710371
10.910508
10.671881
10.496698
10.559224
10.653251
10.773301
10.778986
10.534983
11.229664
10.587985
10.786509
10.799008
10.690001
10.687760
10.693201
10.636769
10.730877
10.605070
10.508209
10.784314
10.486637
10.749074
10.832449
10.880261
10.716612
10.926512
10.756240
10.395333
10.756013
10.703588
10.697928
10.616624
10.574676
10.546190
10.795752
10.607133
10.819289
10.837234
10.710589
10.595853
10.777480
10.607582
10.655958
10.607995
10.656107
10.779001
10.957234
10.758417
10.560201
10.727816
10.722535
10.688864
10.937952
10.739674
10.648725
10.875631
11.190149
10.485564
10.713427
10.565191
10.709084
10.650254
10.591339
10.762106
10.579749
10.871545
10.588529
10.600422
10.655001
10.648390
10.550088
10.726639
10.639624
10.582052
10.678337
10.815321
10.644820
10.528985
10.927578
10.818600
10.742785
10.799037
10.698042
10.674692
10.782775
10.630471
10.840613
10.797808
10.585489
10.666242
10.675297
10.633341
10.832670
10.682480
10.671618
10.597857
10.371656
10.591196
10.845022
11.180023
10.539066
10.658535
10.640447
11.060291
10.571079
10.560560
10.503325
10.694718
10.493996
10.940315
10.748883
10.733297
10.724398
10.753097
10.682901
10.650689
10.831495
10.819089
10.631796
10.653962
10.512643
10.675913
10.498069
10.690012
10.743166
10.906559
10.682755
10.957311
10.734176
10.676457
10.834898
10.825779
10.914438
10.599626
10.735108
10.600533
11.049196
10.643437
10.782428
10.751017
10.513496
10.670407
10.640161
10.672391
10.803401
10.974198
11.461006
10.682092
10.685164
10.618400
10.586848
11.099445
10.855271
11.102235
10.631163
10.650943
10.613741
10.813946
10.791552
10.624312
10.737653
10.647878
10.651302
10.660039
10.658533
10.682595
10.689245
10.586043
10.474748
10.574801
10.788828
10.985969
10.902229
10.847231
10.773387
10.725837
10.954825
10.714177
10.641001
10.812145
10.912838
10.561273
10.344777
11.114239
10.742957
10.708617
10.732697
10.596132
10.826677
10.641273
10.645646
10.734964
10.901801
10.583283
10.647973
10.697463
10.748917
10.925961
10.632958
10.913589
10.698051
10.934667
10.544382
10.808955
10.742391
10.579579
10.811142
10.449320
10.756544
10.590947
10.673343
10.544473
10.637333
10.927367
10.592080
10.619614
10.715682
10.618996
10.660078
10.917541
10.912052
10.637951
10.657731
10.599552
11.006778
10.572675
10.759990
10.709193
10.873727
10.516400
10.848617
10.702226
10.846358
10.838950
10.863758
10.955969
11.504492
10.610664
11.116561
10.623868
10.799843
10.761318
10.533217
10.748851
10.824112
10.688194
10.799048
10.593021
10.751209
10.682896
10.623937
10.515934
10.770762
10.669885
10.859131
10.859741
10.778282
10.843287
10.861973
10.825100
10.565447
10.625843
10.890496
10.590932
10.693506
10.593863
10.956433
10.992134
10.864732
10.736300
10.709703
10.447031
10.607164
10.700027
10.701752
10.764431
10.650287
10.608005
10.754161
10.581362
10.755649
10.580858
10.718104
10.493703
10.681580
10.639263
10.613809
10.652659
10.726138
10.607021
10.613159
10.636886
10.707358
10.610604
10.538292
10.687567
10.547664
10.764837
10.856415
10.759681
10.553401
10.537192
10.836600
10.557872
10.462307
10.635646
10.665377
10.934984
10.990374
10.718806
10.625489
10.608622
10.615104
10.771172
10.562597
10.686197
10.595225
10.749713
10.642409
10.656455
10.763173
10.433846
10.504487
10.598121
10.641827
10.671141
10.483151
10.775501
10.756680
10.641601
10.777775
10.503812
10.908196
10.715455
10.784078
10.710771
10.839328
10.679006
10.669342
10.645532
10.660594
10.710445
10.658670
10.608488
10.888263
10.674852
10.549528
10.631093
10.828127
10.629705
10.686017
10.592241
10.761947
10.491127
10.606445
10.492580
10.678068
10.464411
10.630718
10.757032
10.896601
10.765234
10.678640
10.641264
10.815083
10.693751
10.642788
10.570312
10.672863
11.051991
10.520655
11.031484
10.742957
10.776428
10.614728
10.552197
10.793249
10.774257
10.701664
10.970193
10.726905
10.814386
10.704187
10.706420
10.678036
10.751504
10.666047
10.789972
10.673875
10.751695
10.655359
10.801337
10.669490
10.451957
10.610172
10.649250
10.441058
10.549801
10.776665
10.681062
10.803029
10.766109
10.480338
10.799213
10.842969
10.606895
10.647069
10.647669
10.472459
10.780197
10.821978
10.803175
10.812015
10.758692
10.823273
10.675314
10.603502
10.627272
10.747434
10.987351
10.665168
10.850382
10.645289
10.728879
10.804311
10.817219
10.644585
10.747296
10.693988
10.758129
10.720396
10.474353
10.697490
10.622318
10.561207
10.564970
10.669606
10.653146
10.635380
10.612532
10.585483
10.568639
11.022787
10.508685
10.648412
10.708667
10.577745
10.758809
10.654957
10.709835
10.831748
10.866752
10.586720
10.566376
10.651467
10.751926
10.535582
10.894609
10.593815
10.662707
10.953785
10.569409
10.831966
10.815675
10.874005
10.739817
10.780394
10.757393
10.410353
10.534687
10.745104
10.715812
10.854282
10.547653
10.935150
10.610756
10.748851
10.784982
10.645969
10.711349
10.574950
10.650778
10.779167
10.677692
10.579633
10.840465
10.704306
10.571248
10.546361
10.780547
10.740217
10.991346
10.805001
10.519883
10.566846
10.594309
10.661297
10.864926
10.776848
10.604043
10.569120
10.520068
10.748053
10.494751
10.770990
10.680247
10.546017
10.605421
10.674681
10.711743
10.733424
10.451333
10.634608
10.732292
10.730089
10.688680
10.542463
10.537687
10.683436
10.831151
10.634395
10.588323
10.558281
10.857489
10.566600
10.880099
10.548888
10.761270
10.787828
10.647039
10.750776
10.762551
10.549474
10.635842
10.456163
10.824283
10.801791
10.854378
10.837103
10.438708
10.686154
10.673150
10.775282
10.812054
10.748268
10.664847
10.545749
10.639467
10.536277
10.594742
10.705413
10.891192
10.613233
10.675799
10.421188
10.765412
10.590844
10.538685
10.436888
10.713866
10.516209
10.799366
10.663440
10.825361
10.965473
10.601234
10.936779
10.737514
10.645348
10.679622
10.524772
10.556564
10.527114
10.573953
10.548597
10.794964
10.996894
10.664215
10.636779
10.654379
10.634925
10.701399
10.522027
10.707358
10.661137
10.607512
10.474644
10.814108
10.631476
10.618625
10.445462
10.702622
10.827204
10.477283
10.715812
10.955605
10.779617
10.664689
10.652237
10.651149
10.607784
10.682038
10.648124
10.546819
10.682259
10.666414
10.586390
10.715979
10.650715
10.698442
10.876155
10.674273
10.858994
10.802214
10.691735
10.818922
10.594586
10.653686
10.867833
10.722683
10.631288
10.781812
10.770755
10.894906
10.478428
10.896370
10.783161
10.776532
10.625333
10.575115
10.732949
10.565510
10.505186
10.616928
10.861626
11.107211
10.887588
10.786837
10.630914
10.423992
10.852836
10.735173
10.758818
10.686559
10.706890
10.515083
10.855517
10.739250
10.916985
10.447158
10.649005
10.723680
10.564319
10.638480
10.747470
10.695085
10.602507
10.781918
10.378503
10.601004
10.850213
10.636832
10.729049
10.713766
10.696093
10.598792
10.659018
10.696040
10.776351
10.738587
10.736618
10.639195
10.718181
10.925285
10.623096
10.517294
10.755261
10.726743
10.905184
10.649249
10.706522
10.811345
10.571951
10.652662
10.788433
10.624315
10.693648
10.625966
10.931373
11.265424
10.785046
10.662200
10.808117
10.699800
10.826553
10.416592
10.506958
10.657077
10.742550
10.808356
10.718068
10.748112
10.738129
10.678637
10.691643
10.620632
10.753254
10.766895
10.616857
10.687636
10.882443
10.771194
10.825695
10.698898
10.714419
10.874053
10.621090
10.654429
10.730009
10.654293
10.533960
10.668213
10.515354
10.623012
10.435617
10.622283
10.851635
10.545643
10.681430
10.513743
10.765651
10.560086
10.739408
10.703714
11.143895
10.816172
10.771261
10.864498
10.905017
10.518805
10.554109
11.089467
10.609877
10.753787
10.875950
10.827103
10.581708
10.550290
10.692256
10.739915
10.580199
10.650288
10.973517
10.675316
10.878218
10.736921
10.756488
10.579044
10.848452
10.705153
10.989439
10.719603
10.553837
10.552367
10.977392
10.696360
10.730502
10.591055
10.554594
10.450943
10.661640
10.662838
10.677728
10.931550
10.724777
10.789454
10.540442
10.586860
10.743826
10.687507
10.736566
10.887915
10.944939
10.532564
10.690633
10.605826
10.805004
10.648350
10.656177
10.872118
10.705531
10.675227
10.553462
10.749587
10.372067
10.614849
10.657477
10.642534
10.478968
10.736318
10.535138
10.846004
10.714834
10.588886
10.425394
10.738667
10.795275
10.715292
10.701111
10.549829
10.659235
10.704000
10.798802
10.833262
10.751843
10.711118
10.729121
10.654726
10.591840
10.630444
10.548308
10.829379
10.553907
10.640582
10.690766
11.024807
10.760354
10.701587
10.825283
10.732191
10.926674
10.853669
10.648689
10.829961
10.648592
10.838599
10.669038
10.802934
10.780549
10.592788
10.610066
10.666605
10.703075
10.814173
10.932665
10.686112
10.523624
10.771990
10.931121
10.354347
10.606551
10.685663
10.624998
10.804802
10.799407
10.790138
10.717271
10.904365
10.420256
10.729422
10.758011
10.673806
10.652579
10.598386
10.581950
10.866849
11.008034
10.503054
10.788630
10.646217
11.022369
10.608584
10.561977
10.993008
10.790770
10.668495
10.568075
10.653481
10.390986
10.439876
10.634840
10.689393
10.597120
10.688482
10.778681
10.678353
10.687498
10.597957
10.670579
10.535833
10.900728
10.851129
10.779724
10.743667
10.655577
10.793513
10.793687
10.469059
10.594656
10.723007
10.717867
10.995089
10.674089
10.831104
10.859990
10.606313
10.513309
10.620670
10.516199
10.624316
10.647140
10.763996
10.682008
10.591039
10.575067
10.626792
10.585099
10.977522
10.732935
10.701705
10.780215
10.618253
10.531119
10.638305
10.740126
10.699418
10.534897
10.507298
10.589858
10.576470
10.623823
10.817632
10.704072
10.858343
10.724297
10.805473
10.755121
10.705420
10.664867
10.618675
10.733469
10.882153
10.716414
10.636810
10.848383
10.659733
10.870027
10.487793
10.806449
10.612122
10.630586
10.722168
10.629264
10.551578
10.632697
10.983639
10.693812
10.718775
10.682073
10.892157
10.610022
10.874462
10.648621
10.679019
10.732080
10.559572
10.572006
10.570608
10.615332
10.845631
10.693470
10.741130
10.700067
11.067032
11.461957
10.721389
10.544366
10.866132
10.647229
10.787687
10.693413
10.869931
10.482948
10.665910
10.557364
10.644906
10.665840
10.689845
10.699541
11.129821
10.659906
10.589305
10.661923
10.694615
10.788106
10.546462
10.842793
10.697272
10.775064
10.886662
10.852499
10.693146
10.632979
10.761194
10.599904
10.756443
10.664862
10.675383
10.384594
10.742333
10.524247
10.754649
10.471535
10.662446
10.789584
10.560045
10.724828
10.597390
10.635276
10.649944
10.635026
10.689593
10.527567
10.741411
10.634663
10.723342
10.727601
10.967164
10.635464
10.628288
10.744123
10.681483
10.783531
10.567002
10.766625
10.497296
10.626019
10.600967
10.674309
10.573540
10.655278
10.970331
10.774099
10.719822
10.685655
10.681518
10.599147
10.506006
10.682285
11.132978
10.673334
10.678671
10.816049
10.966511
11.116590
10.729746
10.493262
10.815876
10.684725
10.620075
11.071019
10.634778
10.851504
10.758103
11.018501
10.659016
10.832435
10.707882
10.769267
10.808972
10.948488
10.654764
11.015625
10.780921
10.663108
10.564982
10.993916
10.619397
10.898661
10.876755
10.627215
10.857591
10.855128
10.746204
10.931609
10.546593
10.582052
10.741002
10.452267
10.629434
10.653831
10.613556
10.696151
10.617206
10.507759
10.651656
10.700317
10.837977
10.778696
10.910927
10.574807
10.635140
10.676199
10.746317
10.626260
10.516112
10.606134
10.578860
10.713948
10.809016
10.803864
10.376597
10.608775
10.645316
10.812789
10.737602
10.807473
10.861138
10.725964
10.685616
10.918918
10.604182
10.677490
11.103320
10.632568
10.574150
10.706214
11.038742
10.673159
10.705066
10.536377
10.635234
10.614150
10.584495
10.752232
10.855100
10.421744
10.769141
10.803382
10.652437
10.589244
10.764031
10.836354
10.559373
10.523913
10.653638
10.563509
10.575486
10.601465
10.616626
10.805193
10.643225
10.610646
10.460353
10.865265
10.502021
10.583892
10.730580
10.630263
10.590299
10.657877
10.477967
10.756162
10.654913
10.744008
10.776545
10.696807
10.588647
10.754446
10.790371
10.716099
10.751230
10.623933
10.662244
10.742932
10.608823
10.757584
10.712875
10.804689
10.767714
10.871843
10.528079
10.908644
10.653014
10.619822
10.823338
10.670868
10.713636
10.766916
10.658136
10.651815
10.530643
10.806624
10.565112
10.733320
10.850774
10.736731
10.782396
10.927170
10.647024
10.771019
10.810316
10.428488
10.642791
10.445400
10.496417
10.686046
10.712018
10.690508
10.799099
10.552211
10.521692
10.772334
10.609469
10.472707
10.707610
10.491336
10.525350
10.676149
10.796776
10.715131
10.666697
10.747607
10.804011
10.600856
10.362060
10.673947
10.602250
10.869195
10.587773
10.549707
10.644915
10.600146
10.804216
10.671657
10.546607
10.795776
10.726813
10.711221
10.811498
10.792496
10.845520
10.711980
10.622949
10.860235
10.561960
10.504394
10.627477
10.778519
10.653071
10.572304
10.713600
10.623787
10.729749
11.018216
10.802753
10.678108
10.759774
10.948279
10.469851
10.740620
10.871415
10.757426
10.660253
10.839671
10.696372
10.667811
10.523546
10.645204
10.727990
10.473697
10.860380
10.896056
10.722846
10.557272
10.591959
10.805187
10.547729
10.659384
10.634408
10.661725
10.746129
10.810106
10.651206
10.880737
10.711617
10.770464
11.115444
10.777680
10.658032
10.732661
10.820291
10.618501
10.852174
10.670539
10.631394
10.900346
10.666104
10.662078
10.816253
10.655857
10.841910
10.740009
10.606776
10.923314
10.579157
10.602700
10.712028
10.597042
10.821988
10.831090
10.713864
10.606598
10.872250
10.757808
10.506211
10.541970
10.661777
10.593234
10.658719
10.772199
10.673918
10.832971
10.707515
10.707911
10.572854
10.609508
11.228420
10.986944
10.674165
10.727266
10.526814
10.729891
10.677744
10.828121
10.873119
10.844925
10.774250
10.629893
10.586655
10.778092
10.592145
10.771853
10.717027
10.716705
10.600164
10.787682
11.012282
10.955867
10.675294
10.540331
10.739972
10.801467
10.815532
10.469601
10.583605
10.645748
10.831397
10.660627
10.606936
10.414651
10.750075
10.710466
10.704512
10.582456
11.842231
11.328800
10.683309
10.521766
10.935662
10.607918
10.650942
10.842676
10.792011
10.577317
10.542894
10.818950
10.816633
10.607316
10.666149
10.691186
10.628938
10.661555
10.674499
10.635528
10.689888
10.616552
10.682631
10.819889
10.750332
10.979668
10.695852
10.887862
10.710361
10.739680
10.703995
10.750151
10.532748
10.600040
10.641449
10.721139
10.580279
10.731043
10.588964
10.789300
11.015384
10.697499
11.023091
10.715465
10.561031
10.581042
10.807069
10.767410
10.763420
10.529006
10.961052
10.668761
10.570071
10.614327
10.687865
10.493304
10.448846
10.867925
10.700248
10.584206
10.700240
10.837830
10.527544
10.759558
10.809550
10.823069
10.695331
10.609050
10.586675
10.746088
10.665495
10.607929
10.654341
10.508075
10.746367
10.547479
11.041486
10.641605
10.705350
10.763067
10.946635
10.631486
10.532142
10.654732
10.795002
10.603520
10.745244
10.607742
10.650128
10.662149
10.797310
10.523746
10.599020
10.672400
10.778976
10.767231
10.569009
10.682384
10.845444
10.550093
10.691264
10.642925
10.542665
10.829777
10.525825
10.996554
10.670382
10.621189
10.573453
10.645027
10.617436
10.828310
10.818176
10.682950
10.689272
10.616616
10.705905
10.859716
10.512578
10.861090
10.564520
10.627030
10.803773
10.512290
10.544174
10.621734
10.678479
10.625585
10.777306
10.418465
10.742162
10.665352
10.722774
10.526718
10.587390
10.518368
10.528147
10.635459
10.610042
10.790968
10.664697
10.783162
10.463730
10.629549
10.475343
10.721388
10.750104
10.744430
10.774020
10.715798
10.755531
10.579992
10.695600
10.695542
10.773272
10.766503
10.793961
10.671057
10.714220
10.660766
10.720013
10.633206
10.947783
10.641536
10.622080
10.775744
10.673207
10.619598
10.586395
10.774689
10.770940
11.013572
10.806946
10.617056
10.671943
10.692318
10.625621
10.603056
10.646495
10.701781
10.614646
10.649717
10.755336
10.521809
10.857800
10.542209
10.762658
10.573639
10.655928
10.801701
10.829831
10.629904
10.662173
10.675218
10.639904
10.611122
10.607037
10.562994
10.803302
10.566133
10.634045
10.680838
10.734255
10.550755
10.603739
10.806059
10.722027
10.806652
10.707546
10.859073
10.505725
10.818206
10.636344
10.625143
10.638379
10.923824
10.824772
10.635892
10.632326
10.593949
10.513133
10.670412
10.730488
10.547186
10.808219
10.752892
11.269604
10.633433
10.814480
10.692938
10.676269
10.564980
10.602116
10.957299
10.648980
10.571016
10.819412
10.895073
10.502806
10.925623
10.627685
10.527125
10.839810
11.037837
10.978848
10.824223
10.687835
10.749717
10.671134
10.626486
11.087368
10.620269
10.657804
10.654044
10.660181
10.554327
10.739815
10.527801
10.924953
10.448372
10.410781
10.567651
10.582990
10.893977
10.623549
10.650888
10.591950
10.782756
10.757280
10.708315
10.553410
10.629706
10.548156
10.695141
10.636523
10.604495
10.870529
10.768961
10.576785
10.812723
10.608970
10.685802
10.721154
10.651076
10.565856
10.535539
10.634521
10.578477
10.920362
10.711483
10.634600
10.615340
10.647678
10.909415
10.829998
10.528654
10.753975
10.740630
10.759013
10.775558
10.521538
10.542368
10.830921
10.738510
10.655124
10.656807
10.785517
10.706686
10.735678
10.462849
10.780928
10.773167
10.598122
10.796752
10.658615
10.565893
10.753016
11.004689
10.855853
10.599810
10.618634
10.585894
10.642371
10.764791
10.603005
11.004316
10.715139
10.692452
10.733661
10.851771
10.827123
10.693179
10.704707
10.701216
10.816252
10.621265
10.739237
10.492097
10.751581
10.623071
11.117441
10.704188
10.510009
10.674042
10.670080
10.760392
10.635913
10.940808
10.555488
10.670804
10.654247
10.745893
10.584857
10.661528
10.727444
10.705626
10.620947
10.815557
10.562826
10.648311
10.815435
10.658865
10.536525
10.823160
10.730461
10.778575
10.643266
10.635075
11.142930
10.525895
10.817502
10.807248
10.805591
10.393597
10.690437
10.651983
10.588735
10.500827
10.800590
10.542498
10.608396
10.794253
10.542734
10.910077
11.111911
10.599001
10.715415
10.548130
10.738292
10.473388
10.703857
10.948739
10.812132
10.830319
10.636780
10.675356
10.653273
10.651293
10.814858
10.728163
10.808952
10.561689
10.768197
10.726960
10.446014
10.947062
10.922392
10.499870
10.563322
10.836004
10.572780
10.649450
10.562029
10.454480
10.879327
10.588751
10.802204
10.669167
10.614749
10.684743
10.688983
10.749081
10.814921
10.696851
10.694716
10.818851
10.835221
10.651728
10.603902
10.422365
10.476371
10.721684
10.777599
10.673067
10.740260
10.613198
10.703775
10.657869
10.651057
10.617083
10.632938
10.815065
10.682069
10.647433
10.739140
10.821385
10.861769
10.795348
10.653194
11.046336
10.828013
10.662319
10.532883
10.543547
10.656712
10.774536
10.554691
10.710963
10.813896
10.793740
10.740638
10.720956
10.639831
10.687018
10.453450
10.488380
10.474475
10.559690
10.685880
10.580957
10.740361
10.876434
10.646068
10.629266
10.566045
10.887117
10.742354
10.675585
10.863174
10.853365
10.668737
10.584527
10.917600
10.826372
10.846261
10.546545
10.748183
10.855229
10.535777
10.550118
10.830028
10.735075
10.768389
10.797362
10.570429
10.487450
10.586111
10.657668
10.527805
10.549588
10.684958
10.766660
10.480735
10.698520
10.663704
10.756950
11.161589
10.658834
10.850898
10.951353
10.647943
10.840791
10.699697
10.538425
10.584344
10.845773
10.707408
10.769365
10.643896
10.673434
10.677035
10.740408
10.633915
10.734610
10.612602
10.662965
11.093308
10.812721
10.594750
10.711663
10.893410
10.876551
10.973318
10.940739
10.522396
10.813321
10.778680
10.697164
10.900844
10.753311
10.628550
10.824910
10.807298
10.901009
10.819782
10.738727
10.665744
10.715374
10.754966
10.603785
10.791778
10.865999
10.926212
10.746636
10.672054
10.678471
10.458986
10.974519
10.685283
10.604864
10.715773
10.816831
10.656130
10.606048
10.657925
10.846223
10.684224
10.937938
10.539253
10.910741
10.573378
10.600081
10.581848
10.622406
10.713044
10.765812
10.688433
11.003169
10.634890
10.403986
10.732375
10.603396
10.821518
10.745623
11.070425
10.564691
10.841522
10.746823
10.605165
10.808120
10.819286
10.468428
10.823681
10.730191
10.616163
10.990926
10.808562
10.954836
10.707752
11.078701
10.690969
10.759256
10.871397
10.572011
10.628761
10.358689
10.578146
10.548484
10.853929
10.684414
10.501562
10.774669
10.936781
10.630568
10.615376
10.640895
10.848996
10.733217
10.750978
10.705997
10.834777
10.576183
10.482697
10.661623
10.746696
10.666873
10.778606
10.579653
10.603814
10.656984
10.889548
10.595887
10.783669
10.754904
10.660543
10.754921
10.642578
10.606127
10.600041
10.635208
10.418150
10.743173
10.788583
10.807624
10.619061
10.634730
10.809210
10.867201
10.789082
10.591363
10.597248
10.561353
10.673709
10.676849
10.900012
10.986690
10.794312
10.760998
10.780270
10.596606
10.738508
10.836127
11.085104
10.453309
10.717373
11.229279
10.930224
10.840985
10.672905
10.600542
10.515555
10.642097
10.735527
10.829114
10.607861
10.895229
10.592351
10.652609
10.752775
10.689469
10.708303
10.787646
10.521383
10.537920
10.705954
10.735424
10.705537
10.691065
10.903304
10.759505
10.641201
10.924246
10.578407
10.711255
10.799968
10.934644
10.761440
10.742509
10.476330
10.661409
10.862105
10.800098
10.720531
10.694278
10.664614
10.601277
10.657829
10.714827
10.743468
10.863275
10.775797
10.645338
10.549987
10.825947
10.677782
11.133767
10.641564
10.668168
10.876184
10.943558
10.667580
10.764211
10.629256
10.760945
10.729905
10.675101
10.796755
10.636375
10.675690
10.882960
10.756984
11.145561
10.954358
10.487271
10.836585
10.624209
10.625635
10.835857
10.666106
10.728344
11.130663
10.578017
11.348242
10.851856
10.664008
10.804171
10.590330
10.609123
10.637710
10.919053
10.491625
10.762557
10.698018
10.604838
10.775556
10.831867
10.676541
10.953792
10.753639
10.701011
10.623060
10.638847
10.972874
10.571451
10.546411
10.758337
10.722981
10.637602
10.602321
10.684527
10.491637
10.413881
10.421739
10.915947
10.918205
10.573390
10.821542
10.709481
10.687193
10.530537
10.771486
10.748577
10.847490
10.834608
10.729217
10.870347
10.659396
10.725932
10.498788
10.595703
10.735959
10.871952
10.667739
10.524788
10.387849
10.651612
10.805695
10.780043
10.811994
10.935675
10.948551
10.587629
10.734357
10.847219
10.721806
10.595693
10.799647
10.809485
10.700247
10.830068
10.641061
10.659650
10.658152
10.733865
10.898231
10.987962
10.854920
10.513087
10.610529
11.082328
10.746686
10.594419
10.774714
10.583377
10.805983
10.744713
10.877242
11.282101
10.716316
10.590722
10.729938
10.617600
10.671084
10.717212
10.810291
10.780968
10.719132
11.022140
10.574082
10.635750
10.614265
10.550009
10.547335
10.621681
10.844851
10.630479
10.510482
10.748475
10.668729
10.505065
10.526203
10.767010
10.564379
10.674733
10.925701
10.881015
10.740575
10.616805
10.597005
10.500640
10.794317
10.657153
10.793074
10.658801
10.785091
10.812405
10.927929
10.994748
10.778229
10.669729
10.716740
10.965867
10.510382
10.560114
10.877533
10.870799
10.582715
10.784192
10.700677
10.739222
10.659709
10.609283
10.740770
10.628735
10.599299
10.645996
10.606757
10.766797
10.927042
10.795176
10.822255
10.772045
11.079858
10.678732
10.793584
10.533660
10.709800
10.454081
10.743564
10.737404
10.888695
10.597620
10.575098
10.470849
10.734843
10.843723
10.719857
10.808581
10.900576
10.536325
10.659939
10.683512
10.674360
10.677428
10.611152
10.708595
10.534449
10.679395
10.708320
10.713939
10.602991
10.687086
10.843120
10.665315
10.745088
11.003305
10.553707
10.596932
10.684846
10.410883
10.830480
10.738415
10.729747
10.586260
10.603809
10.520463
11.014927
10.550341
10.634902
10.832402
10.571713
10.658128
10.584931
10.781932
10.533862
10.447558
10.728579
10.823388
10.666700
10.757864
10.600422
11.162271
10.756218
10.503011
10.958443
10.560048
10.765405
10.534600
10.594937
10.593586
10.690261
10.782078
10.874465
10.671192
10.984269
10.718570
10.874951
10.642481
10.721242
10.629774
10.722320
10.806580
10.574279
10.780772
10.551474
10.697594
10.607729
10.730902
10.715204
10.561859
10.929204
10.644818
10.771806
10.793856
10.673077
10.602535
10.913128
10.747291
10.792671
10.680237
10.530155
10.768900
10.731342
10.670496
10.726146
10.542180
10.981240
10.688027
10.723770
10.758742
10.663017
10.565050
10.688024
10.540714
10.623341
10.553460
10.725148
10.595774
10.923325
10.411541
10.869842
10.639407
10.589810
10.981768
10.820552
10.504071
10.459116
10.804070
10.590346
10.674661
11.201003
10.572344
10.697188
10.551032
10.695285
10.736750
10.688402
10.817153
10.712599
10.777665
10.867787
11.162258
10.645615
10.687256
10.649320
10.767204
10.667855
10.720753
12.299710
11.149324
10.979106
10.688143
10.764390
10.661296
10.829128
10.645103
10.570757
10.694768
10.617613
10.693233
10.691333
10.822952
10.516757
10.924023
10.840807
10.613357
10.791773
10.708320
10.831029
10.641272
10.663069
10.749377
10.845407
10.584327
10.685447
10.619599
10.632488
10.630108
10.792118
10.574227
10.724808
10.682266
10.806435
10.910030
10.688845
10.614604
10.942432
10.629184
10.831232
10.813072
11.065263
10.570372
11.039466
10.886531
10.930427
10.839287
10.936340
10.796085
10.779648
10.729947
10.909949
10.702164
10.721818
10.778155
10.495999
10.540397
10.884432
10.838838
10.814602
10.791662
10.913759
10.735464
10.494596
10.856197
10.536321
10.600705
10.763831
10.953464
10.743651
10.559383
10.631598
10.620767
10.720139
10.647108
10.711923
10.794404
10.671857
10.809134
10.760144
10.942357
10.806662
10.614278
10.772461
10.571446
10.566493
10.654914
10.508643
10.505362
10.630100
10.464003
10.843549
10.843903
10.558263
10.523715
10.631346
10.339570
10.742636
10.754426
10.666882
10.815791
10.990047
10.798010
10.763878
10.614239
10.702737
10.668347
10.600318
11.152918
10.786303
10.872143
10.774259
10.553344
10.705877
10.699904
10.980174
10.914492
10.585056
10.637230
10.669287
10.812682
10.673363
10.884061
11.042418
10.646534
10.753932
10.742058
10.717698
10.580868
10.580868
