10.637977
10.558036
10.761698
10.676843
10.699110
10.577240
10.718951
10.896295
10.891839
10.830054
10.541588
10.736498
10.540641
10.427873
10.750009
10.818394
10.522522
10.673399
10.525111
10.957353
10.681076
10.748023
10.807960
10.509274
10.786583
10.839975
10.708512
10.708268
10.630504
10.877870
10.858826
10.743739
10.681645
10.588661
10.803543
10.664138
10.682036
10.848808
10.975821
10.680931
10.972086
10.410306
10.858962
10.639877
10.669012
10.694916
10.654495
10.882970
10.807832
10.713000
10.705899
10.712648
10.778659
10.726187
10.754268
10.686160
10.746765
10.722938
10.501392
10.768726
10.663644
10.606227
10.950275
10.842894
10.873768
10.766929
11.016423
10.715400
10.725845
10.685837
10.852283
10.578898
10.790835
10.873882
10.602577
10.703327
10.867484
10.617210
10.837076
10.670938
10.776271
10.633092
10.510610
10.667954
10.810858
10.752623
10.628698
10.558723
10.873169
10.736609
10.889631
10.840012
10.931437
10.865092
11.068307
10.640097
10.570467
10.589101
10.704436
10.667085
10.779404
10.628495
10.657761
10.674716
10.613381
10.746973
10.742710
10.497953
10.923352
10.792992
10.577587
10.733218
10.684075
10.712938
10.988574
10.546112
10.683455
10.893738
10.522874
10.802696
10.655787
10.531092
10.537454
10.697051
10.548796
10.804193
10.789793
10.796082
10.730443
10.544687
10.679116
10.844126
10.685887
10.820663
10.601746
10.574523
10.937219
10.706826
10.681879
10.690727
10.868954
10.686275
10.802876
10.794503
10.770493
10.917971
10.471321
10.728574
10.919121
10.955112
11.654737
10.583326
10.948780
10.983380
10.747831
10.627337
10.655292
10.500557
10.928984
10.660408
10.655048
10.800037
10.679826
10.735665
10.789394
10.750220
10.662487
10.547687
10.621791
10.926121
10.498132
10.512122
10.803554
10.680488
11.037016
10.790007
10.888347
10.775864
10.600042
10.536621
10.705114
10.648441
10.788105
10.684702
10.644840
10.670717
10.663582
10.748252
10.572217
10.765895
10.751223
10.935505
10.596614
10.635604
10.736114
10.537937
10.683592
10.722635
10.729238
10.724063
10.872358
10.652803
10.793028
10.700052
10.600550
10.567082
10.708963
10.886496
10.787136
10.709287
10.700005
10.701971
10.790470
10.587574
10.687916
10.945255
10.673999
10.588565
10.707621
10.590025
10.681205
10.530739
10.523068
10.762272
10.836259
10.539411
10.757012
10.580892
10.857406
10.914308
10.652929
10.526354
10.779016
10.530828
10.717617
10.954023
10.534576
10.495406
10.653959
10.478546
10.655594
10.675132
10.741673
10.502025
10.634545
10.721927
10.785116
10.565616
10.561703
10.808297
10.483195
10.474146
10.965364
10.809953
10.578480
10.668123
10.631739
10.826085
10.687047
10.522443
10.625331
10.662871
10.599626
10.736422
10.986469
10.638351
10.541978
10.619035
10.978015
10.550016
10.533509
10.774900
10.591965
10.742847
10.616796
10.703211
10.588992
10.686162
10.591803
10.581476
10.582342
11.040545
10.559455
10.597173
10.733686
11.185763
10.777394
10.580781
10.817283
10.749192
10.696669
10.677182
10.687008
10.880705
10.694179
10.907473
10.704246
10.660902
10.898678
10.459291
10.687744
10.693339
10.822144
10.665401
10.550499
10.864063
10.873840
10.758167
10.749544
10.512403
10.568063
10.628721
10.853707
10.555723
10.660110
10.689802
10.608449
10.734941
10.850806
10.742482
10.655540
10.689528
10.774234
10.647731
10.423882
10.569891
10.730423
10.681622
11.051442
10.596534
10.603224
10.712465
10.977791
10.722157
10.674117
10.520295
10.634799
10.784828
10.657848
10.798132
10.873922
10.486949
10.711031
10.776690
10.594793
10.541450
10.885604
10.890400
10.515832
10.925325
10.676258
10.723533
10.679301
10.652831
10.615248
10.896342
10.995426
10.663724
10.797610
10.597908
10.708761
10.742366
10.764977
10.737716
10.648425
10.572301
10.775419
10.708724
11.079449
10.469599
10.747002
10.536438
10.550971
10.666376
10.594244
10.504206
10.648619
10.619073
10.624595
10.912689
10.894484
10.664536
10.456539
10.764241
10.810088
10.691956
10.882449
10.623197
10.652209
10.841478
10.644781
10.817340
10.787694
10.509001
10.851115
10.690521
10.693954
10.493025
10.756708
10.757013
10.832539
10.588933
10.604914
10.644765
10.758680
10.681543
10.584845
10.672727
10.479908
10.919050
10.928173
10.849733
10.871854
10.610612
10.874352
10.652890
10.678499
10.542582
11.124794
10.563981
10.376455
10.781132
10.916344
10.777641
10.671648
10.878571
10.682642
10.635898
10.621968
10.532193
10.934014
10.831317
11.165879
10.806963
10.621605
10.701599
10.662343
10.638628
10.677521
10.823868
10.354677
10.798812
10.752361
10.630674
10.782787
11.031939
10.687604
10.632410
10.815347
10.651870
10.602365
10.652878
10.785740
10.574100
10.673696
10.929359
10.786020
10.643702
10.779683
10.506465
10.583902
11.036864
10.569947
10.518461
10.649359
10.932056
10.676334
10.758613
10.580241
10.706043
10.709965
10.675729
10.495986
10.737186
10.519676
10.603827
10.693993
10.716966
10.612264
10.521338
10.679492
10.585404
10.633357
10.634297
10.742972
10.754406
10.673922
10.848108
10.695207
10.623088
10.813101
10.591278
10.675984
10.832761
10.826815
10.502473
10.707769
10.710622
10.527279
10.510862
10.488362
10.577162
10.758260
10.878052
10.766097
10.708873
10.633619
10.632440
10.776128
10.631534
10.616671
10.823659
10.772859
10.679070
10.558728
10.529787
10.766701
10.513316
10.912770
10.752954
10.693622
10.728714
10.774593
10.780088
10.663741
10.733591
10.704670
10.781979
10.683414
10.595695
10.601841
10.664119
10.847781
10.869776
10.592075
10.892797
10.678578
10.494993
10.566053
10.904586
10.868136
10.781627
10.600629
10.477968
10.559793
11.043923
10.645834
10.562303
10.724021
10.522372
10.802386
10.749994
10.472792
10.608831
10.732583
10.519826
10.581567
10.502596
10.630869
10.667342
10.750314
10.848593
10.640028
10.609515
10.625710
10.668036
10.704579
10.866733
10.819906
10.882689
10.769656
10.944826
10.675542
11.134004
10.685655
10.743806
10.589594
10.805273
10.731861
10.827623
10.710504
10.685367
10.642946
10.560930
10.766029
10.693863
10.642329
10.692559
10.804622
10.503085
10.967241
10.732625
10.720372
10.949229
10.734502
10.573947
10.774375
10.834705
10.846550
10.801838
10.598028
10.851246
10.861352
10.499026
10.650135
10.721434
10.683218
10.628983
10.773736
10.703748
10.964293
10.661609
10.680538
10.594453
10.739206
10.370427
10.948990
10.554078
10.918623
10.597981
11.079627
10.754993
10.581622
10.570517
10.645019
10.695128
10.947340
10.915168
10.765926
10.958453
10.680815
10.692670
10.577071
10.661306
10.531440
10.643997
10.636707
10.543780
10.773864
10.879536
10.812079
10.727909
10.653810
10.733742
10.671681
10.804406
10.627462
10.764929
10.562900
10.940290
10.646682
10.858290
10.781697
10.614061
10.879610
10.847357
10.872978
10.464733
10.656352
10.685185
10.931247
10.668816
10.829164
10.835756
10.648768
10.664542
10.938612
10.614047
10.669996
10.729681
10.582098
10.643919
10.647040
10.743536
10.684769
10.799148
10.729841
10.688520
10.584826
10.668568
10.757483
10.739241
10.677967
10.543426
10.806599
10.590324
10.601304
10.735802
10.803854
10.740211
10.751478
10.547921
10.675764
11.195876
10.585473
10.757186
10.558461
10.477853
10.642684
10.700944
11.160703
10.885790
10.770086
10.746680
10.642976
10.832239
10.506276
10.566660
10.285686
10.647078
10.883569
10.663103
10.777187
10.862275
10.585764
10.556021
10.660600
10.714168
10.745471
10.569989
10.565661
10.713362
10.566965
10.923590
10.616725
10.637086
11.149411
10.755739
10.945482
10.664376
10.764407
10.714785
10.521870
10.946448
10.642611
10.838191
10.531165
10.642024
10.589849
10.765627
10.861511
10.561136
10.654601
10.709872
10.563500
10.852707
10.818529
10.984969
10.682899
10.808838
10.614396
10.709463
10.813101
10.887422
10.763634
10.857017
10.519511
10.996796
10.614540
10.778141
10.788505
10.536465
10.648794
10.553289
10.787458
10.827680
10.551241
10.700786
10.767885
10.691037
10.949388
10.740604
10.911245
10.596291
10.732133
10.708509
11.015401
10.568799
10.785817
10.900820
10.728903
10.855766
10.793312
10.520090
10.607813
10.658725
10.675589
10.995180
10.839050
10.771035
10.864834
10.669690
10.614131
10.708884
10.623683
10.613052
11.012210
11.497570
10.420022
10.664686
10.619011
10.569539
10.679436
10.773400
10.756274
11.023906
10.869445
10.698501
10.631737
10.675590
10.593635
10.712093
11.058995
10.474853
10.467565
10.718635
11.180227
11.266726
10.676078
10.919045
10.447347
10.796015
10.677485
10.724027
10.676157
10.596669
10.823378
10.883122
10.615738
10.771727
10.906089
10.617201
10.717235
10.773619
10.602303
10.544270
10.726125
10.594221
10.635779
10.591982
10.687718
10.680046
10.721576
10.477968
10.989036
10.877844
10.680553
10.783628
10.724531
10.455930
10.753791
10.534514
10.901982
10.689217
10.840891
10.666289
10.678962
10.684791
10.410577
10.692814
10.712912
10.575533
10.655945
10.751936
10.724941
10.997199
10.691521
10.849634
10.665246
10.580857
10.743560
10.540646
10.720109
10.922792
10.538104
10.703354
10.737365
10.635099
10.873769
10.848045
10.780822
10.955709
10.939627
10.709506
10.682310
10.673504
10.728392
10.654894
10.442562
10.639276
10.549902
10.750243
10.468521
10.616469
10.747930
10.841134
10.751122
10.813232
10.581033
10.627757
10.764561
10.852297
10.800979
10.995176
10.646129
10.736819
10.823081
10.591520
10.688753
10.995281
10.860389
10.835920
10.642974
10.736863
10.716790
10.800521
10.581969
10.804943
10.573240
10.753990
10.801510
10.517892
10.715305
10.556440
10.844394
10.592657
10.793003
10.622160
10.723221
10.803576
10.907380
10.725738
10.807969
10.666918
10.826538
10.621908
10.984145
10.769894
10.822794
10.572537
10.575035
10.652070
10.722157
10.707861
10.695779
10.619591
10.640968
10.628120
10.784089
10.646575
10.726610
10.674886
10.812359
10.822695
10.649214
10.649232
10.730824
10.687219
10.787539
10.842919
10.781777
10.932597
10.730055
10.707247
10.822436
10.588667
10.647719
10.982026
10.361747
10.712277
10.795990
10.827375
10.977330
10.941917
10.843720
10.733756
10.844481
10.732864
10.748402
10.702221
10.745944
10.676595
10.534786
10.687191
10.602182
10.649723
10.740691
10.625166
10.703470
10.853325
10.561085
10.621059
10.568836
10.751383
10.636813
10.548653
10.698317
10.770334
10.713762
10.871453
10.631615
10.767238
10.632223
10.849538
10.808400
10.480022
10.798178
10.693457
10.518803
10.637097
10.826344
10.469479
10.644900
10.683943
10.646568
10.936834
10.596620
10.594691
10.647417
10.607862
10.672564
10.745723
10.531303
10.794183
10.898095
10.679459
10.580704
10.865346
10.847400
10.858915
10.741562
10.502029
10.699364
10.622661
10.765930
10.707282
10.800913
10.772944
10.785735
10.649677
10.867377
10.731821
10.608790
10.709689
10.526742
10.584676
10.712936
10.665675
10.637615
10.787021
10.743283
10.629733
10.807669
10.608782
10.788055
10.967990
10.633365
10.819421
10.422444
10.845036
10.768527
10.682774
10.571750
10.642641
10.834371
10.771903
10.532975
10.745033
10.732650
10.848875
10.657827
10.768288
10.683365
10.851752
10.740446
10.863597
10.593009
10.709351
10.616547
10.665542
10.598956
10.882518
10.623869
11.142105
10.557951
10.613694
10.544487
10.484386
10.570341
10.669451
10.891261
10.948426
10.637940
10.627067
10.542982
10.634469
10.606743
10.726765
10.565266
10.745225
10.716866
10.631855
10.675709
10.744514
10.807802
10.505821
10.597200
10.826860
10.585015
10.899837
10.948989
10.668865
10.889984
10.932985
10.852294
10.513869
10.820305
10.630995
10.689178
10.963976
10.779012
10.722048
10.733570
10.572610
10.660308
10.488308
10.760357
10.636226
10.720120
10.390613
10.737747
10.442833
10.832825
10.677627
10.682918
10.800167
10.779865
10.588842
10.698822
10.624712
10.694715
10.780605
10.802536
10.849405
10.779186
10.450519
10.738739
10.843314
10.551796
10.652016
10.408849
10.756403
10.842014
10.581514
10.814171
10.862197
10.813519
10.562664
10.752113
10.902198
10.869167
10.665416
10.461422
10.693146
10.486707
10.590589
10.634232
10.702712
10.708111
10.728313
10.607194
10.893178
10.656165
10.685678
10.874173
10.540086
10.818952
10.600177
10.647887
10.507438
10.867323
10.702950
11.109040
10.611788
10.680128
10.816154
10.748968
10.911954
10.711765
10.677358
10.515577
10.627385
11.083498
10.627537
10.742898
10.638301
10.952644
10.617294
10.750810
10.600667
10.516006
10.704621
10.578009
10.977946
10.631704
10.913727
10.685836
10.581057
10.736255
10.790891
10.687111
10.724856
10.564255
10.752586
10.510234
10.777469
10.755803
10.951234
10.751211
10.512898
10.590415
10.915524
10.656583
10.753895
10.609060
10.760514
10.736355
10.751204
10.567722
10.663562
10.828443
10.623535
10.515319
10.670116
10.766761
10.726818
10.846981
10.912138
10.710422
10.610334
10.645509
10.791649
10.857078
10.653718
10.767507
10.621896
10.438100
10.691429
10.854714
10.619910
10.622366
10.812131
10.889753
10.712897
10.581549
10.682824
10.687553
10.666008
10.740427
10.756289
10.739985
10.684395
10.610001
10.541853
10.632568
10.602693
10.769921
10.542471
10.703120
10.570091
10.660859
10.863462
10.558961
10.787529
10.601547
10.493558
10.586262
10.872465
10.704062
10.798936
11.267361
10.696565
10.678030
10.601175
10.572555
10.756727
10.488962
10.771654
10.801456
10.625187
10.625479
10.937144
10.470703
10.938650
10.423939
10.559523
10.585909
10.667424
10.505915
10.861178
10.637955
10.811920
10.662559
10.411197
11.076701
10.699977
10.841210
10.778418
10.785483
10.571738
10.726365
10.738292
10.574999
10.989393
10.734067
10.761510
10.971325
10.919611
10.606436
10.736796
10.500219
10.705282
10.616617
10.737010
10.668423
10.759719
10.499514
10.571203
10.880553
10.667812
10.491460
10.794852
10.718381
10.707325
10.700754
10.483299
10.766366
10.708644
10.562816
10.506215
10.659003
10.600317
10.748040
10.659308
10.633827
10.751038
10.720075
10.533964
10.588080
11.164841
10.752618
10.651807
10.640691
10.856158
10.767860
10.764419
10.649626
10.656706
10.576634
10.765155
10.654666
10.887893
10.564842
10.801852
10.672901
10.865482
10.733708
10.625093
10.690458
10.578244
10.914141
10.747054
10.879434
10.841468
10.670690
10.517995
10.918532
10.538856
10.865475
10.808343
10.936211
10.824615
10.729966
10.511117
10.712960
10.686177
10.531909
10.828549
10.657784
10.736052
10.764014
10.593546
10.472397
10.634370
10.796403
10.582136
11.130187
10.752043
10.914860
10.739509
10.694974
10.808426
10.647958
10.677452
10.633331
10.558906
10.804599
10.840689
10.633145
10.740903
10.591678
10.740449
11.059800
10.785088
10.630298
10.659253
10.566185
10.640713
10.810111
10.915386
10.451242
10.444750
10.702086
10.719378
10.594690
10.889546
10.885694
10.715188
10.596070
10.639092
11.132463
10.976361
10.705490
10.660257
10.789382
10.744957
10.880450
10.649506
10.929858
10.606739
10.526797
10.692854
10.656442
10.654988
10.551159
10.541910
10.713052
10.777576
10.782321
10.748820
10.906420
10.566670
10.618107
10.678708
10.618363
10.919695
10.539928
10.677320
10.632163
10.744971
10.784994
10.468752
10.572705
10.595551
10.711642
10.642185
10.557414
10.817338
11.095775
10.746444
10.848727
10.715907
10.985018
10.650012
11.285055
10.849196
10.861119
10.569665
10.775504
10.486569
10.743475
10.692502
10.747432
10.909841
10.722630
10.701577
10.874747
10.868629
10.719954
10.696165
10.640251
10.526567
10.780005
10.769217
10.683765
10.602045
10.590165
10.692357
10.889371
10.791919
10.638096
10.766279
10.716351
10.602656
10.743696
10.697614
10.577341
10.516716
10.476101
10.920276
10.696595
10.726573
10.997901
10.693576
10.581408
10.839487
10.490787
10.671188
10.622287
10.654855
10.635502
10.878378
10.781405
10.788213
10.668916
11.052741
10.656755
10.713590
10.635847
10.530780
11.026062
10.748403
10.411766
10.521844
10.587429
10.591146
10.990930
10.601157
10.644232
10.610894
10.511120
10.611638
10.595175
10.882129
10.487599
10.746141
10.613470
10.725532
10.565088
10.808789
10.582007
10.750473
10.416070
10.677161
10.659251
11.070521
10.613421
10.746301
10.907085
10.739519
10.775388
10.689192
10.762539
10.419376
10.550518
10.663986
10.518308
10.630686
10.671836
10.892213
10.755121
10.493094
10.684270
10.693363
10.670617
10.723110
10.630426
10.698033
10.803503
10.691626
10.680661
10.661295
10.725524
11.012332
10.576182
10.630533
10.417673
10.694884
10.710068
10.965505
10.634243
10.681626
10.817545
10.653989
10.923512
10.717802
10.742626
10.741528
10.745667
10.484977
10.757138
10.464431
10.686727
10.786645
10.589497
10.803130
10.726827
10.764790
10.731836
10.722308
10.596690
10.831568
10.581624
10.693038
10.725335
10.678841
10.522990
10.560769
10.901601
10.602180
10.794036
10.709104
10.827132
10.553948
10.626478
10.887001
10.732179
10.801559
10.823868
10.642878
10.416513
10.723670
10.624773
10.515545
10.709594
10.709529
10.723441
10.852903
10.488148
10.873570
10.759592
10.828885
10.808997
10.704463
10.537545
10.481875
10.613173
10.615589
10.632224
10.639754
10.849329
10.905439
10.817438
10.547783
10.517412
10.605174
10.551761
10.888734
10.514752
10.502645
10.613180
10.685021
10.647667
10.496167
10.693456
10.333095
10.664053
10.722831
10.536543
10.616211
10.853866
10.649277
10.674385
10.604458
10.624174
10.818507
10.692654
10.621274
10.507207
10.812567
10.477068
10.870911
10.686016
10.529051
10.527076
10.796643
10.670049
10.345007
10.766863
10.605177
10.821233
10.746961
10.696974
10.612481
10.660306
10.678071
10.505244
10.597811
10.502434
10.802206
10.593210
10.774098
10.815408
10.719573
10.761009
10.736824
10.794402
11.321911
10.833763
10.868653
10.433967
10.795014
10.645702
10.634454
10.605795
11.178199
10.645847
10.736696
10.487358
10.760847
10.289544
10.642838
10.838856
10.690747
10.763518
10.829358
10.972417
11.031819
10.636477
10.632085
10.762631
11.010952
10.637217
10.724284
10.753413
10.747031
10.694329
10.615444
10.813967
10.701450
10.712627
10.782853
10.627983
10.666111
10.662356
10.632265
10.808525
10.715713
10.752260
11.037556
10.517932
10.542842
10.571638
10.863432
10.749314
10.668595
10.558067
10.619944
10.965125
10.813738
10.692465
10.686847
11.031362
10.849804
10.653160
11.095679
10.468292
10.928388
10.743149
10.951233
10.488438
10.645761
10.628036
10.954596
11.250902
10.983722
10.819105
10.613690
10.835119
10.677166
10.850339
10.544872
10.479056
10.693675
10.841087
10.809496
10.503539
10.663117
10.637903
10.843796
10.593051
10.630231
11.042155
10.500548
10.575988
10.792519
10.589765
10.703258
10.643746
10.667005
10.618839
10.575850
10.753205
10.790339
10.829727
10.874699
10.789822
10.478975
10.514111
10.625920
10.891105
10.849492
10.521775
10.836395
10.756828
10.629838
10.730162
10.505426
10.537826
10.849145
10.747844
10.728356
10.946993
10.878246
10.994208
10.666643
10.638796
10.737976
10.526858
10.600418
10.479469
10.738321
10.684394
10.767107
10.505720
11.021532
10.717539
10.715246
10.614719
10.790547
10.611758
10.535434
10.810458
10.692869
10.832380
10.607138
10.921038
10.683245
10.832211
10.562963
10.762968
10.572749
10.660332
10.775130
10.611904
10.802950
10.668265
10.865711
11.274029
10.657439
10.680108
10.951827
10.819897
10.839207
11.042057
10.618697
10.570306
10.986980
10.503116
10.840234
10.662381
11.059810
10.743896
11.007869
10.803012
10.488237
10.542745
10.821429
10.743149
10.533267
11.198643
10.752859
10.531656
10.808253
10.560303
10.805317
10.458674
10.843419
10.927693
10.715937
10.653601
10.498659
10.513382
11.115059
10.500913
10.926349
10.731739
10.645950
10.626288
10.605235
10.725309
10.788533
10.658387
10.808136
10.840596
10.533098
10.627697
10.779673
10.782067
10.802618
10.903002
10.737324
10.602105
10.582801
10.590337
10.673499
10.686088
10.824782
10.677010
10.694312
10.563808
10.630029
10.846115
10.727519
10.621624
10.812613
10.588018
10.623551
10.604629
10.505948
10.831381
10.685804
10.730839
10.665038
10.917105
10.704731
10.733363
10.634911
10.949080
10.742707
10.609944
10.681520
10.794938
10.726336
10.717625
10.831560
10.791041
10.702931
10.719352
10.451818
10.717673
10.698507
10.671050
10.437203
10.749922
10.717980
10.629307
10.655410
10.750952
10.459040
10.946302
10.631032
10.600640
10.637223
10.741322
10.650176
10.694154
10.585705
10.693829
10.581671
10.670485
10.908989
10.532184
10.555543
10.572198
10.784346
10.838852
10.927375
10.618433
11.042612
10.483794
10.826190
10.716494
10.595426
10.770826
11.314691
10.564567
10.752324
10.703956
10.722528
10.690157
10.692892
10.439253
10.675926
10.732141
10.751413
10.751172
10.665068
10.703761
11.056350
10.516056
10.736815
10.764378
10.588062
10.541458
10.669461
10.774717
10.645240
10.831240
10.639974
10.672174
10.604352
10.598413
10.840082
11.007582
10.632007
10.604167
10.633837
10.752923
10.825731
10.586027
10.806172
10.445781
10.647040
10.655133
10.665338
10.554247
10.648311
10.691552
10.702419
10.577313
10.735269
10.910449
10.790826
10.590148
10.475723
10.495202
10.808143
10.715903
10.674665
10.547409
10.854399
10.696320
10.658593
10.598605
10.751758
10.732588
10.712706
10.636665
10.687811
10.674576
10.510864
10.822152
10.825667
10.646518
10.714035
10.815440
10.653796
10.466947
10.627625
10.810061
10.949263
10.767045
10.900408
10.700435
10.509138
10.673146
10.691889
11.032815
10.607330
10.705551
10.590547
11.288982
10.750746
10.728283
10.718520
10.625145
10.429866
10.691178
10.876952
10.688415
10.672406
10.605003
10.899218
10.725222
10.475067
10.694900
10.689105
10.579767
10.523895
10.594877
10.637597
10.588342
10.602781
10.734790
10.583199
10.561965
10.953070
10.727457
10.855639
10.837606
10.540511
10.806318
10.591489
10.624317
10.580990
10.630835
10.761179
11.196810
10.724419
10.672132
10.608688
10.475029
10.618693
10.745705
10.635516
10.698976
10.562730
10.705374
10.518616
10.615176
10.514196
10.593370
10.848684
10.760245
10.810889
11.239923
10.691253
10.639871
10.704197
10.881311
10.892485
10.748506
10.746181
10.834728
10.526325
10.894208
10.625175
10.678079
10.614881
10.724230
10.816564
10.714541
10.624088
10.749805
10.346785
10.486300
10.797488
10.753655
10.680466
10.487049
10.572743
10.797965
10.723574
10.562038
10.568097
10.741523
10.839424
10.661909
11.041234
10.673435
10.331232
10.651746
10.658092
10.772636
10.596934
10.612250
10.753503
10.655499
10.590319
10.470914
10.640054
10.565122
10.770166
10.941012
10.745413
10.584955
10.766920
10.722095
10.730489
10.703784
10.491910
10.463067
10.651269
10.785646
10.697918
10.639239
10.747207
10.534911
10.688597
10.679816
10.984096
10.925425
10.393836
10.604571
10.682366
10.600242
10.740326
10.506994
10.776335
10.658170
10.703884
10.631259
10.639456
10.611304
10.836322
10.804028
10.584091
10.681149
10.786124
10.518824
10.753227
10.604974
10.537160
10.652255
10.687514
10.731114
10.636870
10.558767
10.758745
10.554967
10.777472
10.697677
10.771319
10.801867
10.605320
10.720382
10.706161
10.656277
10.614352
10.770633
10.726953
10.724344
10.589779
10.774249
10.983978
10.712181
10.521571
10.515318
10.449334
11.165100
10.451242
10.853843
10.794985
10.756913
10.592956
10.740063
10.742627
10.815561
10.606723
10.789772
10.743684
10.492417
10.599599
10.724213
10.828171
10.781339
10.872610
10.757058
10.558852
10.685124
10.454892
10.719051
10.811886
10.721731
10.730607
10.583088
10.918953
10.707578
10.721161
10.643807
10.859235
10.681613
10.986108
10.945120
10.755902
10.774068
10.788055
10.437253
10.499578
10.637455
10.446768
10.942192
10.679884
10.727858
10.655110
10.648608
11.100241
10.723848
10.507889
10.574819
10.599563
10.831992
10.841012
10.515309
10.408782
10.813210
10.681461
10.553230
10.776372
10.823659
10.702691
10.882694
10.579903
10.589506
10.797841
10.589581
10.799088
10.755453
10.620015
10.421535
10.754987
10.539438
10.840316
10.821543
10.459385
10.700439
10.888210
10.641678
10.678126
10.724479
10.761854
10.711813
10.938178
10.561196
10.709248
10.666517
10.973970
10.733509
10.672774
10.645400
10.599788
10.785502
10.818745
10.667993
10.663069
10.649752
10.676049
10.537927
10.700882
11.069934
10.843644
10.767630
10.914542
10.672270
10.676675
10.582142
10.565789
10.622274
10.760647
11.149075
10.649684
10.683885
10.603781
10.636921
10.773703
10.573949
10.886047
10.611194
10.629421
10.673045
10.715460
10.730624
10.521732
10.740440
10.587772
10.668525
10.830434
10.714751
10.661134
10.705605
10.522504
10.577623
10.561478
10.761035
10.520294
10.581195
10.763948
10.987252
10.751183
10.853875
10.603855
10.560057
10.592149
10.704319
10.977411
10.829877
10.734184
10.716810
10.925796
10.786678
10.620902
10.800441
10.694206
10.809949
10.605805
10.834038
10.806249
10.669452
10.608948
10.605291
10.730685
10.598591
10.772081
10.913845
10.579003
10.827339
10.588324
10.632708
10.744357
10.721706
10.815592
10.599153
10.677080
10.402267
10.952719
10.807076
10.727983
10.524050
10.640130
10.780708
10.642086
10.694820
10.834627
10.706484
10.569889
10.519982
10.674556
10.543057
10.766962
10.500304
10.549558
11.038384
10.660836
10.789014
10.704249
10.710557
10.685409
10.753958
11.090635
10.574058
10.940193
10.815597
10.721897
10.556893
10.423058
10.719688
10.642302
10.798505
10.573994
10.788930
10.748362
10.737195
10.718190
10.883144
10.470630
10.885665
10.744856
10.842356
10.557478
10.714429
10.786016
10.591750
10.662440
10.732652
10.444946
10.653364
10.820906
10.730810
10.618045
10.575749
10.800845
10.599149
10.729702
10.950858
10.573938
10.909034
10.615236
10.577604
10.492447
10.689538
10.580182
10.689065
10.993495
10.567095
10.768092
10.721385
10.795748
10.851576
10.956503
10.719375
10.792929
10.649379
10.779827
10.704121
10.825659
10.985076
10.677570
10.651313
10.719965
10.986596
10.658955
10.698309
10.670897
10.705835
10.668016
10.829844
10.939182
10.584604
10.863753
10.698383
10.680451
11.260313
10.817603
10.721021
10.648701
10.707990
10.980262
10.733822
10.668780
10.849745
10.645576
11.169225
10.638443
10.651717
10.622539
10.777311
10.565510
10.848261
10.566013
10.874365
10.715179
10.853381
10.726620
10.750265
10.838126
10.777862
10.783059
10.633908
10.985108
10.533071
10.902962
10.620258
10.947225
10.456891
10.659097
10.738369
10.446984
10.583884
10.710775
10.564383
10.540961
10.842759
10.891408
10.611296
10.714443
10.486202
10.730974
10.939713
10.572546
10.720197
10.537929
10.664593
10.876072
10.875254
10.917019
10.894779
10.422093
10.837686
10.626029
10.544195
10.549720
10.757295
10.814511
10.732541
10.702458
10.430737
10.572738
10.851892
10.803060
10.751077
10.620427
10.825986
11.011551
10.777470
10.675534
10.781265
11.131389
10.658367
10.655333
10.745307
10.777290
10.926282
10.755303
10.843878
10.787588
10.842938
10.614493
10.864877
10.627970
10.583005
10.512476
10.903581
10.674042
10.557168
10.877606
10.918703
10.698324
10.728570
10.468904
10.686118
10.790390
10.857057
10.417674
10.792247
10.866148
11.132351
10.906682
10.724503
10.700230
11.009160
10.597936
10.613189
10.657098
10.729161
10.584904
10.752511
10.766122
10.772419
10.660568
10.745108
10.544435
11.030170
10.663644
10.724063
10.608139
10.574233
10.681835
10.663721
10.459307
10.724448
11.092116
10.910702
10.665853
10.607979
10.852612
10.743785
10.800144
10.687503
10.780991
10.595691
10.816463
10.521369
10.778506
10.893092
10.631965
10.862903
10.536641
10.550735
10.711696
10.830745
10.752473
10.654234
10.659705
10.674067
10.681979
10.582217
10.763641
10.765953
10.794657
10.521287
10.750191
10.634301
10.740365
10.543767
11.031850
10.803999
10.648761
10.806245
10.686365
10.881260
10.592070
10.859655
10.660697
10.592709
10.613294
10.802961
10.850117
10.774863
10.623288
10.836714
10.580118
10.681573
10.788254
10.687897
10.967092
10.607177
10.823520
10.693052
10.832819
10.886049
10.604487
10.605319
10.719360
10.694556
10.923627
10.708917
10.612689
10.573175
10.574576
10.726799
10.736790
10.661164
10.537806
10.692547
10.772008
10.741239
10.757738
10.594123
10.580131
10.800430
10.827974
10.652151
10.461989
10.724145
10.781055
10.686431
10.736507
10.799060
10.688726
10.889530
10.706766
10.612983
10.879066
10.818871
10.752045
10.471817
10.669794
10.711217
10.804076
10.533122
10.825763
10.594404
10.755403
10.755163
10.639245
10.589260
10.877662
10.731407
10.775916
10.838214
10.543407
10.591489
10.705145
10.684581
10.752380
10.560105
10.818940
10.704936
10.406164
10.870610
10.594052
10.486329
10.959358
10.710366
11.074945
10.855516
10.903598
10.582131
10.494726
10.714140
10.738614
10.704799
10.983784
10.725242
10.601952
10.625246
10.734598
10.791202
10.589464
10.731330
11.473575
11.180332
11.174763
10.696652
10.774412
10.843071
10.833794
10.732890
10.570202
10.626917
10.347933
10.596051
10.775237
10.595828
10.606924
10.541445
10.694850
10.584390
10.678198
10.581861
10.686420
10.952684
10.508412
10.688653
10.832353
10.617123
10.677372
10.582950
10.862214
10.707143
10.775678
10.720901
10.636380
10.742675
10.648497
10.794690
10.861209
10.652588
10.848379
10.694552
10.639679
10.756537
10.569255
10.753748
10.722083
10.760315
10.684396
10.593602
10.784162
10.557179
10.797061
10.863797
10.686967
10.607316
10.950424
10.725577
10.697270
10.660603
10.678553
10.657294
10.530638
10.490179
10.642413
10.607342
10.727662
10.633852
10.874594
10.748353
10.711407
10.777443
10.667058
10.920543
10.569408
10.622213
10.539062
10.510201
10.560142
10.660557
10.604285
10.895864
10.879332
10.772554
10.726458
10.715014
10.575091
10.515383
10.523835
10.737386
10.715271
10.793803
10.583156
10.915797
10.780942
10.597290
10.785322
10.708653
10.572967
10.729187
10.608193
10.487363
10.692547
10.948851
10.613855
10.693935
10.707669
10.515715
10.769103
10.776575
10.573782
10.491768
10.933079
10.748493
10.780744
10.895462
10.624350
10.836443
10.615159
10.703201
10.698798
10.595905
10.587421
10.590779
10.664267
10.893429
10.514575
11.084066
10.689392
10.828327
10.605403
10.778329
10.947580
10.635381
10.548911
10.787369
10.665722
10.650199
10.925077
10.636634
10.720282
10.757360
10.662251
10.753504
10.753170
10.649274
10.381223
10.669019
10.497494
10.631098
10.763943
10.844676
10.622576
10.775062
10.563384
10.430555
11.032928
10.678565
10.585145
10.670733
10.717668
10.548123
10.507329
10.826359
10.976400
10.570880
10.990138
10.805097
10.604794
10.696321
10.688419
10.771018
10.888660
10.777993
10.755426
10.791353
10.589743
10.811147
10.821580
10.728368
10.729925
10.727037
10.681667
10.733698
10.589945
10.620834
10.630428
10.626659
10.603806
10.615740
10.529528
10.753665
10.455926
10.596428
10.875104
10.458309
11.043172
10.808155
10.665210
10.607122
10.614403
10.575103
10.649853
10.560743
10.654342
10.713884
10.777048
10.593644
10.676003
10.662693
10.716540
10.742484
10.721550
10.590508
10.780872
10.607036
10.670998
10.804257
11.146777
10.673543
10.477200
10.628360
10.857406
10.704308
10.567038
10.728165
10.526279
10.759019
10.585430
10.499171
10.763089
10.710051
10.732164
10.689437
10.821144
10.428328
10.829827
10.531491
10.671041
10.561492
10.652623
10.755513
10.517938
10.589419
10.711462
10.691458
10.746122
10.755804
10.646513
10.612281
10.469970
10.773903
10.679554
10.824705
10.544743
10.845310
10.621158
10.700818
10.778160
10.608993
10.697867
10.825966
10.649430
10.957548
10.840327
10.709616
10.599262
10.695317
10.701776
10.622805
10.573609
10.802280
10.589413
10.514467
10.801052
10.811174
10.732877
10.842900
10.681069
10.683448
10.598017
10.671386
10.691979
10.538527
10.692097
10.607733
11.062704
10.716965
10.763722
10.614961
10.658533
10.599355
10.622414
10.511323
10.595099
10.927516
10.709942
10.748343
10.793487
10.821787
10.760070
10.900737
10.721954
10.518772
10.629932
10.472022
10.678490
10.787154
10.624105
10.620532
10.657875
10.475010
10.788923
10.804584
10.993230
11.069087
10.618925
10.702419
10.768197
10.692248
10.635513
10.614010
10.566198
10.792856
11.011898
10.614635
10.801524
10.722736
11.013239
10.508557
11.814590
10.962309
10.799277
10.565485
10.814238
10.538488
10.611394
10.804201
10.691215
10.686962
10.832582
10.779702
10.829062
10.814187
10.826376
10.808071
10.644772
10.576143
10.765371
10.677805
10.631856
10.751597
10.711704
10.560940
10.573661
10.775051
10.595666
10.853089
10.677770
10.700200
10.971900
10.596643
10.671050
10.676893
10.627685
10.613190
10.772654
10.691317
10.526344
10.608318
10.737959
10.754462
10.674233
10.672122
10.604603
10.669311
10.810722
10.623817
10.765531
10.761058
10.721223
10.950459
10.734675
10.817408
10.576482
10.727761
10.607254
10.916011
10.824210
10.765989
10.685209
10.680240
10.641760
10.716255
10.585069
10.709681
10.839595
10.672612
10.634728
10.539777
10.584347
10.648259
10.549168
10.595528
10.659859
10.860570
10.821020
10.635489
10.508859
10.558833
10.840164
10.690488
11.151829
10.371588
10.461005
10.751727
10.726685
10.818890
10.992454
10.660599
10.647622
10.590620
10.615570
10.768105
10.572972
10.706880
10.712990
10.755094
10.689758
10.675357
10.815660
10.548639
10.620635
10.705129
10.723926
10.640102
10.530215
10.587034
10.950245
10.707929
10.649384
10.631740
10.640671
10.661865
10.514892
10.591644
10.725468
11.205098
10.630802
10.668127
10.616542
10.707939
10.549497
10.713053
10.754237
10.475608
10.606143
10.622354
10.762884
10.747276
10.792044
10.682797
10.579826
10.612849
10.680980
10.553160
10.587515
10.894916
10.720369
10.787390
10.570804
10.764573
10.650632
10.741183
10.765320
10.943542
10.573842
10.590968
10.665447
10.831568
10.936755
10.570034
10.753429
10.677603
10.969236
10.407428
10.683554
10.647370
10.606962
10.887833
10.615806
10.466659
10.691086
10.744723
10.767726
10.703373
10.617150
10.476424
10.760791
10.682770
10.586586
10.699201
10.790542
10.638654
10.593266
10.891539
10.798665
10.695992
10.593185
10.785519
10.845949
10.688556
10.803602
10.767726
10.531242
10.710306
10.831838
10.636008
10.747882
10.584617
10.708712
10.825509
10.682782
10.572449
10.636710
10.660847
10.509378
10.534516
10.728354
10.617854
10.614683
10.794481
10.487669
10.753675
10.682314
10.501015
10.699727
10.803836
10.650065
10.625523
10.715314
10.763972
10.680312
10.729620
10.730113
10.707458
10.523741
10.541521
10.599111
10.585027
10.633511
10.656199
10.685727
10.621044
10.752449
10.516303
10.549997
10.681165
10.564324
10.514260
10.563279
10.723164
10.814265
10.600825
10.761729
10.700617
10.799838
10.618427
10.702325
10.881008
11.146200
10.695649
10.739517
10.755844
10.576318
10.740118
10.786446
10.600979
10.881177
10.696377
10.828888
10.487835
10.745339
10.791303
10.577746
10.954483
10.572133
10.625448
10.970463
10.573595
10.645177
10.619588
10.771235
10.627248
10.401751
11.079041
10.705532
10.745661
10.607673
10.720157
10.777760
10.736512
10.522358
10.617990
10.646424
10.780272
10.631332
10.652644
10.637071
10.572252
10.646258
10.748487
10.580976
10.836359
11.009105
10.664797
10.838164
10.755589
10.813237
10.679236
10.665257
10.754828
10.809167
10.606108
10.672772
10.563829
10.537703
10.604232
10.629475
10.689451
10.629709
10.962143
10.888023
10.687711
10.641366
10.705572
10.684598
10.769594
10.772268
10.594569
11.091604
10.611472
10.526203
10.727486
10.800803
10.663436
10.741448
10.752576
10.562882
10.624687
10.612983
10.668994
11.005317
10.712676
10.734137
10.907705
10.719136
10.773878
10.635448
10.564256
10.688563
10.900055
10.512951
10.751216
10.818613
10.884956
10.559184
10.610953
10.571064
10.616627
10.562703
10.575200
10.770069
10.700571
10.720311
10.789301
10.600084
10.474356
10.615959
10.893936
11.020065
10.622410
11.135408
10.749674
10.503744
10.835970
10.663713
10.768308
10.700528
10.908882
10.663531
10.895639
10.552141
10.701851
10.692455
10.966044
10.491819
10.632274
11.193725
10.825674
10.814334
10.706021
10.609020
10.519686
10.928531
10.432969
10.741658
10.970703
10.609562
10.509710
10.690360
10.671300
10.763641
10.528447
10.709208
10.712185
10.612039
10.655243
10.912875
10.902280
10.937929
10.701118
11.077659
10.658512
10.664713
10.766260
10.696969
10.581914
10.763307
10.325143
10.481616
10.768210
10.633407
10.583782
10.694568
10.666593
10.738317
10.572164
10.664098
10.717730
10.685560
11.115113
10.664471
10.885408
10.765867
10.624424
10.547167
10.465497
10.702428
10.616395
10.633436
10.671075
10.632175
10.832331
10.605562
10.580688
10.803460
10.715316
10.849779
10.539600
10.470051
10.902476
10.688060
10.557559
10.903412
10.657623
10.634588
10.798645
10.889326
10.814151
10.639550
10.708829
10.520741
10.870846
10.628324
10.721850
10.857227
10.725234
10.690449
10.920915
10.520111
10.812448
10.544377
10.591040
10.662232
10.625477
10.752880
10.590562
10.640718
10.715240
10.703507
10.440267
10.748588
10.782068
10.693787
11.208696
10.747371
10.516689
10.674228
10.758216
10.665524
10.797533
10.873324
11.116293
10.799715
10.785140
10.620067
10.818938
10.742512
10.632309
10.704660
10.749937
10.514300
10.885749
10.619545
10.706285
10.683602
10.637976
10.704394
10.558204
10.844839
10.764950
10.839446
10.610830
10.747317
10.524130
10.799060
10.714196
10.816641
10.650628
10.528081
10.686967
10.567114
10.748323
10.824446
10.863876
10.716819
10.647909
10.703744
10.829705
10.708142
10.688499
10.673614
10.496280
10.842389
10.813224
10.732868
10.769455
10.660783
10.642378
10.741163
10.663888
10.501709
10.510174
10.902698
10.892182
10.536688
10.740830
10.674216
10.741143
10.659614
10.658981
10.689994
10.577561
10.661141
10.682946
10.800050
10.774430
10.644472
10.650624
10.492854
10.787376
10.818015
10.633932
10.947048
10.780913
10.506527
10.776115
10.719509
10.575856
10.813195
10.801169
10.699616
10.608588
10.555838
10.692055
10.783629
10.857302
10.640699
10.755213
10.636598
10.577809
10.525696
10.898473
10.625752
10.638799
10.587770
10.856116
10.584698
10.524256
10.887265
10.693389
10.715387
10.636759
10.635900
10.636195
10.682753
10.616453
10.829839
10.700025
10.702444
10.842018
10.557445
10.693740
10.564142
10.589631
10.772812
10.616948
10.698609
10.706130
10.809560
10.479621
10.825243
10.682822
10.733291
10.639980
10.607689
10.807378
10.613722
10.805776
10.554307
10.775526
10.655989
10.598224
10.455390
10.678672
10.687311
10.767256
10.705263
10.827204
10.834142
10.951527
10.570678
10.547445
10.738027
10.869825
10.754068
10.896106
10.634291
10.793055
10.499826
10.437897
10.595919
10.955054
10.640598
10.651945
10.507369
10.713123
10.761378
10.674285
10.784268
10.844750
10.827223
10.843193
10.768506
10.881337
10.801536
10.558709
10.741809
10.603725
10.839322
10.657204
10.666839
10.672503
10.621382
10.732213
10.517896
10.661603
10.639267
10.752256
10.778939
10.582976
10.592904
10.733315
10.804421
10.650418
10.549028
10.692881
10.852272
10.729219
10.816033
10.481264
10.728732
10.517261
10.771065
10.737548
10.440499
10.680761
10.795008
10.703638
10.763425
10.703632
10.865806
10.591513
10.355273
10.872519
10.684611
10.680151
10.635221
10.810571
10.868233
10.543188
10.629178
10.869124
10.702345
10.460910
10.748528
10.598117
10.706893
10.883149
10.763274
10.756108
10.791582
10.580902
10.794638
10.566839
10.806906
10.926270
10.591834
10.695141
10.730768
10.725029
11.038148
10.662406
10.587115
10.584660
10.469526
10.813944
10.602340
10.681870
10.790920
10.799107
10.724979
10.672040
10.781782
10.637057
10.697594
10.513345
10.753191
10.757773
10.629796
10.667470
10.625336
10.670533
10.736798
10.699927
10.599613
10.853357
10.854365
10.501685
10.874052
10.726198
10.530047
10.645050
10.733806
10.299575
10.661429
10.655359
10.788312
10.785909
10.749070
10.721875
10.840068
10.504578
10.642212
10.709413
10.643484
10.540298
10.665281
10.636398
10.499115
10.642349
10.543260
10.779170
10.664844
10.613772
10.718984
10.702974
10.764292
10.797064
10.876156
10.557749
10.653476
10.602014
10.706181
10.734685
10.574168
10.774439
10.631947
10.532917
10.953077
10.871753
10.802246
10.476056
10.433607
10.960253
10.627563
10.609767
10.883875
10.663556
10.770608
10.712298
10.823929
10.584622
10.653089
10.648108
10.611008
10.642533
10.603590
10.925802
11.097379
10.662438
10.952268
10.708874
10.859226
10.652733
10.840805
10.601833
10.835506
10.947779
10.458256
10.751821
10.758479
10.773014
10.899652
11.019456
10.653900
10.749580
10.477222
10.656332
10.481793
10.830809
10.562321
10.497621
10.656313
10.827707
11.100840
10.860585
10.799543
10.661836
10.870815
10.873203
10.866692
10.579312
10.803272
10.750946
10.651488
10.722606
10.761485
10.499208
10.879462
10.693508
10.655443
10.857877
10.727524
10.658997
10.654237
10.575530
10.459516
10.644744
10.529297
10.523599
10.692489
10.717355
10.689502
10.607658
10.770476
10.867080
10.716518
10.523373
10.642755
10.994979
10.606582
10.564792
10.715068
10.777202
10.692826
10.587786
10.768254
10.674912
10.783539
10.611019
10.844726
10.737027
10.656804
10.787106
10.534991
10.517060
10.576505
10.698218
10.636023
10.866026
10.703009
10.739298
10.607307
10.547492
10.876918
10.771903
10.639156
10.700459
10.767159
10.619296
10.675103
10.537023
10.867004
10.691847
10.640911
10.551826
10.737433
10.578902
10.653120
10.730165
10.721131
10.801322
10.782554
10.742755
10.728298
11.033836
10.650588
10.650778
10.525169
10.689597
10.542706
10.987337
10.668489
10.629161
10.744670
10.855799
10.747946
10.717653
10.685049
10.676211
10.773499
10.549930
10.858910
10.665297
10.773143
10.721632
10.804689
10.866015
10.732241
10.594244
10.638970
10.709823
10.577335
10.618556
10.843878
11.017613
10.930059
10.645256
10.564488
10.639014
10.678651
10.416417
10.742634
10.596583
11.223187
10.966071
10.841238
10.788943
10.685938
10.890662
10.629352
10.773234
10.275665
10.684847
10.820872
10.860526
10.729203
10.706031
10.766251
10.610883
11.043038
10.689984
10.705544
10.723985
11.167501
10.952391
11.657615
10.836374
10.564035
10.885031
10.644673
10.930229
10.694779
10.539654
10.670264
10.615829
10.726982
10.717802
10.464524
10.579839
10.697177
10.696379
10.748272
10.759282
10.571641
10.523071
10.590545
10.800725
10.800531
10.659592
10.619282
10.512929
10.761421
10.555214
10.616158
10.528275
10.476073
10.626458
10.731454
10.642015
10.829869
10.539902
10.550534
10.639736
10.644567
10.633532
10.638579
10.697174
10.872136
10.881841
10.837729
10.798446
10.734117
11.023215
10.799935
10.784942
10.620195
10.562862
10.729395
10.721126
10.587188
10.817865
10.597182
10.729370
10.762035
10.631833
10.733271
10.625566
10.541934
10.524597
10.562124
10.822506
10.656106
10.532470
10.666693
10.543332
11.122535
10.708503
10.707434
10.866143
10.635703
10.671423
10.620509
10.880992
10.694802
10.470714
10.597904
10.627355
10.634112
10.612401
10.787441
10.756827
10.571829
10.569875
10.580559
10.798731
10.809848
10.602143
10.725138
10.644524
10.636512
10.426983
10.883454
10.779682
10.816967
10.700246
10.799547
10.720736
10.798951
10.431606
10.505396
10.673472
10.718092
10.745565
10.787559
10.645137
10.672489
10.714965
10.610080
10.720883
10.618717
10.857155
10.782955
10.685001
10.665854
10.812577
10.560640
10.582015
10.500396
10.785312
10.797329
10.923313
10.545358
10.478314
10.965784
10.748634
10.511049
10.685030
10.454462
10.544361
10.669621
10.592982
10.753357
10.856788
10.650709
10.969505
10.703415
10.626694
10.701515
10.581875
10.805613
10.537939
10.573424
10.681505
10.617791
10.683134
10.649384
11.009754
10.830568
10.602307
10.852776
10.598082
10.710070
10.802177
10.996064
10.725197
10.622903
10.687407
11.010493
10.836526
11.008637
10.731155
10.417196
10.390287
10.573289
10.580111
10.993843
10.871962
10.792339
10.777349
10.864623
10.723976
10.525994
10.680375
10.866318
10.809120
10.710230
10.760863
10.617941
10.731832
10.823759
10.557455
10.735161
10.730829
10.553079
10.413069
10.604932
10.718448
10.533286
10.845927
10.744807
11.044811
10.880493
10.758682
10.760533
10.655021
10.742945
10.768673
10.660225
11.033819
10.441265
10.926584
10.604993
10.392375
10.989728
10.696325
10.385109
10.882197
10.756627
10.793313
11.025154
10.527789
10.840597
10.682030
10.544460
10.720401
10.736207
10.708642
10.698300
10.805280
10.760887
10.675152
10.787568
10.727473
10.683587
10.522696
10.790250
10.840014
10.589551
10.806253
10.675879
10.703342
10.795537
10.493680
10.506497
10.547910
10.789714
10.353023
10.842451
10.624990
10.688442
10.682695
10.727353
10.535332
10.861548
10.705241
10.767974
10.667812
10.563269
10.613217
10.963028
10.955821
10.699492
10.630839
11.215374
11.063710
10.862502
10.934859
10.584821
10.599933
10.706895
10.722021
10.795254
10.361389
10.717211
10.769783
10.752825
10.752842
10.371914
10.734024
10.715082
10.552078
10.751500
10.882948
10.689319
10.678163
10.585074
10.667430
10.762878
10.797778
11.045937
10.315461
10.850820
10.658704
10.800451
10.896651
10.792901
11.166914
10.890893
10.926795
10.584748
10.806862
10.620011
10.612826
10.735943
10.789534
10.670409
10.635775
10.594378
10.622239
10.739610
10.772432
10.739520
10.635620
10.640148
10.801118
10.961943
10.604028
10.707568
10.671734
10.503320
10.709640
10.800154
10.881008
10.696949
10.719257
10.770628
10.783675
10.551854
11.078964
10.737442
10.702794
10.806595
10.860994
10.660610
10.723985
10.896181
10.687746
10.556037
10.562702
10.781888
10.770090
10.639992
10.618786
10.543178
10.679936
10.627465
10.763913
10.607190
10.955457
10.834928
10.646880
10.817555
10.520596
10.717583
10.952610
10.752489
10.961216
10.470588
10.682339
10.674875
10.691394
10.557478
10.560307
10.867407
10.613020
10.781007
10.799816
10.986862
11.053024
10.867748
10.690269
10.498042
10.672221
10.888919
10.860627
10.333975
10.652236
10.669029
10.409397
10.667843
10.502688
10.694684
10.642633
10.675684
10.412131
10.661438
10.693861
10.875686
10.723707
10.455384
10.566847
10.482529
10.527385
10.544591
10.658357
10.656223
10.976839
10.619456
10.828460
11.037966
10.618871
10.779417
10.833862
10.533896
10.849516
10.647438
10.566059
10.598240
10.465667
10.625678
10.717444
10.488326
10.606674
10.716318
10.648260
10.764162
10.922951
10.505924
10.797456
10.430010
10.519317
10.695151
10.716895
10.912830
10.647196
10.740129
10.832295
10.747490
10.556301
10.599557
10.778434
10.621965
10.624339
10.633571
10.546322
10.425814
10.661822
10.919495
10.689858
10.834309
10.484829
10.764214
10.748110
10.870990
10.670788
10.684565
10.616157
10.862380
10.741879
10.603962
10.679904
10.760914
10.703855
11.034240
10.982232
10.653015
10.645972
10.489560
10.889331
10.639937
10.542295
10.796431
10.693636
10.795924
10.467358
10.600449
10.742648
10.609851
10.654525
10.626880
10.765784
10.711514
10.801240
10.473217
10.659391
10.744496
10.908121
10.615696
10.890721
10.701984
10.678114
10.733391
10.556054
10.815276
10.670145
10.630568
10.536403
10.724782
10.797289
10.545435
10.795867
10.679692
10.535815
10.681248
10.611262
10.764390
10.613010
10.753151
10.649953
10.713744
10.780577
10.704072
10.548619
10.986334
10.840243
10.711817
10.750553
10.564347
10.613078
10.840272
10.759534
10.830278
10.717288
10.817717
10.547962
10.738534
10.652293
10.681886
10.581862
10.781146
10.759668
10.666764
10.626258
10.722908
10.660965
10.880595
10.501566
10.823400
10.562809
10.912218
10.836311
10.628194
10.547383
10.515599
10.514956
10.571433
10.851372
10.534090
10.728953
10.619744
10.690604
10.972692
10.632924
10.588301
10.610520
10.551956
10.635628
10.718099
10.874518
10.825400
10.663353
10.609353
10.579313
10.568223
10.793955
10.844591
10.484004
10.675370
10.481925
10.777701
10.821527
10.755093
10.601139
10.507138
10.621917
10.647923
11.000582
10.595524
10.916398
10.653338
10.544625
10.622269
10.852192
10.706833
10.609695
10.702248
10.754108
10.667960
10.840644
10.613503
10.499287
10.547904
10.679271
10.667396
10.753891
10.781430
10.751685
10.853789
10.587440
10.882781
10.616162
10.629360
10.591949
10.639282
10.964992
10.839323
10.840321
10.968792
10.556751
10.486941
10.627826
10.690901
10.766930
10.838272
11.030346
10.517379
10.990858
10.844365
10.361867
10.635774
10.658319
10.688711
10.700374
10.579711
10.489525
10.532691
10.997797
11.073166
10.646543
10.431489
10.506468
10.590200
10.654828
10.829750
10.642167
11.558132
11.109259
10.738973
10.744524
10.918396
10.695248
10.632776
10.638320
10.390159
10.603426
10.874126
10.743990
11.183799
10.407372
10.496159
10.738848
10.790998
10.756346
10.882884
10.435034
10.582957
10.795845
10.673422
10.919700
10.624254
10.476583
10.631783
10.523317
10.736033
10.617290
10.505965
10.843471
10.656072
10.718069
10.938738
10.675235
10.647250
10.698192
10.881608
10.687292
10.724376
10.736003
10.868531
10.701124
10.623509
10.998553
10.626041
10.914323
10.531403
10.752990
10.629310
10.625908
11.031513
10.854873
10.838771
10.693407
10.703192
10.803795
10.814657
10.624972
10.750981
10.721667
11.013647
10.569526
10.571939
10.638275
11.058988
10.597221
10.683707
10.845962
10.668290
11.049042
10.801904
10.757926
10.675646
10.773996
10.779071
10.856430
10.727663
10.638352
10.536265
10.784616
10.930116
10.753304
10.636276
10.699076
10.801027
10.520541
10.897295
10.722625
10.740978
10.877600
10.453250
10.749955
10.618097
10.769888
10.688787
10.612498
10.767509
10.485969
10.763174
10.697665
10.677629
10.735818
10.656308
10.628385
10.675106
10.723817
10.796110
10.669156
10.719419
10.694323
10.622708
10.464255
10.531159
10.695695
10.710927
10.610439
10.610363
10.765690
10.616029
10.539760
10.920166
10.924688
10.570011
10.513304
10.520989
10.839528
10.945066
10.799118
10.686989
10.347581
10.788541
10.710663
10.988136
10.633240
10.527453
10.590565
10.531271
10.724364
10.747075
10.588146
10.588287
10.730992
10.783352
10.536327
10.806387
11.022391
10.381444
10.623831
10.678696
10.671782
10.518890
11.193692
10.476382
10.700986
10.799287
10.598451
10.520793
10.550870
10.534140
10.795717
10.563053
10.801826
10.812232
10.661536
10.862711
10.591738
10.538804
10.419165
10.431711
10.646561
10.524079
10.670188
10.438902
10.793160
10.747673
10.637083
10.753280
10.578744
10.464542
10.647344
10.547018
10.931971
10.628993
10.670227
10.743397
10.803095
10.543462
10.630800
10.951002
10.904895
10.651422
10.627795
10.775293
10.614112
10.641697
10.608515
10.596329
10.768596
10.936769
10.846999
11.048740
10.898553
10.784311
10.643876
10.719616
10.499097
10.787628
10.702849
10.838728
10.981080
10.628179
10.747696
10.913968
10.957861
10.514817
10.611753
10.660413
10.623355
10.556299
10.545742
10.558774
10.831604
10.560016
10.681768
10.693146
10.532302
10.580521
10.590264
10.878984
10.638396
10.655493
10.687869
10.716918
10.775027
10.514553
10.585312
10.526037
10.629304
10.769419
10.941256
10.627997
10.631792
10.716094
10.782137
10.724574
10.575997
10.718740
10.760119
10.739631
10.454735
10.608491
10.598918
10.586628
10.822911
10.975633
10.802037
10.498251
10.749056
10.531387
10.926952
10.727735
10.608851
10.550466
10.703481
10.795203
10.825527
10.607646
10.787013
10.676739
11.085685
10.669917
10.597162
10.697990
10.696381
10.928023
10.658442
10.607563
10.606595
10.472954
10.827526
10.585178
10.847891
10.604269
10.804543
11.031413
10.960011
10.820536
10.752892
10.821969
10.858866
10.569822
10.667711
10.640033
10.739833
10.679572
10.620143
10.552187
10.906579
10.736737
10.702905
10.753738
10.391570
10.480796
10.650098
10.758455
10.855650
10.689916
10.907684
10.460982
10.460982
