10.563222
10.752685
10.624851
10.655790
10.797872
10.984262
10.919637
10.743876
10.808143
10.745886
10.878474
10.635609
10.899017
10.868255
10.730923
10.582611
10.672478
10.665291
10.855513
10.557824
10.551632
10.516800
10.727075
10.989614
10.516894
10.685977
10.778673
10.719131
10.467532
10.816374
10.664693
10.798444
10.841940
11.036184
10.853792
10.813282
10.714245
10.712244
10.879433
10.806081
10.455160
11.191292
11.071485
10.799475
10.586694
10.621941
10.859413
10.696361
10.686158
10.977518
10.927484
10.613333
10.873866
10.672225
10.656972
10.483939
10.549032
10.643274
10.643741
10.483929
10.590153
11.179858
10.794504
10.896207
10.628648
10.555112
10.666078
10.634042
10.814358
10.986796
10.812964
10.866262
10.727535
10.784725
10.664885
10.727012
10.627645
10.688939
10.760192
10.677000
10.572771
10.702894
10.746668
10.721165
10.704033
10.728413
10.522689
10.852925
10.596157
10.751560
10.872824
10.761933
10.685339
10.703064
10.629656
10.718669
10.781286
10.839966
10.767975
10.572797
10.773928
10.811306
10.669764
10.903469
10.818282
10.685899
10.848394
10.715698
10.763995
10.474366
10.966554
10.603420
10.528681
10.497752
10.427932
10.608568
10.554377
10.611375
10.607097
10.760103
10.772554
10.857876
10.801914
10.695557
10.769815
10.764255
10.412226
10.999566
10.547942
10.502460
10.569876
10.504351
10.686705
10.543981
10.409743
10.798241
10.661310
10.697265
10.678696
10.467371
10.456036
10.471728
10.556598
10.930846
10.510985
10.885555
10.711333
11.027497
10.648017
10.760871
10.755624
11.134135
10.621396
10.763487
10.690094
10.700485
10.600420
10.694840
10.745528
10.869728
10.736908
10.759765
10.795609
10.617975
10.497705
10.708199
10.641166
10.825783
10.787374
10.888518
10.789164
10.507522
10.503510
10.674351
10.431478
10.767095
10.787534
11.252482
10.620668
10.476147
10.758899
10.511155
10.705401
10.609982
10.788088
10.759237
10.894046
10.715410
10.680812
10.621670
10.614164
11.057551
10.902707
10.682526
10.685048
10.757576
10.574143
10.616702
10.589959
10.546036
10.553907
10.610473
10.556862
10.675114
10.751664
11.368837
10.720820
10.594613
10.672703
10.678864
10.874244
10.654211
10.735750
10.811691
10.673254
10.620747
10.681600
10.946003
10.703888
10.763618
10.785339
10.573498
10.643089
11.009463
10.527707
10.783982
10.657951
10.709573
10.702051
10.588334
10.675218
10.551058
10.542825
10.614942
10.567010
10.769684
10.827090
10.980769
10.740932
10.560086
10.639021
10.767397
10.665321
10.878825
10.725517
10.656695
10.330624
10.794310
10.556910
10.484786
10.478254
10.709998
10.772535
10.575769
10.649427
10.565948
10.492497
10.610715
10.573773
10.773375
10.624179
10.706412
10.843587
10.712251
10.596398
10.680126
10.631839
10.616807
10.614074
10.682940
10.907432
10.612883
10.518188
10.695007
10.547127
10.655172
10.719408
10.677394
10.314476
10.918089
10.847327
10.871730
10.826681
10.852301
10.759456
10.613666
10.538370
10.435286
10.600176
10.670257
10.662527
10.705182
10.669458
10.707906
10.805356
10.623556
10.784773
10.659203
10.768557
10.960520
10.473907
10.997617
10.653101
10.955000
10.809201
10.667721
10.686081
10.544292
10.410540
10.901276
10.510703
10.820588
10.669653
11.129978
10.805643
10.711483
10.613422
10.740789
10.487260
10.768228
10.751321
10.601359
10.848757
10.674167
10.626599
10.845735
10.710352
10.783004
10.632172
10.613466
10.833541
10.702478
10.657451
10.587621
10.721088
10.820998
10.676874
10.629796
10.814174
10.760215
10.964566
10.783714
10.661742
10.649791
10.449041
10.575491
10.584799
10.671095
10.889660
10.609894
10.685242
10.681387
10.824931
10.824668
10.909426
10.651512
10.971157
10.719823
10.819021
11.011774
10.534991
10.658143
10.489651
10.777660
10.877371
10.565810
10.668886
10.705047
10.678986
10.538755
10.515575
10.508362
10.496339
10.445703
10.666692
10.792864
10.594710
10.703771
10.727625
10.542741
10.866495
10.830227
10.758767
10.564749
10.890561
10.786757
10.748789
10.687793
10.583516
10.484572
10.563729
10.900633
10.729304
10.638362
10.704807
10.702679
11.010873
10.698836
10.866259
11.242742
10.742316
10.768595
10.643590
10.597005
11.084145
10.544705
10.818017
10.706552
10.596204
10.669331
10.822863
10.660943
10.795842
10.502612
10.979280
10.995624
10.747403
10.661926
10.508496
10.769490
10.777066
10.964782
10.768765
10.683783
10.704928
11.335533
10.639826
10.821515
10.544888
10.867000
10.497613
10.620464
10.506184
10.849022
10.603734
10.725454
10.990690
10.701409
10.667509
10.977821
10.459923
10.639083
10.639595
10.694910
10.635901
10.504578
10.704973
10.711648
10.580987
10.755261
10.679902
10.747957
10.845226
10.816024
10.687092
10.707188
10.636002
10.977758
10.670876
10.751059
10.634079
10.503279
10.619907
10.751284
10.767831
10.703647
10.608120
10.736040
10.917780
10.750796
10.449693
10.672011
10.508884
10.608733
10.697315
10.706762
10.908398
10.720302
10.756586
10.653462
10.807908
10.754845
10.370145
10.733079
10.544824
10.658616
10.817667
10.681462
10.981028
10.770559
10.760617
10.465222
10.775990
10.674623
10.549863
10.566924
10.715307
10.796849
10.655767
10.639649
10.775025
10.757531
10.789063
10.810261
10.462665
10.804673
10.646697
10.636325
10.670325
10.641843
10.615672
10.668700
10.613562
10.881082
10.551408
10.893229
10.657893
10.674498
10.553010
10.889240
10.693434
10.472941
10.800190
10.771589
10.522793
10.476806
10.865633
10.678080
10.601662
10.970866
10.583317
10.880455
10.669475
10.917742
10.792389
10.600905
10.782227
10.679579
10.682237
10.839956
10.968732
10.619337
10.596909
10.740327
10.705030
10.708615
10.869159
10.797808
10.597200
10.845716
10.883878
10.820700
10.408279
11.132263
10.681055
10.596818
10.717365
10.381616
10.845256
10.892628
10.758277
10.762207
10.906796
10.741014
10.666703
10.782192
10.583462
10.763525
10.723093
10.695382
10.793185
10.558107
10.719569
10.765407
11.064935
10.668526
10.647488
10.709488
10.558691
10.602416
10.766836
10.534156
10.578662
10.648838
10.795405
10.610253
10.744307
10.819291
10.823900
10.655653
10.725160
10.827254
10.567708
10.712529
10.747816
10.735610
10.629907
10.772108
10.861296
10.789338
10.618716
10.842569
10.509989
10.731132
10.668329
10.762388
10.419276
10.953335
10.603974
10.598606
10.678211
10.736030
10.971607
10.785387
10.795325
10.786877
10.890174
10.688343
10.680879
10.622022
10.649157
10.586941
10.770237
10.438568
10.673854
10.744434
10.527211
10.683507
10.621810
10.628752
10.754377
10.821637
10.598427
11.250850
10.674978
10.563983
10.906781
10.664398
10.774572
10.530434
10.632163
10.742695
10.807380
10.561935
10.588314
11.287167
10.506052
10.749110
10.795510
10.815439
10.456325
10.771725
10.657593
10.717024
10.663646
11.084540
10.709574
10.562737
10.705704
10.675153
10.657582
10.699401
10.592242
10.509623
10.659343
10.436687
10.691170
10.892598
10.947230
10.758829
10.575609
10.646553
10.713733
10.734370
10.783872
10.548079
10.959988
10.779094
10.624328
10.659202
10.689393
10.538832
10.628566
10.724502
10.578353
10.804757
10.615936
10.551265
10.694683
10.855177
11.041594
10.694280
10.606605
10.689894
10.635316
10.897304
10.723648
10.758931
10.610647
10.799190
10.623645
10.534564
10.798215
10.829248
10.645202
10.657653
10.925149
10.703270
10.718022
10.587445
10.599002
10.827975
10.600400
10.767201
10.586906
10.950362
10.505073
10.643894
10.925141
10.644734
10.648712
10.679516
10.417266
10.923623
10.685905
10.756532
10.675460
10.602427
10.627773
10.730603
10.765912
10.851945
10.630927
10.524119
10.701488
10.513193
10.422036
10.914124
10.586704
10.765506
10.729047
10.752252
10.540276
10.637262
10.654881
10.785837
10.558590
10.591969
10.614090
10.861346
10.737003
10.838783
10.691152
10.644496
10.792188
10.539186
10.541658
10.691146
10.541954
10.599331
10.948716
10.664248
10.554972
10.499362
10.578114
10.651172
10.579687
10.641711
10.561809
10.677542
10.670633
10.718011
10.832962
10.589848
10.640672
10.734310
10.659993
10.658132
10.483097
10.585413
10.639071
10.897855
10.632162
10.868074
10.595323
10.548836
10.683904
10.350316
10.756115
10.545600
10.748881
10.502495
10.606916
10.787362
10.617715
10.820182
10.488644
10.619106
10.832531
10.600730
10.816211
10.843063
10.897032
10.703978
10.677323
10.919052
10.804854
10.873559
10.437181
10.991987
10.524597
10.823182
10.617867
10.511843
10.714767
10.648537
10.699866
10.490536
10.653712
10.585017
10.609484
10.861300
10.786756
10.777527
10.729227
10.492045
10.939372
10.797375
10.953951
10.812739
10.754083
10.661763
10.698532
10.827924
10.677828
10.635845
10.820376
10.770023
10.800509
10.610021
10.638312
10.932840
10.624849
10.606289
10.557004
10.718142
10.693596
10.763833
10.766123
10.627563
10.557131
10.488588
10.671989
10.519880
10.536212
10.683204
10.896319
10.534240
10.738431
10.599136
10.669323
10.771987
10.728524
10.558608
10.855400
10.730068
10.417482
10.664319
10.904554
10.823579
10.543797
10.864386
10.800357
10.771889
11.046223
10.479229
10.855007
10.642042
10.848947
10.727445
10.818647
10.821238
10.550196
10.761147
10.666765
10.486924
10.670382
11.064978
10.861345
10.583317
10.597051
10.762481
10.638017
10.701649
10.603023
10.653899
10.442227
10.790108
10.790308
10.573740
10.626051
10.891132
10.655936
10.618695
10.640107
10.794319
10.690820
10.691799
10.746241
10.846328
10.811590
10.572644
10.664241
10.517380
10.608975
10.901326
10.610240
10.705722
10.610786
10.726145
10.712897
10.780343
10.464133
10.553176
10.919078
11.011592
10.834022
10.661941
10.779652
10.627451
10.748913
10.629492
10.693180
10.724716
10.706711
10.717873
10.930314
10.398199
10.666621
10.732001
10.640949
10.720485
10.680317
10.899572
10.688628
10.586774
10.744871
10.683093
10.792336
10.809023
10.796002
10.776558
10.476165
10.797770
11.079803
10.713678
10.689480
10.561255
10.622622
10.618443
10.629073
10.895093
10.740637
10.751711
10.636394
10.333038
10.691315
10.508853
10.670513
10.765399
10.862732
11.010149
10.578215
10.709852
10.651593
10.783183
11.025398
10.706459
10.579545
10.606580
10.557616
10.648391
10.621685
10.536876
10.797042
10.695283
10.728060
10.696262
10.650362
10.445963
10.757449
10.845183
10.661274
10.540635
10.920032
10.668842
10.822654
10.597780
10.420223
10.905208
10.676515
10.786469
10.772599
10.819404
10.511573
10.819545
10.636033
10.695060
10.761112
10.629809
10.788452
10.986097
10.778510
10.826927
10.516881
10.605301
10.708454
10.768806
10.902658
10.760161
10.683999
10.900937
10.661210
10.667553
10.531261
10.683946
10.565855
10.713145
10.951798
10.662043
10.920811
10.446348
10.516743
10.672041
10.690750
10.660346
10.688441
10.705172
10.752326
10.594638
10.828587
10.846013
10.731905
10.662737
10.630449
10.711794
10.665012
10.847975
10.967689
10.554497
10.609473
10.761993
10.767377
10.621002
10.703618
10.624637
10.774743
10.744683
10.693700
10.626334
10.683934
10.565654
10.781109
10.981659
10.785189
10.570006
10.777684
10.691790
10.804984
10.728807
10.855125
10.754181
10.681387
10.917738
10.596762
10.641527
10.998919
10.749822
10.681546
10.854601
10.838042
10.862168
10.575895
10.919213
10.471287
10.791998
10.668608
10.927686
10.697521
10.879964
10.668911
10.872717
10.826190
10.668245
10.623708
10.859641
10.612339
10.620361
10.527504
10.724117
10.742059
10.713119
10.606001
10.657350
10.888330
10.657009
11.121046
10.869357
10.856330
10.558151
10.451357
10.663471
10.741663
10.705862
10.723691
10.563820
10.837530
10.730583
10.540881
10.661038
10.518886
10.617918
10.747895
10.663755
10.772248
10.668908
10.683659
10.800550
10.502350
10.703298
10.571166
10.803339
10.720457
10.558724
10.706450
10.623114
10.570723
10.636455
10.590224
10.447667
10.678020
10.909165
10.786001
10.540178
10.601965
10.705260
10.836130
10.606333
10.751877
10.866551
10.673609
10.794543
10.816618
11.108497
10.864037
10.848801
10.702329
10.471233
10.639828
10.740309
10.793771
10.823878
10.910183
10.677517
10.756617
10.605708
10.752245
10.477448
10.751421
10.731035
10.537108
10.571177
10.659745
10.633083
10.720988
10.621224
10.787027
10.881709
10.726141
10.704395
10.659998
10.749574
10.565457
10.603921
10.672384
10.705428
10.848094
10.750086
10.732660
10.679802
10.888437
10.864663
10.757226
10.852935
10.586329
10.772820
10.682887
11.023547
10.657553
10.783264
10.636276
10.883222
10.771167
10.950249
10.719057
10.478977
10.728921
10.370769
10.641630
10.694081
11.038461
10.676866
10.673600
10.798455
10.508195
10.659971
10.671529
10.901941
10.529226
10.645319
10.723248
10.730413
10.621957
10.566819
10.741978
10.726537
10.632139
10.682188
10.841717
10.907027
10.569466
10.683624
10.650063
11.273663
10.653144
10.669016
10.512619
10.903105
10.913744
10.775826
10.566292
10.789410
10.539154
10.719122
10.827874
10.956428
10.753836
10.489203
10.684057
10.794253
10.626508
10.748384
10.988799
10.769978
10.654047
10.725071
10.465232
10.661920
10.534340
10.733298
10.560365
10.354370
10.579545
10.771697
10.675862
10.712808
10.728474
10.822385
10.585075
10.596132
11.023795
10.517091
10.584253
10.728906
10.625245
10.725670
10.800187
10.984909
10.524971
10.743403
10.957300
10.718100
10.675638
10.725700
10.659783
10.882988
10.533965
10.796826
10.734644
10.668278
10.717125
10.588554
10.481737
10.809934
10.585370
10.584452
10.739930
10.672762
10.479989
10.885773
10.683485
10.604694
10.850379
10.580716
10.631362
10.728684
10.719503
10.682757
10.512502
10.589991
10.941550
10.795283
10.802876
10.570314
10.794481
10.862968
10.894606
10.654996
11.022508
10.631114
10.715668
10.737318
10.797047
10.649392
10.765877
10.506816
10.728678
10.831465
10.941884
10.565603
10.974466
10.776494
10.714840
10.618058
10.738981
10.577984
10.594909
10.796012
10.687192
10.786849
10.569077
10.709067
10.673641
10.607397
10.619737
10.540420
10.869225
10.585139
10.560400
10.504478
10.777153
10.859079
10.575595
10.818702
10.632361
10.695311
10.664718
11.232482
10.561617
10.637555
10.588530
10.706276
10.825455
10.557414
10.900999
10.552619
10.710182
10.640014
10.665180
10.626651
10.661436
10.523429
10.795903
10.646360
10.677296
10.730614
10.676938
10.691934
10.778457
10.450642
10.560710
10.849820
10.659215
10.619260
10.703481
11.051521
10.668505
10.543946
10.666269
10.773654
10.969175
10.812899
10.555414
10.670985
10.741117
10.641598
10.700457
10.668092
10.681643
10.902506
10.867351
10.843674
10.789759
10.603303
10.848768
10.687306
10.830772
10.595453
10.787854
10.668658
10.822420
10.662947
10.462675
10.672063
10.665314
10.825474
10.832791
10.705271
10.841871
10.741414
10.591571
10.921502
10.611728
10.522203
10.403357
10.670963
10.889505
10.717136
10.818872
10.678481
10.626513
10.487278
10.786988
10.941505
10.516462
10.758664
10.679596
10.603532
10.515106
10.551364
10.783916
10.663568
10.670982
10.527926
11.023582
10.769411
10.616309
10.945161
10.732743
10.616164
10.653200
10.502178
10.637561
10.712108
10.694895
10.518540
10.866347
10.822170
10.641230
10.741315
10.418677
10.649672
10.622190
10.737454
11.087899
10.641012
10.798501
10.580937
10.504500
10.804901
10.667160
10.639778
10.738657
10.546040
10.600199
10.564813
10.640596
10.821770
10.922138
10.557919
10.468359
10.765306
10.881130
10.602510
10.894530
10.583905
10.659977
10.863169
10.634113
10.778939
10.780618
10.725293
10.813445
10.568046
10.648832
10.642317
10.769170
10.596579
10.536021
10.816270
10.883647
10.746595
10.868192
11.218996
10.637114
10.644285
10.797103
10.937663
10.840064
10.719407
10.628050
10.550628
10.602726
10.678136
10.714883
10.871255
10.705782
10.847003
10.660685
10.619510
10.708881
10.734786
10.523815
10.525905
10.580846
10.764809
10.872801
10.804948
10.737512
10.793843
10.585440
10.541308
10.684378
10.563460
10.570856
10.721934
10.698485
10.638478
10.683059
11.024466
10.566830
10.497766
10.708859
10.864805
10.727045
10.794611
10.721044
10.683637
10.648796
10.973479
10.524177
10.665391
11.013966
10.615339
10.555542
10.730522
10.515095
10.907989
10.720408
10.650824
10.679273
10.735039
10.865141
10.730643
10.757965
10.567776
10.603034
10.453798
10.859249
11.012662
10.926723
10.611968
10.940455
10.868492
10.916695
10.759794
10.559517
10.656429
10.987051
10.473365
10.614422
10.704822
10.697070
10.687439
10.465226
10.617161
10.577677
10.880392
10.834136
10.815111
10.834941
10.842691
10.627980
10.598987
10.723467
10.653193
11.063615
10.867347
10.791724
10.754840
10.552564
10.768924
10.718881
10.642105
10.721435
10.833522
10.616014
10.808510
10.877990
10.793850
10.764997
10.917162
10.596929
10.517079
10.726840
10.683556
10.693311
10.657388
10.522680
10.836433
10.907535
10.681146
10.629022
10.677937
10.436798
10.769324
10.727471
10.577418
10.814042
10.685323
10.689926
10.773319
10.539545
10.954592
10.654132
10.839803
10.786284
10.704987
10.987044
10.801768
10.921885
10.855261
10.754755
10.510960
10.707039
10.500962
10.869745
10.368630
10.786043
10.728945
10.900807
10.695982
10.719986
10.830037
10.598981
10.596189
10.737022
10.708774
10.770504
10.552518
10.836011
10.944586
10.559324
10.645176
10.743558
10.937881
10.630305
10.725416
10.672529
10.738112
10.612629
10.636290
10.527988
10.584092
10.541239
10.885834
10.840949
10.947773
10.676677
10.722157
10.791528
10.629764
10.690543
10.773354
10.730537
10.600523
10.851845
10.524284
10.588992
10.749963
10.619865
10.578678
10.685466
10.613695
10.765677
10.527469
10.917986
10.624101
10.838017
10.611598
10.798809
10.742648
10.614276
10.654809
10.789786
10.591035
10.759297
10.571903
10.666404
10.659517
10.757221
10.641427
10.567763
10.843595
10.753618
10.565644
10.747041
10.710918
10.690866
10.645642
10.705725
10.715141
10.671285
10.599669
10.697801
10.671231
10.789912
10.590151
10.669225
10.457927
10.753522
10.686253
10.780629
10.655735
10.617637
10.805982
10.435483
10.654960
10.746693
10.571487
10.851694
10.579630
10.642631
10.858355
10.490816
10.559021
10.823280
10.831790
10.744576
10.872860
10.814412
10.680567
10.467395
10.622276
10.653958
10.848511
11.004976
10.892054
10.737303
10.801219
10.746925
10.738030
10.541265
10.656568
10.658388
10.527903
10.741814
10.655775
10.805122
12.204179
10.694162
10.775583
10.675318
10.601158
10.752392
10.628615
10.764658
10.415481
10.620080
10.788321
10.675141
12.382862
10.991523
10.828715
10.685081
10.768278
10.681411
11.001587
10.688177
10.694114
10.530134
10.777627
10.619792
11.245715
10.617266
10.489489
10.630849
10.762567
10.543372
10.656352
10.716537
10.683238
10.762209
10.528434
10.766793
10.732029
10.830883
10.544898
10.729350
11.025843
10.827782
10.743398
10.527406
10.668649
10.785830
10.600767
10.858061
11.048544
10.858820
10.630352
10.522560
10.699678
10.770140
10.725689
10.689528
10.488500
10.612497
10.586629
10.970420
10.595550
10.925696
10.552303
10.593979
10.690670
10.553607
10.839583
10.640132
10.449284
10.470271
10.617580
10.466096
10.529668
10.678092
10.715102
10.684338
10.595978
10.540581
10.703279
10.542930
10.598513
10.650413
10.543995
10.828922
10.611335
10.547107
10.708208
10.860079
10.603081
10.788744
10.667083
10.569466
10.637079
10.799074
10.822255
10.630782
10.496976
10.898879
11.146786
10.589483
10.811231
10.683686
10.705333
10.757983
10.563387
10.834568
10.725999
10.852336
10.854113
10.566686
10.471260
10.640162
10.651393
10.510909
10.695404
10.930914
10.556923
10.544405
10.653006
10.763534
10.606269
10.704868
10.527561
10.679286
10.487244
10.550850
10.723689
10.685695
10.703559
10.724131
10.553730
10.683165
10.793911
10.666656
10.890044
10.651613
10.894599
10.766913
10.806434
11.008872
10.586744
11.005012
10.541475
10.601181
10.604321
10.833023
10.583573
10.674020
10.744265
10.718303
10.811439
10.753968
10.630771
10.645003
10.595618
10.708736
10.822250
11.277471
10.682114
10.805431
10.676905
10.912145
10.720304
10.667009
10.880951
10.481761
10.596584
10.683080
11.007555
10.829186
10.623058
10.806673
10.985372
10.852204
10.803475
10.491048
10.774935
10.664177
10.642305
10.655052
10.531174
10.700670
10.724445
10.543506
10.551732
10.533784
10.554299
10.608335
11.092114
10.631180
10.678302
10.580542
10.631786
10.874785
10.701535
10.701334
10.785904
10.714653
10.956477
10.716826
10.534654
10.872343
10.615690
10.836676
10.678852
10.723066
10.726763
10.732848
10.639607
10.921205
10.618640
10.701138
10.628954
10.727786
10.722748
10.623582
10.895637
10.630324
10.466309
10.777982
10.761816
10.737260
10.668504
10.715283
10.907380
10.976686
10.727324
10.651165
10.659936
10.662253
10.527403
10.670213
10.622885
10.443657
10.736633
10.631092
10.708922
10.690180
10.672343
10.619431
10.849330
10.791796
10.628300
10.893313
10.896424
10.531957
10.718442
10.888254
10.967582
10.717625
10.562424
10.611628
10.650422
10.469891
10.549957
10.820801
10.641297
10.694404
10.728331
10.629980
10.682749
10.833384
10.967816
10.809831
10.730035
10.723583
10.565012
10.495773
10.653386
10.551651
10.829878
10.765748
10.624013
11.103900
10.818807
10.742305
10.887072
10.749367
10.697698
10.910240
10.781849
10.702776
10.485706
10.830754
10.557789
10.525566
10.769105
10.657495
10.646411
10.856039
10.877183
10.711300
10.549746
10.680060
10.903941
10.815291
10.738314
10.718037
10.537815
10.463003
10.747861
10.700692
10.640673
10.570497
10.482085
10.541957
10.840976
10.652900
10.533064
10.955467
10.570058
10.862568
10.772747
10.527795
10.830806
10.554042
10.578826
10.700073
10.685669
10.775439
11.211794
10.604119
10.712582
10.816696
10.860939
10.722818
10.938010
10.857213
10.887700
10.761502
10.900268
10.691594
10.457031
10.657718
10.705662
10.575763
10.673097
10.674088
10.654158
10.590028
10.725587
10.715398
10.727174
10.818309
10.640480
10.603759
10.697925
10.551599
10.859374
10.657008
10.781040
10.536384
10.676447
10.690135
10.724879
10.828518
10.652112
10.774239
10.681601
10.596006
10.849237
11.218089
10.717682
10.718755
10.728215
10.783591
10.523503
10.653145
10.824224
10.689604
10.760180
10.399542
10.801682
10.538354
10.654266
10.750571
10.714449
10.698418
10.645188
10.863724
10.859653
11.092732
10.660953
10.851007
10.599778
10.612759
10.936402
10.528819
10.669832
10.816317
10.689777
10.729911
10.562708
10.694689
10.544234
10.773743
10.665283
10.582059
10.552668
10.570077
10.427389
10.686088
10.651149
10.905933
10.609100
10.728721
10.805925
10.672378
10.707611
10.736061
10.712525
10.677931
10.352380
10.735240
10.524505
10.509501
10.715659
10.806975
10.734571
10.850618
10.720482
10.416365
10.932218
10.688446
10.602276
10.687061
10.991471
10.727085
10.749670
10.593424
10.913832
10.519022
10.573993
10.605367
10.674067
10.469492
10.538759
10.686059
10.872649
10.582233
10.681027
10.575946
10.639362
11.143527
10.652166
10.638022
10.774687
11.103208
10.919840
10.817133
10.814939
10.815014
10.848367
10.757799
10.539528
10.700304
10.896682
10.708682
10.563243
10.599901
10.526534
10.769617
10.564517
10.724472
10.688677
10.656499
10.921271
10.742674
10.682632
10.678843
10.644908
10.693377
10.943736
10.760413
10.654018
10.750638
10.588323
10.668168
10.622056
10.608710
10.636531
10.902808
10.814665
10.602386
10.853639
10.667947
10.423573
10.987816
10.835245
10.768370
10.707832
10.816383
10.741122
10.552436
10.637626
10.684168
10.871475
10.845214
10.657598
10.726190
10.597841
10.576839
10.600659
10.733770
10.671470
11.101888
10.618538
10.606906
10.654701
10.678915
10.738743
10.883835
10.698532
10.653693
10.650382
11.121815
10.600700
10.716724
10.814162
10.490084
10.683885
10.743800
10.692683
10.560999
10.768979
10.669211
10.456837
10.526161
10.664463
10.589574
10.707038
10.797538
10.545391
10.538677
10.669542
10.504374
10.637598
10.699139
10.657585
10.544379
10.531038
10.629858
10.660952
10.748617
11.062718
10.751550
10.601151
10.655485
10.715789
10.699367
10.537928
10.458030
10.746429
10.624991
10.717121
10.852319
10.577464
10.541191
10.602806
10.625720
10.666795
10.664090
10.556727
10.885592
10.577146
10.782916
10.867689
10.753056
10.614066
10.662726
10.688871
10.578249
10.770263
10.501944
10.732788
10.910871
10.705324
10.838660
10.658660
10.469785
10.764829
10.869225
10.782890
10.723486
10.861995
10.750737
10.816978
10.680371
10.790258
10.800183
10.627095
10.796633
10.648211
10.668066
10.707935
10.558713
10.688659
10.846613
10.873952
10.734273
10.706340
10.788304
10.665298
10.826339
10.620020
11.059756
10.807935
10.414811
10.631167
10.371837
10.873865
10.803437
10.700161
10.703637
10.466854
10.897059
10.698245
10.631136
10.708907
10.590286
10.619562
10.855775
10.841227
10.592351
10.724219
10.553970
10.555837
10.746361
10.645297
10.490461
10.725569
10.942757
10.734216
10.648074
10.692495
10.954095
10.946423
10.476785
10.886337
10.813778
10.869346
10.797624
10.607948
10.861830
10.684462
10.885995
10.902788
10.709501
10.581482
10.608611
10.769586
10.749174
10.570913
10.618672
10.800742
10.857974
10.861017
10.711333
10.686743
10.600217
10.657180
10.781924
10.680120
10.805555
10.434769
10.684791
10.867051
10.512604
10.791628
10.737822
10.644434
10.618268
10.477477
10.782541
10.525872
10.688243
10.914359
10.762179
10.897534
10.656571
10.610773
10.664368
10.946002
10.588807
11.006984
10.952615
10.836991
10.765296
10.608936
10.675696
10.934792
10.803942
10.439933
10.703916
10.696335
10.631163
10.603505
10.601439
10.583068
10.957712
10.625363
10.665156
10.854203
10.568742
10.769332
10.629670
10.858704
10.618204
10.790433
10.644769
10.587394
10.681094
10.838947
10.703084
10.801464
10.751231
10.611237
10.751864
10.503274
10.859863
10.599621
10.802920
10.534405
10.899762
10.693277
10.789927
10.708813
11.168733
10.678371
10.554713
10.884707
10.753963
10.801970
10.819778
10.811819
10.769390
10.507920
10.602309
10.765449
10.919744
10.726491
10.522578
10.624366
10.481317
10.540332
10.784200
10.724489
10.908547
10.685569
10.633941
10.409668
10.849090
10.530692
10.823756
10.636527
10.641669
10.459142
10.691395
10.669804
11.003353
10.603096
10.739078
10.812027
10.715767
10.711021
10.570989
10.668536
10.678075
10.960634
10.651828
10.616738
10.778015
10.735156
10.639334
10.557841
10.949046
10.638036
10.630095
10.515491
10.649801
10.437001
10.785272
10.559715
10.646797
10.570765
10.501293
10.526754
10.790651
10.811490
10.560721
10.578480
10.845759
10.657257
10.545892
10.685956
10.614610
10.698511
10.732855
10.564147
10.674404
11.019344
10.651245
10.879321
10.498302
10.749564
10.767162
10.730999
10.564240
10.774009
10.753461
11.108077
10.491911
10.847280
10.819908
10.969928
10.839260
10.760757
10.699333
10.520583
11.023451
10.760231
10.731085
10.488370
10.960693
10.601477
10.778936
10.728452
10.645416
10.916293
10.654008
10.664662
10.793998
10.723030
10.748966
10.682947
10.880239
10.566274
10.550700
10.484572
10.817285
10.846458
10.974332
10.975918
10.846108
10.578538
10.701737
10.692489
10.689492
10.641342
10.496492
10.718070
10.652806
10.809047
10.720238
10.544744
10.652288
10.473247
10.764855
10.800290
10.975556
10.726999
10.668749
10.647392
10.694678
10.820597
10.513052
10.848482
10.829798
10.764673
10.545714
10.694404
10.727689
10.605873
10.594933
10.663378
10.733920
10.742967
11.065586
10.547913
10.701590
10.790567
10.510248
10.528551
10.775533
11.422270
10.465429
10.927895
10.647277
10.765260
10.471409
10.697655
10.526351
10.659512
11.069169
10.764773
10.820460
10.789594
10.891360
10.681351
10.592318
10.603354
10.575279
10.773401
10.583540
10.675268
10.679052
10.599332
10.711460
10.722826
10.465376
10.775665
10.494504
10.738880
10.649272
10.693205
10.646289
10.627942
10.839781
10.642617
10.530738
10.632082
10.719383
10.640197
10.970497
10.624914
10.684076
10.699547
10.798080
10.597645
10.766489
10.626734
11.091942
10.599644
10.498897
10.851298
10.664454
10.705782
10.864695
10.689518
10.498065
10.521075
10.780127
10.670671
10.458359
10.593597
10.756132
10.565255
10.732286
10.760698
10.805314
10.595452
10.609214
10.543450
10.423409
10.685358
10.661956
10.632586
10.688952
10.739964
10.554411
10.767583
10.438147
10.580245
10.735964
10.927659
10.777885
10.680760
10.736553
10.724270
10.615351
10.709676
10.835867
10.830734
10.704336
10.760412
10.585886
10.674942
10.757095
10.743746
10.614425
10.666007
10.712670
10.687474
10.515407
10.726546
10.847172
10.721709
10.584867
10.476432
10.678291
10.944786
10.717182
10.565624
10.722016
10.648880
10.611160
10.772122
10.930174
10.582553
10.561654
10.577945
10.676955
10.762375
10.997971
10.707565
10.714078
10.599807
10.782208
10.868114
10.785562
10.708437
10.835364
10.502100
10.938653
10.819732
10.669699
10.633110
10.584763
11.039013
10.695082
10.717937
10.697060
10.726401
10.648076
10.815519
10.649178
10.809531
10.629872
11.000062
10.543251
10.666614
10.660944
10.720641
10.757335
10.599287
10.789674
10.734396
10.499547
10.683085
10.671379
10.851125
10.985085
10.520949
10.661849
10.686853
10.611526
10.831050
10.499060
10.571162
10.693102
10.660871
10.630181
10.712910
10.810892
10.820515
10.648996
11.224821
10.531901
10.463437
10.652574
10.640554
10.620406
10.666183
10.660753
10.673415
10.794401
10.636761
10.738668
10.455843
10.582601
10.626502
10.615185
10.621207
10.514669
10.693376
10.739159
10.745647
10.662023
10.568356
10.628254
10.849365
10.524902
10.550236
10.450947
10.580892
10.697170
10.497369
10.716668
10.783640
10.669534
10.377448
10.793408
10.878794
10.506347
10.642176
10.548469
10.644679
10.735091
10.823536
10.517758
10.768238
10.641921
10.807777
10.627341
10.589092
10.603659
10.714949
10.761592
10.671920
10.680895
10.691974
10.761071
10.587184
10.913400
10.338734
10.660277
10.596125
10.796074
10.641361
10.620727
10.939921
10.742853
10.664190
10.625675
10.797244
10.823451
10.691303
10.676582
10.631239
10.679055
10.625271
10.839215
10.709837
10.820609
10.804384
10.663445
10.928883
10.831747
10.652450
10.786160
10.656318
10.669298
10.862437
10.707200
10.875080
10.822312
10.959561
10.550309
10.737540
10.728300
10.865619
10.710186
10.640143
10.674688
10.942682
10.476949
10.700054
10.709430
10.785316
10.829303
10.715996
10.995735
10.479051
10.714055
10.852685
11.071928
10.639884
10.813524
10.875147
10.531560
10.599412
10.594121
10.707727
10.624035
10.537275
10.678383
10.665230
10.567926
10.670237
10.731310
10.579173
10.776092
10.831674
10.483921
10.693472
10.713119
10.839570
10.726948
10.688017
10.624011
10.616761
10.785229
10.610922
10.729239
10.619850
10.612258
10.567744
10.771102
10.759690
10.608774
10.785209
10.780823
10.830247
10.903085
10.798792
10.614246
10.647281
10.686253
10.494631
10.568734
10.810452
10.488986
10.746508
10.730649
10.662184
10.594542
10.709351
10.684677
10.707607
10.813535
10.659909
10.802164
10.674637
10.559920
10.822197
10.890923
10.508245
10.475171
10.590859
10.596002
10.718777
10.798721
10.645681
10.712848
10.808788
10.349993
10.605954
10.610204
10.693087
10.669566
10.727295
10.866679
10.660191
10.668683
11.018048
10.739273
10.770998
10.793827
10.743207
10.700825
10.661423
10.672745
10.617444
10.753124
10.615446
10.696683
10.661115
10.865483
10.772357
10.884647
10.791433
10.819697
10.746485
10.520650
10.962493
10.616819
10.520203
10.454477
10.549516
10.834978
11.009282
10.736830
10.734592
10.920853
10.647847
10.648850
10.746774
10.644503
10.662755
10.666238
10.654643
10.614156
10.829517
10.601270
10.893564
11.061265
10.648754
10.709962
10.546265
10.837164
10.745919
10.702560
10.731418
10.643741
10.428968
10.681040
10.555157
10.811097
10.550920
10.872280
10.831912
10.841428
10.583635
10.838847
10.812016
10.611537
10.587888
10.850712
10.746440
11.227216
10.697795
10.395498
10.732189
10.701810
10.847308
10.661320
10.820805
10.635600
10.625810
10.806364
10.687847
10.748968
10.736385
10.681658
10.692285
10.536749
10.586784
10.605896
10.477593
10.825563
10.604684
10.910896
10.599396
10.861521
10.687466
10.596859
10.552215
10.524562
10.770012
10.673659
10.684061
10.654345
10.545672
10.734811
10.671324
10.763966
10.617726
10.673647
10.703861
10.892367
10.721450
10.534787
10.629469
10.626492
10.725976
10.876431
10.532291
10.656888
10.939472
11.029425
10.634542
10.769440
10.583678
10.678667
10.776678
10.913624
10.524185
10.656238
10.730901
10.589529
11.072332
10.734387
10.864446
10.559384
10.503885
10.640917
10.638257
10.703671
10.591920
10.674309
10.758389
10.686671
10.495217
10.846050
10.630553
10.683488
10.911116
10.773797
10.801669
10.829320
10.783978
10.678489
10.659905
10.694769
10.674645
10.843366
12.365803
11.482532
10.574698
10.687767
10.906940
10.618072
10.603971
10.769511
10.598153
10.652493
10.493157
10.755554
10.891812
10.818315
10.508373
10.705507
10.902794
10.606517
10.953253
10.461682
10.818710
10.610372
10.634171
10.505332
10.579385
10.996223
10.585484
10.629781
10.570638
10.683791
10.722153
10.431245
11.122672
10.614312
10.575085
10.813382
10.667413
10.651069
10.517360
10.613542
10.622607
11.056297
10.695456
10.679592
10.742413
10.876275
10.596487
10.781649
10.482606
10.697746
10.575871
10.754932
10.730801
11.004670
10.602420
10.744265
10.780914
10.798121
10.874183
10.651991
10.716847
10.701939
11.051880
10.755959
10.608836
10.579887
10.894721
10.689705
10.761784
10.861705
10.695310
10.657634
10.575856
10.777223
10.827158
10.572010
11.026404
10.723436
10.650284
10.567610
10.655893
10.741537
10.876129
10.889851
10.654705
10.691319
10.623911
10.884724
10.725938
10.864929
10.676119
10.696246
10.722372
10.674091
10.369215
10.683053
10.951716
10.527219
10.701534
10.573024
10.638616
10.718173
10.824774
10.829206
10.488243
10.738451
10.642525
10.868772
10.396983
10.713797
10.650840
10.993264
11.033710
10.651225
10.729999
10.552266
10.858936
10.879356
10.435421
10.503035
10.592440
10.556657
10.808680
12.177375
10.919735
10.829717
10.691433
10.726479
10.732935
10.611729
10.722623
10.827021
10.786523
10.667193
10.702910
10.710663
10.634388
10.589779
10.720242
10.593180
10.468638
10.626574
10.616781
10.608668
10.676305
10.894970
11.007209
10.898780
10.432074
10.883151
10.649620
10.743658
10.925774
10.642609
10.758111
10.665126
11.000048
10.662058
10.957576
10.775155
10.838845
10.532791
10.748759
10.718073
10.786587
10.848681
10.625753
10.634321
10.815359
10.558217
10.944147
10.914497
10.611715
10.819297
11.186891
10.693802
10.680048
10.778441
10.772043
10.664973
10.736494
10.617673
10.624064
10.672290
10.582600
10.656112
10.466233
11.040295
10.783123
10.569695
10.962375
10.769713
10.427201
10.903696
10.671723
10.624198
10.657372
11.205909
10.712154
10.884961
10.618605
10.671875
10.630870
10.673093
10.529962
10.663249
10.624454
10.727425
10.518029
10.616321
10.838528
10.765727
11.227667
10.708134
10.873872
10.724790
10.688840
10.686442
11.095612
10.605251
10.693852
10.802113
10.692985
10.673101
10.764982
10.511256
10.540244
10.697527
10.632094
10.593520
10.787186
10.713094
10.609684
10.745692
10.846873
10.719340
10.869279
10.957732
10.737387
10.740004
10.557719
10.494666
11.018485
10.549105
10.925565
10.854430
10.841044
10.707078
10.613887
10.718358
10.798560
10.563701
10.745114
10.991979
10.509252
10.848048
10.796311
10.531977
10.644166
10.580483
10.738337
10.582222
10.713652
11.300059
10.935537
10.445849
10.733566
10.623038
10.827206
10.670921
10.772517
10.525330
10.879804
10.680386
10.671115
10.744587
10.608831
10.654710
10.627020
10.831771
10.432759
10.552363
10.598034
10.663876
10.744438
10.467649
10.603107
10.685709
10.979716
10.688024
10.633233
10.566362
10.608800
10.575020
10.698701
10.718216
10.686327
10.849243
10.774252
10.525925
10.768853
10.805895
10.768926
10.527468
10.843570
10.694732
10.824777
10.699673
10.661049
10.714175
11.188074
10.849461
10.629204
10.757144
10.710676
10.695788
10.908754
10.725046
10.802929
10.614508
10.908555
10.705439
10.703176
10.668632
10.660262
10.639578
10.660596
10.678579
10.627427
10.842800
10.599286
10.996195
10.805227
10.624955
10.505663
10.815046
10.734152
10.582151
10.605756
10.951536
10.884389
10.637909
10.467490
10.846099
10.824355
11.012957
10.830534
10.652421
10.783664
10.599589
10.733980
10.782470
10.438008
10.722498
10.755298
10.579550
10.631472
10.848627
10.786046
10.616528
10.704759
10.740799
10.815083
10.649177
10.780977
10.631158
10.876225
10.701774
10.985069
10.616809
10.826967
10.742691
10.786311
10.699930
11.275569
10.727006
10.725802
10.639678
11.004010
10.701547
10.800889
10.548074
10.802000
10.704971
10.606500
10.632609
10.735826
10.722518
10.623407
10.751453
10.731678
10.793760
10.606481
10.745594
10.469765
10.679079
10.703432
10.802537
10.740003
10.644384
10.585440
10.554335
10.570516
10.679123
10.622657
10.738763
10.679455
10.594646
10.577647
10.694788
10.745920
11.103354
10.824571
10.495585
10.668413
10.775971
10.868465
10.810383
10.631484
10.764384
11.027909
10.653359
10.368038
10.662460
10.983281
10.474694
10.792582
10.588994
10.764563
10.770933
10.755291
10.740403
10.854431
10.709797
10.743678
10.542609
10.545156
10.499460
10.488995
10.719425
10.873481
10.777332
10.663816
10.681987
10.837242
10.665714
10.673356
10.877637
10.570041
10.533028
10.714990
11.018146
10.748151
10.818094
10.859815
10.770605
10.601820
10.620185
10.630071
10.779221
10.847391
10.888521
10.815031
11.220916
10.708066
10.697845
10.662528
10.728835
10.638220
10.662923
10.728002
10.794189
10.943864
10.985241
10.802401
10.684122
10.706803
10.742473
10.587786
10.578344
10.540017
10.561247
10.600152
10.646746
10.763014
10.688828
10.673514
10.713234
10.661280
10.741070
10.624547
11.081435
10.886648
10.510965
10.613378
10.878783
10.563778
10.772149
10.759153
10.962269
10.655674
10.621826
10.658780
10.665752
10.936609
11.135324
10.981470
10.717011
10.547713
10.822214
10.791861
10.555879
10.752390
10.848063
10.619209
10.831080
10.703154
10.714671
10.978055
10.607237
10.740777
10.455691
10.728092
10.832244
10.937163
10.814846
10.855507
10.667666
10.784163
10.692414
10.874379
11.119823
10.704828
10.634021
10.628712
10.724158
10.561348
10.849722
10.607507
10.623688
10.938100
10.728876
10.651493
10.759261
10.626752
10.764087
11.018398
10.699614
10.647862
10.540830
10.643242
10.645537
10.468904
10.855556
10.825175
10.742420
10.722883
10.825676
10.643849
10.834768
10.568633
10.969089
10.791192
10.629385
10.696394
10.699382
10.723743
10.999018
10.821229
11.088806
10.669114
10.761356
10.784808
10.827523
10.648859
10.443506
10.500363
10.680269
10.799836
10.778957
10.582256
10.561956
10.821259
10.798898
10.584904
10.729778
10.509969
10.773321
10.529429
10.826520
10.780729
10.624069
10.939485
10.565900
10.657951
10.491111
10.645024
10.710686
10.736931
10.590161
10.665631
10.649917
10.687842
10.612107
10.668313
10.792795
10.786838
10.873733
10.939298
10.461731
10.880689
10.737815
10.754482
11.093506
10.706604
10.582849
10.624512
10.879596
10.729438
10.861400
10.708511
10.805423
10.738130
10.665727
10.821920
10.585898
10.719736
10.544555
10.735831
10.597446
10.696555
10.772510
10.702694
10.669022
10.769430
10.667814
10.571971
10.695490
10.920861
10.946842
10.679699
10.923209
10.643610
10.740400
10.520886
10.666881
10.657645
10.592390
10.827026
10.824148
10.567548
10.566961
10.837483
10.689130
10.655320
10.808175
10.725538
10.711698
10.636009
10.621400
10.773179
10.845014
10.554798
10.677362
10.622580
10.712467
10.838514
10.615153
10.432489
10.599296
10.625030
10.571649
11.049938
10.863176
10.916459
10.573037
10.689036
10.702671
10.793686
10.707546
10.653293
10.561403
10.651028
10.682420
11.014414
10.737128
10.631352
10.715811
10.600356
10.862736
10.825556
10.758668
10.620878
10.808085
10.597471
10.653767
10.755072
10.826434
10.669324
10.614915
10.629315
10.805300
10.513162
10.923338
10.862304
10.848892
10.636450
10.525634
11.013372
10.760881
10.491590
10.761414
10.564843
10.594631
10.523356
10.720398
10.564432
10.707088
10.656152
10.570442
10.784426
10.657756
10.960094
10.854718
10.677726
10.634870
10.685629
10.787202
10.658611
10.960493
10.642894
10.801542
10.623601
10.759516
10.555364
10.701384
10.636599
10.822032
10.770229
10.633578
10.659679
10.989935
10.553907
10.939667
10.691215
11.176286
10.714768
10.856058
10.722267
10.630330
10.603692
10.788482
10.676337
10.792074
10.604215
10.517999
10.820824
10.630850
10.401791
10.798384
10.817882
10.736001
10.632087
10.762582
10.767240
10.963359
10.897828
10.950117
10.692657
10.633916
10.571567
10.641292
10.600986
10.598644
10.598058
10.918028
10.983303
10.730869
10.559568
10.513312
10.772533
10.825642
10.854675
10.768231
10.679497
10.743830
10.572522
10.715174
10.800472
10.901486
10.698753
10.758523
10.681417
10.722736
11.115623
10.655493
10.556400
10.718439
10.597551
10.705353
10.613711
10.601108
10.658389
10.537053
10.627357
10.931146
10.599050
10.679358
10.843610
10.831096
10.708134
10.796167
10.896552
10.828402
10.648278
10.953778
10.602284
10.765394
10.864109
10.788800
10.810800
10.691260
10.633396
10.670273
10.837415
10.572604
10.722617
10.712367
11.013553
10.746817
10.994198
10.566608
10.639495
10.988444
10.673270
10.773733
10.524934
10.746135
10.912416
10.718571
10.644740
10.584416
10.576434
10.778089
10.681013
10.750393
10.886248
10.947330
10.637075
10.701322
10.632886
10.606837
10.781328
10.635833
10.755079
10.375311
10.635639
10.580750
10.704278
10.922145
10.749068
10.635596
10.747706
11.163102
10.632087
10.660011
10.617367
10.623994
10.674895
10.775642
10.585135
10.672517
10.712835
11.081907
10.606883
10.500240
10.849349
10.610886
10.663665
10.784242
10.622458
10.733927
10.729789
10.633122
10.778487
10.694822
10.620103
10.879948
10.815444
10.603999
10.528619
10.820282
10.757974
10.761105
10.659402
10.598316
10.583157
10.539316
10.599590
10.887528
10.783477
10.836256
10.650901
10.646157
10.680715
10.745042
10.707959
10.760896
10.535800
10.753549
10.550279
10.653902
10.736790
11.177850
10.706628
10.490914
10.594627
10.632255
10.742206
10.724687
10.820714
10.639529
10.741163
10.658780
10.854013
10.646304
10.549422
10.430792
10.640236
10.761802
10.655969
10.828092
10.775124
10.645966
10.613142
10.576767
10.786545
10.807854
10.631237
10.683541
10.910357
10.746756
11.199601
10.644838
10.466773
10.989369
10.712899
10.591268
10.688482
10.641038
11.155915
11.004831
11.140504
10.735787
10.630119
10.687215
10.598554
10.673673
10.780277
10.790557
11.016878
11.043841
10.669575
10.951765
10.552639
10.908207
10.438796
10.626153
10.526842
10.734796
10.642838
10.780518
10.611324
10.681624
10.651143
10.580688
10.903759
10.573063
10.684857
10.947406
10.686777
10.741821
10.885124
10.664325
10.766492
10.802379
10.517056
10.998122
10.620462
10.595632
10.837808
10.719303
10.499200
10.762193
10.712753
10.843124
11.112937
10.749530
10.807898
10.904640
10.670849
10.694721
10.646603
10.792048
10.684131
10.633844
10.596626
10.881509
10.936782
10.544682
10.761413
10.473360
10.523081
10.701560
10.675347
10.780767
10.909253
10.616099
10.737781
10.890588
10.686683
10.767221
10.730045
10.768374
10.769309
10.868664
10.697364
10.872200
10.686702
10.631977
10.602105
10.971480
10.926639
10.755791
10.568635
10.752319
10.977557
10.783395
10.701216
10.560639
10.837911
10.855765
10.945183
10.680106
10.605814
10.550261
10.862197
10.804172
10.666145
10.690187
10.594278
10.527395
10.769887
10.662846
10.546099
10.696612
10.705025
10.653027
10.858065
10.721701
10.505836
10.707816
10.848503
10.592572
10.598860
10.593628
10.604482
10.933149
10.615237
10.656215
10.817244
10.663547
10.654450
10.840997
10.886767
10.655501
10.704149
10.728029
10.697144
10.716371
10.815045
10.590574
10.615923
10.684917
10.452077
10.684803
10.656696
10.499411
10.611449
10.670055
10.540186
11.090688
10.748009
10.866149
10.678389
10.629561
10.577542
10.594636
10.714087
10.786245
10.847771
10.784062
10.870825
10.600417
10.933616
11.219952
10.981131
10.725094
10.549012
10.824615
10.637043
10.848934
10.750132
10.694504
10.908142
10.712759
10.871098
10.579911
10.762360
10.577093
10.697263
10.749815
10.698660
10.702035
10.703510
10.537776
10.728470
10.790118
10.579276
10.787131
10.707697
10.749004
10.774731
10.534065
10.660956
10.576312
10.504225
10.749943
10.681773
10.735312
10.579237
10.671780
11.064955
10.733808
10.503408
10.695876
10.609266
10.736905
11.068686
10.959841
10.876053
10.802169
10.788899
10.734991
10.936738
10.900749
10.658242
10.870899
10.887573
10.470850
10.637962
10.609765
10.675794
10.630754
10.832633
10.600410
10.775383
10.717523
10.865027
10.902856
10.823792
10.854999
10.735552
10.794799
10.660961
10.633671
10.704604
10.694148
10.626403
10.656633
10.824985
10.686269
10.601726
10.502258
10.560433
10.588966
10.792605
10.686522
10.556085
10.931264
10.670092
10.963842
10.567399
10.908294
10.566076
10.748813
10.628100
10.574392
10.748169
10.695405
10.694753
10.768682
10.658663
10.628460
10.638426
10.824104
10.674909
10.770580
10.658773
10.829109
10.539680
10.575233
10.678536
10.513606
10.997454
10.823014
10.664949
10.474032
10.565504
10.758224
10.581716
10.859352
10.865265
10.790249
10.779222
10.377821
10.719079
10.807766
10.600356
10.805798
10.509640
10.963089
10.671609
10.660578
10.671603
10.762661
10.636130
10.571054
10.657572
10.718469
10.848946
10.633791
10.687048
10.612398
10.825307
10.853691
10.969147
10.887078
10.575904
10.755805
10.812035
10.494965
10.739360
10.818446
10.739653
10.752647
11.013388
10.469980
10.772063
10.991451
10.702783
10.672919
10.875744
10.827049
10.628993
10.735029
10.760595
10.448525
10.782453
10.683468
10.746345
10.541340
10.471499
10.802458
10.508759
10.506962
10.779968
10.715551
10.764022
10.665267
10.826578
10.610841
10.735273
10.587216
10.708362
10.998803
10.655719
10.800066
10.728329
10.886986
10.770711
10.777726
10.616907
10.597929
10.516060
10.869945
10.877536
10.560719
10.734944
10.834550
10.595445
11.002178
10.906755
10.705868
10.534272
10.620227
10.817428
10.720826
10.744849
10.929614
10.683106
10.820655
10.630443
10.753594
10.782195
10.681157
10.634370
10.625527
10.575579
10.729444
11.149895
10.719413
10.650863
10.701597
10.525771
10.827104
10.688629
10.837703
10.605875
10.632108
10.673352
10.701293
10.737889
10.645316
10.780193
10.845917
10.667641
10.590022
10.671377
10.676284
10.643732
10.767415
10.736213
10.574527
10.621118
10.545089
10.983151
10.661899
10.958180
10.651973
10.856821
10.481898
10.699205
10.579625
10.498835
10.889552
10.701559
10.732360
10.624713
10.631430
10.907436
10.943424
10.684520
10.625832
10.658047
10.659607
10.452881
10.795672
10.589211
10.627147
10.511688
10.697262
10.631774
10.936181
10.949591
10.848409
10.795234
10.795590
10.682953
10.638454
10.640526
10.772644
10.436761
10.530924
10.644224
10.568162
10.811138
10.702160
10.708657
10.713977
10.750836
10.680246
10.823442
10.501056
10.892231
10.712768
10.537540
10.617216
10.623023
11.364414
11.021302
10.593561
10.711686
10.866498
10.644976
10.569087
10.606551
10.596961
10.712634
10.849492
10.431014
10.685156
10.631445
10.991106
10.519390
10.652052
10.607940
10.502603
10.600559
10.972718
10.617434
10.479272
10.691122
10.906065
10.669283
10.614384
10.622923
10.682260
10.887285
10.815335
10.639384
10.659104
10.814105
10.736092
10.729663
10.781271
10.743047
10.570804
10.612609
10.609250
10.589978
10.635763
10.662894
10.958487
10.667756
10.484795
10.684619
10.750194
10.545243
10.570729
10.619282
10.702094
10.624015
10.684816
10.753678
10.562565
10.689756
10.519558
10.639398
10.877628
10.733052
10.756119
10.533973
10.594424
10.746375
10.792825
10.449972
10.837525
10.676252
10.552827
10.633825
10.817413
10.682996
10.722155
10.696100
10.587823
10.739357
10.733247
10.755841
10.898016
10.797116
10.765965
10.586426
10.641403
11.030112
10.880196
10.806430
10.402579
10.843567
10.691776
10.712997
10.669426
10.715853
10.612450
10.783770
10.742375
10.734765
10.610268
10.573285
10.702088
10.869014
10.622913
11.121253
10.621914
10.545453
10.728006
10.992950
10.680001
10.662349
10.742604
10.779051
10.664963
10.661766
10.762412
10.863784
10.717450
11.560987
10.948165
10.989886
10.557858
10.528061
10.753935
10.460170
10.867585
10.901241
10.607385
10.606226
10.523052
10.828716
10.897266
10.561293
10.552075
10.791510
10.679374
10.783086
10.487657
10.614229
10.532744
10.795312
10.590564
11.196608
10.924312
10.836563
10.844617
10.903683
10.754133
10.852622
10.761577
10.818832
10.750231
10.647141
10.572512
10.655392
10.705912
10.661406
10.622541
10.604285
10.954528
10.513778
10.559102
10.696475
10.543046
10.515142
10.550154
10.765747
10.571405
10.661083
10.538393
10.626966
10.568620
10.937988
10.695621
10.688880
10.599176
10.923730
10.662273
10.609049
10.676263
10.671928
10.590866
10.743166
10.572481
10.663157
10.577542
10.718672
10.674566
10.847833
10.677753
10.677573
10.627791
10.717989
10.557405
10.844610
10.855970
10.500420
10.784119
10.690594
10.670567
10.831847
10.717226
10.550357
10.561133
10.642925
10.793602
10.687907
10.631587
10.692081
10.801868
10.672935
10.818678
10.605105
10.875786
10.809638
10.559595
10.723654
10.848960
10.499136
11.206788
10.689363
10.712623
10.609035
10.753912
10.534608
10.580721
10.829779
10.738545
10.728747
10.716223
10.577612
10.534848
10.943957
11.010177
10.518179
10.490444
10.625775
10.883497
10.606189
10.697680
10.612120
10.819794
10.742096
10.704790
10.558342
10.537827
10.521622
10.702993
10.575010
10.851326
10.626972
10.731375
10.672822
10.509990
10.755859
10.556759
10.940410
10.537089
10.692706
10.729453
10.742151
10.741421
10.852914
10.564681
10.826119
10.594443
10.793600
10.676137
10.412642
10.568473
10.622578
10.778696
10.542160
10.614612
10.724318
10.732989
10.641133
10.593501
10.649698
10.603627
10.657290
10.726479
10.962178
11.070394
10.806867
10.940214
10.970519
10.796418
10.726110
10.811792
10.771599
11.077171
10.554754
10.651598
10.986054
10.701766
10.917742
10.597854
10.640137
10.926239
10.682923
10.677026
10.432860
10.710629
10.792764
11.063404
10.703482
11.044702
10.670735
11.120620
10.562299
10.744031
10.960491
10.689327
10.880329
10.891640
10.570969
10.718319
10.847556
10.563927
10.656840
10.957956
10.610469
10.732914
10.743978
10.739783
10.782749
10.878311
10.795468
10.889689
10.537878
10.804521
10.579425
10.787910
10.824218
10.718863
10.722681
10.644163
10.629941
10.744529
10.718025
10.640204
10.751403
10.751048
10.779646
10.738741
10.661849
10.699094
10.627416
10.764513
10.666204
10.892791
10.532153
10.812852
10.645402
10.642818
10.962485
10.786247
11.042887
10.566699
10.608995
10.674727
11.043563
10.622063
10.758440
10.741120
10.676137
10.609900
10.668165
10.735291
11.044156
10.783747
10.728512
10.579494
10.633366
10.652204
10.509186
10.878930
10.852293
10.698724
11.056353
10.545313
10.685228
10.854945
10.555843
10.658439
10.516946
10.863122
10.815114
10.516606
10.570047
10.665230
10.886308
10.562156
10.747036
10.946036
10.665991
10.643542
10.698214
10.651708
10.684413
10.921407
10.696644
10.644218
10.774247
10.764568
10.540276
10.763740
10.941846
10.719478
10.722110
10.609653
10.927460
10.758869
10.523636
10.711679
10.817685
10.579025
10.784208
10.575857
10.795434
10.684982
10.983055
10.730796
10.565567
10.659503
10.646218
10.713381
10.876943
10.656665
10.767492
10.935242
10.584399
10.956414
10.587461
10.587461
