10.728577
10.692381
10.544132
10.907778
10.724261
10.578261
10.808504
10.902016
10.555837
10.714538
10.748728
10.612419
10.671344
10.404855
10.645490
10.666559
10.755586
10.629234
10.677034
10.819826
10.432965
10.804198
10.949648
10.644306
10.639512
10.568951
10.440820
10.930118
10.725871
10.571022
10.438356
10.768151
10.856731
10.786172
10.756586
10.931531
10.533103
10.651694
10.444047
10.585528
10.724111
10.502759
10.807466
10.630466
10.685207
10.515714
10.619002
10.616227
10.636557
10.769464
10.609702
10.599283
10.512779
10.653195
10.780793
11.038488
10.709115
10.948408
10.707856
10.799095
10.657936
10.706764
10.855103
10.576016
10.507328
10.562820
10.728901
10.720071
10.623812
10.714065
10.707114
10.575443
10.781134
10.545635
10.461063
10.610161
10.644280
10.842774
10.535886
10.864802
10.536659
10.718783
10.657548
10.529296
10.665607
10.770659
10.789861
10.544132
10.874852
10.713134
10.995327
10.865999
10.776969
10.729611
10.878806
10.660896
10.507708
10.724635
10.669844
10.553205
10.605392
10.845829
10.638697
10.564778
11.007280
10.986783
10.837274
10.867753
10.587940
10.727502
11.102118
10.502231
10.706072
11.068833
10.591701
10.841364
10.592283
10.675039
10.934033
10.731698
10.893810
10.662916
10.577244
10.890412
10.994236
10.707055
10.629387
10.745671
10.733051
10.598907
10.432968
10.660741
10.956090
10.626326
10.505569
10.683836
10.639776
10.679352
10.575321
11.009899
10.884674
10.951962
10.854623
11.056581
10.910929
10.663895
10.471854
10.886267
10.666929
10.485062
10.716290
10.616982
10.674695
10.623779
10.564931
10.660028
10.565541
10.522310
10.609743
10.833225
10.972009
10.578729
10.544849
10.668323
10.604422
10.634432
10.940512
10.691524
10.634001
10.846523
10.591186
10.708900
10.610694
10.681949
10.791093
10.757855
10.682774
10.732065
10.718497
10.832516
10.978261
10.469194
10.827073
10.599190
10.699504
10.638071
10.771310
10.688216
10.973962
11.069518
10.847128
10.686828
10.941177
10.818927
10.804724
10.737133
10.650657
10.641146
10.584065
10.795249
10.559928
10.709239
10.762598
10.661234
10.679061
10.749277
10.698202
10.701613
10.641028
10.723706
10.492429
11.005794
10.980289
10.612378
10.505265
10.665625
10.589611
10.449405
10.471602
10.707816
10.687813
10.676427
10.663161
10.731029
10.858293
10.826402
10.714335
11.024802
10.612354
10.523344
10.815647
10.698314
10.536557
10.734131
10.849079
10.745961
10.772570
10.653762
11.273683
10.756908
11.043670
10.594009
10.742786
10.982702
10.594254
10.723794
10.787776
10.628541
10.349011
10.685703
10.693785
10.915426
11.019283
10.675188
10.920528
11.185780
10.609809
10.801956
11.706193
10.829674
10.919876
10.646749
11.072247
10.660301
10.891182
11.183888
10.547910
11.039732
10.707587
10.795535
10.404878
10.682346
10.805086
10.751172
10.791171
10.639495
10.789146
10.941557
10.874083
10.578204
10.710688
10.436692
10.879531
10.701354
10.659751
10.529446
10.719839
10.617475
10.731004
10.532109
10.603552
10.509754
10.874709
10.451051
10.570386
10.811020
10.795456
10.700487
10.709832
10.668413
11.143798
10.700061
10.702220
10.902621
10.590939
10.662913
10.951598
10.681621
10.617604
10.754509
11.186203
10.627031
10.647632
10.757684
10.561701
10.881959
10.837130
10.861625
10.679340
10.771859
11.198950
10.521027
10.584262
10.774063
10.906511
10.762182
10.755552
10.709817
10.659077
10.731235
10.710710
10.714582
10.717177
10.676337
10.790096
10.707177
10.797632
10.749945
10.768247
10.988609
10.638254
10.763981
10.842152
10.798844
10.761454
10.631880
10.584792
10.905777
10.733458
10.671023
10.599857
10.649602
10.609597
10.564851
10.919234
10.877487
11.085513
10.767428
10.705174
10.729889
10.855898
10.612321
10.624961
10.542322
11.022111
10.582586
10.741180
10.665859
11.085006
10.517699
10.636972
11.132040
10.816397
10.700431
10.593044
10.669747
10.525780
10.896826
10.787803
10.683174
10.550742
10.637901
10.608956
10.547900
10.373226
11.006940
10.603837
10.636766
10.632251
10.741131
10.610906
10.479648
10.760141
10.757898
10.900008
10.558468
10.776879
10.677447
10.502088
10.755942
10.498048
10.734075
10.900721
10.850609
10.714547
10.691077
11.074442
10.762931
10.816330
10.727886
10.686110
10.704012
10.980368
10.655681
10.832224
10.777875
10.597877
10.601348
10.979914
10.815644
10.689573
10.454749
10.772130
10.865378
10.829622
10.575124
10.926877
10.888731
10.715226
10.739628
10.548234
10.561620
10.781714
10.683191
10.543602
10.689496
10.472679
10.883729
10.631426
10.630991
10.741582
10.861851
10.704021
10.760517
10.755901
10.652910
10.688869
10.520314
10.713836
10.729925
10.767528
10.649645
10.665349
10.630015
10.576579
10.578324
10.632234
10.847444
10.705796
10.886037
10.913917
10.747506
10.900319
10.696739
10.780122
10.438737
10.553582
10.727912
10.782519
10.525843
10.763895
11.068567
10.961431
10.656453
10.703735
10.599053
10.478017
10.649586
10.663999
10.703199
10.715760
11.006726
10.638540
10.800625
10.808985
10.810351
10.756152
10.677825
10.747257
10.533814
10.719576
10.568159
10.861583
10.738829
10.918036
10.654269
10.635076
10.684154
10.830023
10.536334
10.719678
11.018755
10.692077
10.717786
10.626100
10.648848
10.933992
10.785148
10.763444
10.588131
10.818378
10.810726
10.508692
10.833653
11.005331
10.920617
10.681264
10.391421
10.660854
10.906287
10.754583
10.725894
10.644151
10.636815
10.601600
10.422758
10.655266
10.799051
10.487693
10.652911
10.610772
10.570707
10.522533
10.600771
10.686996
10.592671
10.883275
10.861134
10.747114
10.725379
10.912171
10.480575
10.729018
10.761520
10.655029
10.930284
10.793484
10.564817
10.736953
10.703953
10.726651
10.604724
10.693837
10.653279
10.744968
10.969201
10.812720
11.010256
10.726626
10.620270
10.692924
10.642902
10.628293
10.779101
10.569712
10.769773
10.676403
10.648254
10.636624
10.697796
10.647977
10.838760
10.912583
10.626483
10.624548
10.703683
10.550105
10.993108
10.797097
10.730050
10.632565
10.625164
10.947063
10.542503
10.929009
10.621496
10.714916
10.621369
11.014223
10.714569
10.698700
10.697824
10.670654
10.629769
10.573083
10.627081
10.409996
10.848061
10.781197
10.811577
10.765291
10.634111
10.638142
10.782508
11.104390
10.718694
10.658154
10.540074
10.816754
10.766843
10.659892
10.514938
10.412482
10.829623
10.722442
10.598699
10.607464
10.567332
10.770573
10.911315
10.621626
10.975925
10.813503
10.698022
10.638865
10.647635
10.593896
10.741741
10.619085
10.707832
10.834479
10.826523
10.907325
10.673253
10.750949
10.972719
10.890943
10.811095
10.737905
10.730380
10.677517
10.929312
10.529340
10.769788
10.674492
10.625003
10.681188
10.882957
10.748741
10.737509
10.646546
10.653537
10.654991
10.697166
10.805180
11.085245
10.588117
12.463521
10.661367
10.845123
10.614886
11.068206
10.740730
10.733369
10.724171
10.544397
10.728728
10.699690
10.645825
10.684050
10.690782
10.655293
10.799113
10.696334
10.724149
10.631802
10.681934
10.677173
10.422025
10.696242
10.620383
10.669772
10.523859
10.649140
10.756884
10.706823
10.610853
10.444938
10.634278
10.604647
10.657655
10.662170
10.780493
10.556963
10.790831
10.817803
10.885045
10.649806
10.705821
10.730489
10.657521
10.619614
10.543473
10.666071
11.260115
10.993545
10.581988
10.993229
10.875299
10.692733
10.870571
10.741464
10.576337
10.614726
10.678918
10.944509
10.677439
10.708136
10.688909
10.728594
10.559571
10.685354
10.558680
10.837210
10.866637
10.672946
10.699962
10.516958
10.684106
10.662788
10.817491
11.017995
10.795598
10.764022
10.536417
10.740516
10.699024
10.781112
10.701737
10.855487
10.794438
10.900032
10.542534
10.746630
10.655902
10.729546
10.654680
10.650234
10.725637
10.721417
11.067123
10.653414
10.610739
10.734216
10.596135
10.560578
10.605003
10.533761
10.874200
10.689612
10.664904
10.482384
10.800879
10.834006
10.574040
10.532043
10.622663
10.817518
10.672980
10.787661
10.610204
10.620227
10.690666
10.778628
10.941778
10.684850
11.014493
10.912427
10.587586
10.678618
10.690558
10.873360
10.706212
10.610553
10.732487
10.593501
10.791426
10.783332
10.658432
10.712841
10.862340
10.654854
10.697132
10.841960
10.773737
10.758897
10.597495
10.704137
10.867555
10.546517
10.395685
10.641209
10.929829
10.537819
10.738664
10.616302
10.676703
10.637204
10.815311
10.589945
10.883896
10.981750
10.653843
10.821885
10.849016
10.235950
10.816704
10.592939
10.903422
10.730199
10.489685
10.576580
10.701683
10.633286
10.668614
10.735961
10.934565
10.756117
10.885404
10.664475
10.496821
10.663519
10.764557
10.635012
10.639573
10.914296
10.851704
10.876270
10.964622
10.973326
10.545315
11.048565
10.891412
10.730016
10.521912
10.787107
10.557556
10.717937
11.099972
10.640468
10.679559
10.729432
10.655903
10.559545
10.859480
10.625898
10.677231
10.836642
10.633409
10.699466
10.670235
10.470546
10.685156
10.528791
10.807706
10.875762
10.881562
10.714268
10.670086
10.650138
10.744694
10.564734
10.735490
10.681758
10.504262
10.693731
10.607898
10.646918
10.943199
10.771599
10.822480
10.664742
10.705153
10.640694
10.717181
10.605779
10.746247
10.437266
10.608350
10.495118
10.680025
10.711880
10.663081
10.623945
10.788330
10.662390
10.472672
10.887048
10.795494
10.704705
10.617547
10.861241
10.823885
10.684621
10.646865
10.700485
10.609418
10.647474
10.597024
10.712362
10.643738
10.905181
10.741303
10.671630
10.504166
10.701407
10.720674
10.732733
10.630081
10.937420
10.494725
10.708047
10.890353
10.745887
10.823259
11.012259
10.590095
10.770645
10.753627
10.484571
10.731810
10.839251
11.091806
10.751355
10.480513
10.686186
10.673635
10.809073
10.569409
10.598124
10.866362
10.719759
10.608001
10.623232
10.714644
10.662289
10.569796
10.729073
10.618770
10.577945
10.766018
10.536887
10.676961
10.473761
10.325719
10.622033
10.764865
10.631542
10.636654
10.675572
10.795221
10.475566
10.699752
10.582863
10.603399
10.581951
10.717406
10.649007
10.450189
10.604062
11.001670
10.771897
10.566105
10.724994
10.670419
10.925341
10.909602
10.440479
10.559806
10.714489
10.612001
10.647467
10.743923
10.621819
10.725480
10.777194
10.628398
10.963558
10.434090
10.798071
10.673377
10.685048
10.694286
10.736612
10.628214
10.635310
10.664973
10.670252
10.743156
10.826319
10.688506
10.616191
10.882187
10.594683
10.687205
10.652556
10.639708
10.656734
10.825082
10.846311
10.695302
10.530958
10.677373
10.596223
10.870226
10.712552
10.664942
10.638064
10.572083
10.655477
10.627926
10.937717
10.571385
10.576701
10.814006
10.476572
10.710436
10.935557
10.607750
10.848610
10.437422
10.868995
10.712688
10.727457
10.796015
10.505895
10.593335
10.871127
10.758410
10.534976
10.682253
10.646863
10.598972
10.543122
10.723566
10.818603
10.846319
10.657157
10.768428
11.042807
10.736550
10.640268
10.669525
10.582439
10.457674
10.765443
10.675958
10.594624
10.878013
10.904823
10.974297
10.686966
10.788960
10.649180
10.686220
10.705070
10.466014
10.700568
10.564070
10.692996
10.534222
10.894435
10.695792
10.739587
10.689020
10.841932
11.091987
10.741037
10.788632
10.544392
10.577033
10.574742
10.998668
10.560473
10.600507
10.713980
10.706443
10.719681
10.778004
10.555107
10.532507
10.693374
10.778869
10.489121
10.568178
10.602076
11.092517
10.715139
10.584458
10.460327
10.531850
10.643680
10.515984
10.739401
10.710853
10.864702
10.607302
10.557397
10.528908
10.723389
10.673033
10.609344
10.891605
10.840543
10.883560
10.662599
10.635421
10.635495
10.576788
10.719234
10.720757
10.610182
10.682740
10.585192
10.552463
10.868962
10.785873
10.609788
10.590267
10.446227
10.561193
10.778728
10.592630
10.596204
10.605412
10.638894
10.621825
10.575283
10.640246
10.872800
10.698289
10.654126
10.797104
10.532844
10.669667
10.451931
10.620920
10.667337
10.498299
10.580538
10.662791
10.757351
10.567122
10.927267
10.440485
10.674965
10.591774
10.718675
10.585486
10.740880
10.660165
10.612934
10.646098
10.481259
10.640803
10.660521
10.666641
10.487901
10.600759
10.771445
10.791351
10.749681
10.985198
10.624377
10.671580
10.688293
10.716632
10.665146
10.592464
10.782565
10.808470
10.693329
10.613494
10.493562
10.703652
11.131230
10.704748
10.744816
10.545974
10.600770
10.646820
10.874865
10.635840
10.803589
10.678215
10.603395
10.791944
10.764764
10.802327
10.914410
10.620768
10.830542
10.666511
10.664580
10.771619
10.734705
10.804971
10.543761
10.450006
10.628019
11.134611
10.884084
10.722525
10.726229
10.605965
10.676737
10.660877
10.525470
10.753726
10.937187
10.660568
10.479727
10.651474
10.788810
10.520552
10.581878
10.673145
10.635411
10.670034
10.712788
10.601784
10.705327
10.800653
10.764324
10.696658
10.724788
10.737279
10.810063
10.693418
10.757912
10.779447
10.861772
11.010963
10.757756
10.630483
10.820848
10.765267
10.694004
10.987584
10.837928
10.707736
10.687438
10.685206
10.845571
10.817255
10.686799
10.674079
10.589233
10.610184
10.798023
10.638634
10.591836
10.751181
10.844618
10.706880
10.728814
10.868998
10.882681
10.915205
10.712885
10.637367
10.924655
10.689165
10.812520
10.564836
10.559322
10.689309
10.665945
10.621682
10.763856
11.054320
10.492406
10.511908
10.863803
10.716393
10.838407
11.005030
10.476366
11.108324
10.562989
10.701129
10.674994
10.475560
10.754029
10.537958
10.651417
10.674448
10.585608
10.742661
10.585487
10.836079
10.641469
10.657041
10.556866
10.592123
10.512205
10.644540
10.450589
10.669122
10.741916
10.706089
10.750545
10.620298
10.742589
10.610805
10.773130
10.736256
10.624252
10.528363
10.507317
10.825984
10.614084
10.964403
10.725480
10.499915
10.393029
10.854736
10.573363
10.878649
10.404644
10.880252
10.625139
10.570072
10.574256
10.606056
10.616254
10.390261
10.782599
10.588590
10.607561
10.687287
10.511099
10.601634
10.630086
10.601399
10.813257
10.734194
10.803125
10.954796
10.613962
10.776202
10.754542
10.878026
10.685432
10.561669
10.647655
10.794453
10.857716
10.693868
10.552359
10.359881
10.623706
10.756642
10.575530
10.505067
10.558601
10.733528
10.760338
10.621069
10.560200
10.705770
10.777370
10.661825
10.783995
10.563017
10.604738
10.822481
10.785156
10.655720
10.650593
11.260661
10.752908
10.534031
10.733275
10.591798
10.454789
10.748844
10.730736
10.618060
10.716536
10.728412
10.452423
10.833608
10.764341
10.751829
10.600054
10.702104
10.731741
10.560481
10.550460
10.539301
10.684224
10.649949
10.546975
10.596244
10.744045
10.713117
10.819816
10.446545
10.706349
11.016020
10.608376
10.986950
10.783119
10.703437
10.572909
10.806625
10.726054
10.600132
10.536843
10.733852
11.073982
10.700678
10.533529
10.716179
11.019555
10.794446
10.803710
10.797358
10.713905
10.702395
10.728162
10.911564
10.806163
10.678668
10.804625
10.789737
10.649924
10.677368
10.548947
10.654427
10.637167
10.653497
10.760053
10.965981
10.579474
10.614645
10.479157
10.653417
10.774641
10.779275
10.633258
10.752175
10.609385
10.685706
10.781507
10.836073
10.697762
10.636545
10.675844
10.801009
10.846583
10.650437
10.773698
10.670526
10.796091
10.539345
10.803140
10.774317
10.714171
10.633417
10.573240
10.499824
10.595865
10.816457
10.830252
10.330108
10.749700
10.716545
10.595344
10.635213
10.631846
10.706263
11.170812
10.644685
10.644495
10.386111
10.785835
10.512834
10.684557
10.721053
10.536372
10.505346
10.484584
10.752311
10.327143
10.652236
10.536120
10.519925
10.401690
10.728997
10.704459
10.763533
10.844487
10.880943
10.640200
10.563381
10.780200
10.529316
10.727250
10.743194
10.694708
10.680320
10.749765
10.688129
10.717230
10.691076
10.725636
10.672401
10.641370
10.937626
10.724004
10.646110
10.563855
10.562468
10.874985
10.479341
10.932839
10.673789
10.684887
10.709525
10.675089
10.845333
10.899435
10.983278
10.784111
10.887292
10.780445
10.575283
11.159868
10.867750
10.638114
10.672805
10.768257
10.388829
10.712442
10.719795
10.635944
10.718639
10.506582
10.678942
10.563409
10.704289
10.625974
10.642420
10.665410
10.576022
10.679896
10.710968
10.692358
10.555988
10.823447
10.651298
10.730540
10.598758
10.601000
10.603556
10.591449
10.972625
10.871921
10.612961
10.753835
10.827503
10.703931
10.582924
10.896214
10.576447
10.829249
10.635346
10.477224
10.743581
10.874684
10.690939
10.667822
10.606927
10.677541
10.464422
10.642922
10.922318
10.799520
10.540922
10.900386
10.783200
10.755674
10.600606
10.739323
10.803943
10.621100
10.701777
10.733678
10.520541
10.844608
10.985813
10.676794
10.681495
10.566346
10.963410
10.802235
10.635661
10.879008
10.626510
10.739019
10.643503
10.483884
10.532109
10.639708
10.736832
10.723823
10.601182
10.959512
10.752684
10.759600
10.685015
10.602224
10.723813
10.666275
10.656871
10.522372
10.543738
10.684438
10.554374
10.653714
10.781865
10.688616
10.792994
10.779546
10.674592
10.939216
10.608701
10.636573
10.594995
10.500541
10.522996
10.576121
10.869074
10.660441
10.839457
10.639294
10.574287
10.644825
10.716304
10.503713
10.699293
11.042912
10.798064
10.656310
10.575250
10.841275
10.985174
10.458073
10.807649
10.801500
10.756477
10.821543
10.366794
10.717960
10.702354
10.447678
10.885232
10.568652
10.699187
10.640978
10.701305
10.782100
10.599912
10.566832
10.999644
11.075484
10.655420
10.754880
10.727437
10.749756
10.761517
10.519896
10.601148
10.787359
10.502415
10.660007
10.584728
10.687819
10.681610
10.766731
10.585395
10.528849
10.685377
10.651895
10.615208
10.654062
10.539300
10.664109
10.713153
10.724494
10.591279
10.640947
10.651076
10.710645
10.680236
10.618222
10.778289
10.596136
10.734559
10.620113
10.750619
10.738231
10.681455
10.538602
10.786567
10.780013
10.564533
10.452657
10.621879
10.637792
10.629979
10.850100
10.611173
10.444337
10.666894
10.681412
10.661352
10.737922
10.617287
10.486824
10.857489
10.862319
10.767762
10.845101
10.599203
10.650758
11.067248
10.621478
10.511383
10.571618
10.437309
10.683421
10.745453
10.740516
10.638035
10.663441
10.728119
10.701214
10.513593
10.573896
10.706239
10.729533
10.795571
10.908134
11.130467
10.858208
10.869856
10.399188
10.591597
10.451968
10.527791
10.514180
10.538983
10.590706
10.885732
10.683771
10.655440
10.785926
10.674803
10.676867
10.327355
10.709497
10.647349
10.571136
10.619324
10.851505
10.613003
10.542316
11.013474
10.586525
10.679674
10.665551
10.786391
10.815945
10.650312
10.547878
10.705588
11.054536
10.729447
10.615835
10.965191
10.724727
10.658822
10.582935
10.621128
10.592469
10.616801
10.721917
10.512558
10.779760
10.830868
10.742892
10.640353
10.742390
10.769949
10.897472
11.060612
10.722521
10.614402
10.758798
10.428599
10.715652
10.690585
10.781597
10.622917
11.029332
10.941798
10.635197
10.631877
10.789284
10.551238
10.710704
10.545224
10.977454
10.732132
10.738973
10.563667
10.677470
10.548489
10.651495
10.776770
10.885042
10.900642
10.958478
10.717318
10.539211
10.668065
10.680230
10.731134
10.678920
10.678484
10.622553
10.553233
10.767876
10.648843
10.542242
10.663676
10.520594
10.647458
10.642243
10.602368
10.574142
10.842748
10.735264
10.738416
10.827952
11.019931
10.772942
10.672005
10.687219
10.616009
10.459563
10.681400
10.761039
10.661345
10.711536
10.744774
10.883928
10.937987
10.853594
10.603692
10.775296
10.704013
10.767863
10.943174
10.871921
10.758190
10.601412
10.738561
10.761498
10.844665
10.659344
10.930309
10.752047
10.661896
10.810347
10.787126
10.693865
10.516535
10.705411
10.874885
10.924841
10.535324
10.828751
10.748187
10.739870
10.706938
10.522727
10.620108
10.917541
10.738736
10.509174
10.912808
10.470587
10.483081
10.946280
10.687936
10.687507
10.813354
10.631402
10.869000
10.612807
10.582032
10.539184
10.809980
10.752868
10.528454
10.526254
10.517065
10.569962
10.628725
10.887220
10.507450
10.550018
10.761903
10.697845
10.783841
10.856426
10.600268
10.989829
10.943784
10.694639
10.502759
10.727758
10.664223
10.644199
10.631939
10.567957
10.610709
10.693913
10.999391
10.512471
10.646894
10.820798
10.824122
10.661134
10.740199
10.621455
10.776243
10.681725
10.652826
11.052882
10.454058
10.683016
10.701943
10.774827
10.479067
10.833427
10.832046
10.771316
10.688190
10.976725
10.677744
10.901997
10.856984
10.652943
10.716470
10.713211
10.718841
10.804849
11.156158
10.939240
10.628166
10.499153
10.687490
10.609195
10.763996
10.657585
10.727203
10.598063
10.776404
10.688514
10.721205
10.671644
10.609592
10.566259
10.656919
10.540918
10.665061
10.618715
10.656171
10.846789
10.702961
10.846010
10.581870
10.810379
10.702084
10.998760
10.549395
10.542459
10.661158
10.718979
10.700296
10.693819
10.671044
10.767139
10.581327
11.004882
10.690373
10.746774
10.634419
10.508453
10.693217
10.940186
10.610087
10.685995
10.716813
10.902383
10.782021
10.967101
10.785545
10.641498
10.679540
10.594690
10.675901
10.807312
10.676465
10.799993
10.822017
10.701948
10.546999
10.673667
10.820354
10.891672
10.728396
10.916034
10.905946
10.696950
10.811410
10.851345
10.577073
10.750670
10.882352
10.631806
10.708686
10.699481
10.542210
10.674971
10.731460
10.686482
10.621464
10.717403
10.595227
10.772563
10.612808
10.532266
10.770383
10.752129
10.706695
11.152390
10.689824
10.481191
10.909027
10.803747
11.010328
11.072368
10.701740
10.591408
10.730880
10.628264
10.618068
10.664107
10.902078
10.584819
10.745522
10.803961
10.548253
10.687992
10.828486
10.808559
10.829562
10.710354
10.583106
10.602369
10.496311
10.747781
10.579543
10.756853
10.653060
10.724646
10.917698
10.682869
10.698694
10.634380
10.872863
10.624168
10.708800
10.475260
10.677901
10.741042
10.785254
10.979020
10.677030
10.801786
10.642776
10.848173
10.833739
10.886093
10.448509
10.696841
10.485265
10.714634
10.698499
10.737949
10.595539
10.352753
10.642318
10.710829
10.677807
10.471785
10.744692
10.636958
10.775847
10.625724
10.843963
10.764676
10.744911
10.747073
10.686223
10.658151
10.763076
10.830097
10.609646
10.746662
10.404754
10.693704
10.834429
10.704411
10.551511
10.598601
10.575878
10.608561
10.785720
10.979974
10.555261
10.743667
10.538064
10.492438
10.779564
10.692871
10.541626
10.743603
10.813317
10.744462
10.900334
10.490936
10.752921
10.674372
10.543620
10.659547
10.676329
10.524375
10.546707
10.682818
10.563412
10.593531
11.074433
10.797679
10.586785
10.698976
10.793724
10.643314
10.710063
10.744892
10.817450
10.709601
10.615619
10.615232
10.609760
10.974114
10.775845
10.676324
10.884788
10.440543
10.578759
10.475966
10.775768
10.701371
10.556581
10.684310
10.627354
10.678301
10.851790
10.588968
11.150716
10.768264
10.734599
10.921388
10.523898
10.555250
10.749163
10.759144
10.456153
10.847712
10.661291
10.487714
10.793401
10.638111
10.634114
10.985783
10.733260
10.637053
10.543322
10.598687
10.427384
10.860957
10.647300
10.728153
10.475832
10.827313
10.630514
10.606300
10.707473
10.844917
10.966953
10.805680
10.612668
10.874368
10.723425
10.673888
10.570919
10.826058
10.807249
10.866125
10.661130
10.722987
10.746924
10.832383
10.710994
10.668471
10.741911
10.802343
10.613157
10.505572
10.637665
10.570681
10.749619
10.703738
10.842157
10.682100
10.613153
10.669989
10.574932
10.780402
10.557640
10.728365
10.766409
10.642101
10.647573
10.620906
10.539262
10.632042
10.822799
10.994968
10.735526
10.564926
10.596691
10.692075
10.671256
10.838198
10.459200
10.807008
10.726351
10.703388
10.844666
10.928321
10.627026
10.645518
10.607518
10.681755
10.605019
10.323061
10.731075
10.726574
10.862277
10.681968
10.327725
10.825465
10.641702
10.500893
10.771091
10.717491
10.826901
10.801045
10.700528
10.811184
10.629257
10.966569
10.794210
10.640387
10.682276
10.645831
10.659388
10.643784
10.961683
10.671194
10.702058
10.599639
10.675746
10.658863
10.569703
10.518458
10.616742
10.809780
10.527816
10.731179
10.461213
10.908389
10.473284
10.670952
10.416146
10.536112
10.638903
10.640012
10.844175
10.605000
10.882380
10.717845
10.531266
10.670068
10.784285
10.540866
10.626475
10.699600
10.698193
10.836050
10.752971
10.885656
10.611445
10.381666
10.501793
10.736359
10.459861
10.809612
10.588094
11.284322
10.647199
10.561671
10.464156
10.749005
10.684240
10.702556
10.633205
10.540010
10.639275
10.801784
10.704950
10.605399
10.542353
10.721788
10.654387
10.703038
10.640819
10.632496
10.739811
10.553881
10.710117
10.748786
10.670005
10.728166
10.951352
10.625834
10.575629
10.676476
10.393368
10.722310
10.658110
10.500988
10.627837
10.917240
10.705652
10.566411
10.590620
10.674453
10.504857
10.631422
10.637004
10.822273
10.667911
10.665959
10.753125
10.720259
10.681866
10.647711
10.738785
10.607204
10.784920
10.915874
10.680065
10.706256
10.611787
10.980467
10.758001
10.647405
10.417419
10.641075
10.757084
10.689746
10.700992
11.137562
10.550093
10.614563
10.358692
10.729506
10.804860
10.791596
10.758662
10.851400
10.685834
10.802400
10.625857
10.600579
10.677773
10.565513
10.653231
11.035024
11.261404
10.733135
10.892606
10.752371
10.792595
10.911837
11.242869
10.504511
10.545343
11.017980
10.947159
10.609673
10.535298
10.622373
10.743282
10.788786
10.636039
10.591069
11.084968
10.761289
10.750839
10.712300
10.481594
10.436670
10.895216
10.932885
10.784418
10.899941
10.651456
10.777763
10.647350
10.434517
10.718117
10.703254
10.648114
10.643313
10.550200
10.562666
10.514638
10.991339
11.070778
10.602589
10.626092
10.634017
10.596511
10.536932
10.665104
10.808414
10.651264
10.576440
10.634612
10.660418
10.724379
10.663097
10.827127
10.789112
10.544803
10.848411
10.650413
10.775032
10.681757
10.534891
10.730475
10.674029
11.104427
11.089887
10.742810
10.795943
10.797135
11.190765
10.837861
10.625809
10.535767
10.740797
10.517008
10.779364
10.581871
10.748365
10.909619
10.771331
10.627516
10.772652
10.566752
10.518662
10.494348
10.729613
10.604668
10.743467
10.704571
10.452004
10.644574
10.582314
10.598802
10.617953
10.875739
10.761812
10.669969
10.631426
11.084677
10.740525
10.667103
10.777996
10.932141
10.606547
10.728958
10.755683
10.757739
10.714696
10.922270
10.645329
11.380217
10.681169
10.729047
10.578027
10.643032
10.793650
10.901602
10.460566
10.542382
10.587148
10.510485
10.573150
10.706733
10.912355
10.611648
10.722888
10.741529
10.669079
10.733145
10.601234
10.968507
10.576482
10.757484
10.526937
10.698689
10.594096
10.622991
10.617669
10.770105
10.702524
10.796702
10.443198
10.586314
10.630859
10.587340
10.771762
10.809030
10.711846
10.736696
10.607741
10.740240
10.753691
10.701816
10.516466
10.656940
10.727499
10.696545
10.740157
10.652094
10.844074
10.565891
10.617464
10.680688
10.798391
10.763261
10.763624
10.750356
10.426467
10.640250
10.904119
10.661502
10.612756
10.755704
10.630880
10.894071
10.734905
10.754524
10.496533
10.774249
11.156662
10.513553
10.704767
10.785104
10.724649
10.680825
10.965636
11.029935
10.841583
10.644406
10.737599
10.648452
10.800218
10.591578
10.677560
10.650171
10.544362
10.714746
10.865456
10.757271
11.025506
10.920976
10.733742
10.510645
10.706627
10.927315
10.433943
10.472572
10.916475
10.633046
10.651468
10.560786
10.990995
10.868014
10.707956
10.728757
10.726781
10.818082
10.735323
10.769245
10.776101
10.864108
10.729655
10.705904
10.950722
10.556918
10.608055
10.661181
10.461319
10.893109
10.740087
11.021889
10.779207
11.013750
10.727264
10.817592
10.933212
10.701155
10.709189
10.582366
10.605063
10.553153
10.774550
10.299436
10.648463
10.690705
10.725385
10.651220
10.634796
10.617389
10.525535
10.597294
10.523862
10.577590
10.561534
10.893766
10.582277
10.865760
10.660258
10.622794
10.829237
10.880950
10.725457
10.784751
10.619808
10.536089
10.465884
10.770717
10.488692
10.590660
10.651730
10.816631
10.474938
10.693174
10.684959
10.702995
10.759652
10.620550
10.615833
10.701876
10.746472
10.718946
10.452657
10.780777
10.678189
10.662113
10.871711
10.746496
10.602747
10.595222
10.908354
10.623198
10.660932
10.636154
10.808971
10.709468
10.846410
10.808652
10.802061
10.716863
10.949509
10.702093
10.897313
10.602378
10.818152
10.709140
10.631876
10.944899
10.601489
10.551027
10.667167
10.584068
10.548842
10.684561
10.816783
11.040552
10.742248
11.029131
10.649569
10.642879
10.654451
10.669430
10.647905
10.627338
10.849651
10.930358
10.761130
10.582442
10.679480
10.614393
10.619520
10.758631
10.450592
10.736508
10.603262
10.554431
10.648940
10.685233
10.755760
10.608748
10.644616
10.661333
10.820815
10.644931
10.493105
10.773134
10.430602
10.666913
10.680597
10.728443
10.551772
10.617906
10.718426
10.539396
10.747331
10.881295
10.611833
10.751159
10.782160
10.675882
10.824418
10.613290
10.772611
10.875693
10.599799
10.841849
10.804909
10.506661
10.862271
10.607375
10.673976
10.526615
10.580535
10.560968
10.818380
10.715873
10.855476
10.571895
10.783100
10.796535
10.639933
10.655699
10.817592
10.461039
10.520527
10.678061
10.761711
10.587536
10.748212
10.748192
10.594953
10.893364
10.671216
10.761752
11.038667
10.608180
10.641403
10.654233
10.798920
10.528967
10.513476
11.052537
10.681439
10.716995
10.741400
10.825372
10.394543
10.488204
10.835287
10.498444
11.040796
10.516745
10.751159
10.688153
10.572123
10.982746
10.647165
10.794098
10.741301
10.467271
10.788203
10.704652
10.703937
10.534302
10.990272
10.694732
10.623865
10.773082
10.777701
10.615116
11.063823
10.665561
10.823141
10.710786
10.816495
10.572540
10.790095
11.020097
10.906996
10.869854
10.516408
10.566436
10.576835
10.697226
10.702098
10.639391
10.632393
10.706240
10.682155
10.694306
10.628702
10.700456
10.691522
10.922134
10.797674
10.599090
10.613406
10.532195
10.812598
10.553313
10.891255
10.675618
10.560540
10.589428
10.503491
10.564009
10.576881
10.631472
10.764432
10.619926
10.865839
10.660912
10.592481
10.812926
10.804446
10.901798
10.734141
10.792602
10.926200
11.018529
10.657731
10.694777
10.642588
10.789082
10.709305
10.506722
10.651441
10.710400
10.880314
10.713038
10.743515
10.611386
10.844875
10.600811
10.495376
10.506797
10.667914
10.645800
10.514111
10.727103
10.774588
10.740491
10.672038
10.744322
10.700536
10.845759
10.658529
10.726911
10.873820
10.598576
10.841371
10.942548
10.698777
10.674007
10.582834
10.786256
10.516005
10.781008
10.572819
10.698942
10.741993
10.688873
10.765937
10.680353
10.731801
10.739892
10.806995
10.657232
10.558085
10.627617
10.510599
10.757284
10.865625
10.561810
10.506727
10.817307
10.703834
10.949540
10.808620
10.614224
10.764103
10.785275
10.653355
10.740456
10.783954
10.581034
10.738413
10.644952
10.953852
10.468876
10.882163
10.657100
10.647121
10.689372
10.770627
10.536389
10.839504
10.576058
11.115006
10.567794
10.495286
10.796761
10.839914
10.694533
10.743993
10.599997
10.575422
10.607291
10.558630
10.696971
10.550406
10.601086
10.594531
10.559332
10.830749
10.420745
10.962383
10.766848
10.888816
10.660767
10.568534
10.765399
10.460021
10.944698
10.539244
10.581921
10.611403
10.594264
10.906342
10.652039
10.654772
10.608612
10.599239
10.724541
10.750614
10.843891
10.809627
10.575294
10.748771
10.633002
10.593397
10.678578
10.824780
10.586497
10.606340
10.732565
10.552975
10.847054
10.683397
10.889716
10.616580
10.689547
10.539001
10.645572
10.768552
10.992615
10.655140
10.716957
10.628336
10.822504
10.823767
10.702066
10.757928
10.432359
10.826419
10.807596
10.899066
10.743792
10.825583
10.864203
10.559497
10.641022
10.607794
10.517568
10.651132
10.753577
10.539662
10.780944
10.967176
10.661188
10.634958
10.951562
10.774818
10.655155
10.637826
10.713123
10.706889
10.825347
10.962281
10.548074
10.680252
10.482090
10.718922
10.641135
10.703763
11.070689
10.719489
10.551678
10.716163
10.816320
10.729596
10.605969
10.740961
10.632000
11.103716
10.908107
10.754002
10.624043
10.505827
10.771788
10.851321
10.667826
10.670465
10.775851
10.949225
10.778853
10.829554
10.814236
10.592952
10.789850
10.779358
10.712741
10.542395
10.696012
10.581756
10.507844
10.900790
10.781132
11.000107
10.978056
10.628901
10.620598
10.899115
10.565586
10.588427
10.776079
10.744978
10.567400
10.806025
10.681048
10.615729
10.534752
10.593852
10.671452
10.677849
10.851943
10.585576
10.702384
10.373716
10.603382
10.532644
11.017098
10.754913
10.747387
10.876358
10.621102
10.800007
10.607855
10.833300
11.394494
11.080537
10.579531
10.927880
10.717684
10.728035
10.696624
10.532517
10.633484
10.680377
10.823215
11.246721
10.843746
10.754950
10.704987
10.673298
10.459822
10.720429
10.834591
10.766904
10.838543
10.551272
10.605838
10.622055
10.691518
10.775119
10.512715
10.595633
10.663339
10.882217
10.726457
10.499999
10.846647
10.770452
10.693272
10.521345
10.876798
10.347131
10.513015
10.662331
10.456279
10.533578
10.639908
10.643570
10.749366
10.988266
10.722607
10.600646
10.656294
11.036334
10.676807
10.658744
10.722965
10.710033
10.724637
10.753175
10.942224
10.582563
10.630025
10.708386
10.930596
10.667775
10.683107
10.797277
10.669749
10.939207
10.713091
10.797479
10.864720
10.741878
10.556028
10.694259
10.899037
10.692617
10.652325
10.643934
10.759565
10.726308
10.677296
10.564699
10.625499
10.682455
10.641383
10.945340
10.647219
10.547768
10.842050
10.761723
10.602015
10.745942
10.670210
10.623896
10.726257
10.585235
10.752394
10.829274
10.807578
10.680428
10.815141
10.662724
10.724924
10.918198
10.766291
10.827722
10.573695
10.647444
10.922828
10.818889
10.720373
10.682130
10.768517
10.817258
10.623365
10.964064
10.722214
10.688126
10.878754
10.582233
10.561607
10.993496
10.904202
10.672213
10.636936
10.595032
10.743116
10.700832
10.979947
10.658867
10.621702
10.768802
10.437613
10.728799
10.937435
10.643501
10.748998
10.581981
10.481635
10.596997
10.606159
10.824846
10.660038
11.165645
10.751265
10.667259
10.586577
10.724221
10.747764
10.807380
10.418366
10.572027
10.762733
10.833604
10.641190
10.998863
10.646846
10.834830
10.553953
10.863263
10.935526
10.617666
10.415860
10.682481
10.827660
10.745917
10.826172
10.468508
10.657275
10.609853
10.750582
10.589545
10.639992
10.789649
10.641798
10.646864
10.915541
10.500002
10.723688
10.580985
10.521653
11.008269
10.453373
10.465539
10.632395
10.493188
10.613836
10.542278
10.534892
10.643573
10.618469
10.694839
10.541081
10.673347
10.865744
10.511380
10.813532
10.613116
10.625439
10.511051
10.537689
10.906801
10.614719
10.794400
10.496141
11.043163
10.680081
10.779864
10.731794
10.743083
10.701429
10.552511
10.706712
10.649101
10.599103
10.780564
10.851140
10.569262
10.666977
10.836470
10.686295
10.877196
10.868579
10.740946
10.501774
10.690306
11.172001
10.746583
10.920837
10.761933
10.625666
10.606025
10.513608
10.783977
10.635320
11.017260
10.797749
10.708655
10.583190
10.587020
10.745380
10.508331
10.750123
10.477909
10.414772
10.556557
10.416641
10.700856
10.917469
10.783435
10.798341
10.741147
10.733738
10.499630
10.614021
10.531627
10.674158
10.624458
10.467007
10.604497
10.598219
10.771693
10.586166
10.462790
10.711398
10.664349
10.837909
10.849915
10.463222
10.827893
10.914395
10.732969
10.737718
10.854096
10.632533
10.662810
10.786775
10.513608
10.560257
10.491613
10.633313
10.978366
10.893922
10.630271
10.475171
10.578193
10.764818
10.747400
10.733183
10.712469
10.649089
10.713039
10.636186
10.658355
10.533218
10.666419
10.491969
10.740085
10.847373
10.633126
10.856632
10.677472
10.707416
10.670915
10.727351
10.654187
10.652853
10.723570
10.644473
10.619863
10.544348
11.105948
10.740456
10.770976
10.554252
10.704544
10.657633
10.828234
10.748793
10.963801
11.002478
10.727985
10.617279
10.590744
10.759306
10.583776
10.544953
10.884039
10.493235
10.781436
10.827236
10.751708
10.947944
10.719272
10.975132
10.604743
10.701257
10.488974
10.589149
10.525522
11.057726
11.050089
10.525409
10.752144
10.647571
10.572866
10.614350
10.668789
10.586747
10.635284
10.790272
10.667325
10.644150
10.691464
10.605439
10.469050
10.592442
10.661256
10.748543
10.615859
10.616010
10.942448
10.695306
10.619264
10.809743
10.803886
10.801864
10.528549
10.577740
10.647325
10.658248
10.412253
10.461440
10.831560
10.677071
10.566055
10.878424
10.756344
10.659890
10.529790
10.735048
10.728598
10.478802
10.747871
11.016448
10.505048
10.896841
10.696788
10.606055
10.797048
10.768903
10.562676
10.730893
10.715600
10.650882
10.767966
10.676957
10.904373
10.728421
10.616961
10.700573
10.575252
10.634672
10.594541
10.753899
10.482697
10.803066
10.673189
10.633462
10.849366
10.788112
10.673474
10.531654
10.639961
10.592578
10.639933
10.993617
10.600324
10.659219
10.589573
10.888689
10.644662
10.739880
11.278220
10.736452
10.734147
10.548057
10.499641
10.626186
10.794379
10.673308
10.687539
10.664043
10.558155
10.717193
10.765504
10.878004
10.739480
10.826780
10.564509
10.851654
10.750741
10.405471
10.735776
10.701365
10.677961
10.790856
10.705115
10.510865
10.830558
10.607589
10.762488
10.682907
10.697437
11.006823
10.797953
10.748193
10.744435
10.616835
10.693507
10.609197
10.727897
10.738380
10.788208
10.674019
10.535555
10.720214
10.747318
10.556674
10.844310
10.824484
10.658759
10.648368
10.699076
10.685388
10.534142
10.540219
10.588147
10.684866
10.681805
10.639826
10.588857
10.779698
10.913007
10.714624
10.965126
10.761298
10.802276
10.634865
10.634617
10.840794
10.864475
10.603830
10.527778
10.704108
10.688073
10.653533
10.651320
10.719870
10.723923
10.670248
10.782662
10.806008
10.858782
10.781724
10.747808
10.773220
10.638813
10.763724
10.766042
10.797667
10.782329
10.700967
10.570809
10.754712
10.548919
10.756857
10.680408
10.820766
10.627430
10.851837
10.680825
10.893522
10.610289
10.458012
10.729941
10.661269
10.692907
10.461218
10.748391
10.546481
10.568355
11.019999
10.612998
10.836526
10.605245
10.670780
10.595943
10.684215
10.549828
10.539805
10.710800
10.745880
10.465515
10.773578
10.794187
10.762957
10.683349
10.995836
10.782448
10.626164
10.986858
10.723575
10.755656
10.701481
10.698545
10.867535
10.870569
10.804094
10.796011
10.503766
10.555949
10.719800
10.822981
10.646365
10.649319
10.535234
10.569014
10.664464
10.442472
11.013122
10.661467
10.534128
10.710434
10.574341
11.175697
10.702046
10.599915
10.891769
10.644458
10.676780
10.523965
10.728204
10.580331
10.604407
10.763781
11.018580
10.752929
10.796517
10.611019
10.403963
10.685411
10.696899
10.534138
10.577151
10.625067
10.672601
10.427256
10.716339
10.549019
10.787002
10.839079
10.461658
10.628670
10.773116
10.614058
10.733655
11.026065
10.899782
10.602386
10.645066
10.719847
10.731539
10.637129
10.475607
10.834834
11.080754
10.567374
10.736554
10.648734
10.563436
10.538904
10.831881
10.559529
10.626630
11.001828
10.566560
10.703991
10.703337
10.618385
10.673979
10.703741
10.758134
10.676260
10.799159
10.570696
10.624335
10.773782
10.553177
10.447324
10.902650
10.845363
10.736369
10.975282
10.762049
10.811869
10.693626
10.842175
10.740294
10.911498
10.575425
10.623871
10.690103
11.221547
11.004622
10.640484
10.827385
10.951768
10.603664
10.462509
10.754042
10.724241
10.647917
10.444081
10.529018
10.701666
10.901376
10.622283
10.568988
10.579886
10.790354
10.611663
10.506113
10.715860
10.951176
10.585731
10.711967
10.712709
10.641119
10.776043
10.722107
10.747519
10.716888
10.683052
10.658564
10.544513
10.565731
10.501398
10.734248
10.759395
10.690746
10.454774
10.652015
10.721015
10.881982
10.774307
10.739578
10.786617
10.716997
10.698041
10.758658
10.630975
10.741894
10.673196
11.116603
10.499269
10.492522
10.844473
10.542796
10.799924
10.737167
10.502760
10.834960
10.621622
10.650490
10.599545
10.723866
10.728145
10.793514
10.858409
10.484079
10.721679
10.593865
10.844905
10.522888
10.699580
10.636049
10.608064
10.776210
10.682617
10.580518
10.770968
10.608613
10.733524
10.751220
10.748530
10.734977
10.583319
10.608015
10.729965
10.614867
10.771462
10.697387
10.709886
10.516491
10.657538
10.754721
10.792290
10.802317
10.658736
10.566158
10.674825
10.585397
10.586857
10.473434
10.694691
10.732643
10.591359
10.673827
10.737133
11.224472
10.591777
10.442520
10.624600
10.984744
10.784335
10.658843
10.765206
10.751900
10.574158
10.582899
10.779444
10.870218
10.669784
10.665421
10.696540
10.683023
10.748971
10.932290
10.501910
10.614320
11.129022
11.011413
10.971241
10.705777
10.919976
10.673253
10.515811
10.676315
10.624125
10.604508
10.607938
10.632257
10.494073
10.785259
10.535702
10.670772
10.432358
10.622985
10.730433
10.760128
10.878375
10.633479
10.897086
10.602869
10.763807
10.592517
10.909375
10.679281
10.501630
10.563580
10.669311
10.593566
10.845338
10.757465
10.718591
10.764985
10.839249
10.476484
10.579808
10.709184
10.849557
10.738740
10.501652
10.580068
10.920048
10.777218
10.762265
10.566799
10.935274
10.454579
10.649039
10.706330
10.641133
10.489223
10.443465
10.573519
10.970825
10.744652
10.791027
10.493897
10.980342
10.619334
10.620887
10.572411
10.629315
10.699801
10.850832
10.523609
10.750803
10.694402
10.705470
10.620106
10.585379
10.905643
10.910231
10.789139
10.685460
10.721904
10.709087
10.485117
10.712925
10.695634
10.635147
10.551962
10.694664
10.592005
10.688454
10.750902
10.650356
10.582655
10.572696
10.723760
10.697073
10.853020
10.790872
10.788905
10.560638
10.665067
10.756620
10.623261
10.542111
10.694960
10.679996
10.653129
10.878310
10.697807
10.568522
10.789553
10.667287
10.616925
10.674027
10.486115
10.413147
10.471736
10.741047
11.010969
10.495471
10.550015
10.785954
10.682625
10.726369
10.773169
10.356668
10.788243
11.028031
10.834448
10.807151
10.658356
10.544372
10.707647
10.729630
10.801238
11.029702
10.826854
10.734598
10.695051
10.719862
10.677370
10.643610
10.534205
10.671033
10.706792
10.740833
10.659716
10.662653
10.759629
10.940038
10.612696
10.470693
10.699131
10.594395
10.691368
10.607453
10.790887
10.669610
10.733907
10.790500
10.759432
10.566882
10.751943
10.973066
10.774813
10.716839
10.714675
10.855280
10.934088
10.640059
10.661368
10.512809
10.556674
10.898959
10.864381
10.686454
10.799373
10.867866
10.586661
10.769721
10.744332
11.077362
10.762525
10.634771
10.555424
10.780281
10.643887
10.909450
10.696927
10.897486
10.694315
10.893480
10.564903
10.816176
10.865718
10.772196
10.567511
10.507529
10.596412
10.438986
10.591254
10.608388
10.525583
10.651592
10.598484
10.773377
10.656197
10.711711
10.707972
10.669678
10.754756
10.677802
10.739639
10.783649
10.616847
10.635023
10.464953
10.801593
10.654449
10.748905
10.648609
10.538436
10.643006
10.841994
10.614784
10.689767
10.767067
10.861942
10.716105
10.638730
10.685773
10.721796
10.544843
10.576068
10.590181
10.653062
10.794681
10.609505
10.716808
10.799304
10.758294
10.599376
10.841702
10.580768
10.762683
10.787086
10.616736
10.764377
10.653863
11.036687
10.627880
10.755251
10.620079
10.614280
10.554057
10.764206
10.754355
10.614837
10.688894
10.751698
10.745370
10.613658
10.786598
10.957874
10.658006
10.786132
10.583121
10.751442
11.121305
11.033327
10.545992
10.749274
10.765164
10.772624
10.580580
10.523471
10.912122
10.880276
10.740357
10.638301
10.777262
10.566792
10.707982
10.883945
10.720549
10.722029
10.591525
10.777081
11.046985
10.683162
10.813724
10.630271
10.585476
10.723493
10.836943
10.790440
10.590886
10.902995
10.752002
10.926631
10.646736
10.882896
10.675604
10.627445
10.641595
10.733136
10.718702
10.703425
10.685941
10.664781
10.625431
10.626816
10.737205
10.736123
10.812966
10.766549
10.562284
10.522409
10.667549
10.777504
10.593457
10.515446
10.540823
10.662740
10.764486
10.437251
10.578921
10.618606
10.592551
10.839843
10.721013
10.671237
10.525058
10.690881
10.893959
10.997069
10.818191
10.801090
10.750697
10.477801
10.873933
10.556200
10.783980
10.778704
10.690674
10.726090
10.623714
10.684152
10.621628
10.765146
10.608432
10.717650
10.933836
10.782604
10.834995
10.612107
10.790353
10.720107
10.412171
10.726970
10.594045
10.568051
10.762163
10.946904
10.568326
10.509130
10.638505
10.578299
10.740379
10.747184
10.737794
10.917611
11.019179
10.637718
10.670648
10.660604
10.655819
10.687565
10.694312
10.686767
10.793304
10.475543
10.766592
10.776820
10.528820
11.207839
10.855290
10.712260
10.489724
10.969492
10.902855
10.546917
10.667693
10.516922
10.655330
10.621125
10.847744
10.700722
10.685825
10.475076
10.634057
10.716717
10.714407
10.567217
10.680652
10.455077
10.739532
10.917878
10.665259
10.681692
10.684333
10.848454
10.585895
10.442626
10.765297
10.580079
10.791162
10.629286
10.641916
10.466226
10.615873
10.581216
10.668776
10.692266
10.429161
10.841220
10.674905
10.882474
10.788814
10.871324
10.532504
10.636005
10.799397
10.656833
10.604985
10.937094
10.651660
10.397872
10.807750
11.052657
10.760648
10.718713
10.676648
10.756047
10.582583
10.773558
10.622458
10.351359
10.655688
10.702547
10.773011
10.708418
10.597066
10.403800
10.600467
10.871258
11.065750
10.576548
10.582927
10.732601
10.750903
10.657792
10.703890
10.686000
10.819580
10.694619
10.596414
10.832247
10.764583
10.654728
10.650418
10.826940
10.673941
10.523253
10.798834
10.702274
11.014495
10.673724
10.756362
10.519279
10.774071
10.927034
10.555094
10.817529
10.827808
11.029382
10.654285
10.646836
11.085319
10.992391
10.745213
10.952170
10.590103
10.801980
10.693918
10.679682
10.563446
10.616842
10.572638
10.602700
10.745534
10.316701
10.789027
10.597382
10.689655
10.805713
10.639646
10.717912
10.598879
10.673783
10.504351
10.650838
10.449535
10.663185
10.569754
10.796148
10.685817
10.933257
10.752995
10.978222
10.585946
10.898105
10.773285
11.008571
10.899404
10.696718
10.672330
10.710661
10.609827
10.614776
10.754399
10.694573
10.578696
10.730446
10.809320
10.897214
10.848830
10.711766
10.768947
10.704489
10.780227
10.692771
10.722147
10.497966
10.850752
10.991243
10.639519
10.919101
10.497275
10.684035
10.781301
10.631462
10.757415
10.636531
10.624789
10.799514
10.638640
10.826543
10.576473
11.000622
10.759488
10.396330
10.741369
10.782024
10.759495
10.620144
10.626540
10.619560
10.611054
10.563232
10.607420
10.662676
10.819484
10.679750
10.662301
10.504847
10.764922
10.694992
10.504212
10.941206
10.692611
10.765388
10.532998
10.883073
11.066724
10.815839
10.637265
10.573489
10.609815
10.672644
10.627163
10.989081
11.010765
10.676909
10.646962
10.534871
10.630452
10.758350
10.981994
10.793909
10.661081
10.731379
10.628711
10.846458
10.554024
10.538704
10.739778
10.668567
10.792024
10.716119
10.562595
10.659046
10.698635
10.670254
10.702609
10.898450
10.780074
10.692742
10.701007
10.611169
10.571962
10.933626
10.682551
10.515137
10.515865
10.686542
10.899738
10.896108
10.823066
10.613977
10.589040
10.607516
10.690078
10.804270
10.554514
10.600047
10.661861
10.630330
10.655189
10.652430
11.027060
10.739396
10.755451
10.623732
10.661127
10.492328
10.686088
10.599666
10.740806
10.661910
10.500910
10.730545
10.601184
10.714968
10.674619
10.836636
10.682885
10.762571
10.758663
10.898523
11.281746
10.673687
10.866313
10.553993
10.671586
10.788389
10.524408
10.462054
10.833032
10.618355
10.600547
10.716354
10.764312
10.884298
11.017215
10.592495
10.930690
10.572349
10.659435
10.742710
10.659529
10.861964
10.752182
10.678622
10.715024
10.874681
10.666601
10.583315
10.635899
10.568283
10.541597
10.788047
10.576304
10.653398
10.608964
10.788021
10.791453
10.659070
10.515121
10.744955
10.347434
10.505465
10.608696
10.687026
10.865091
10.619155
10.542556
10.687033
10.691485
10.735625
10.990238
10.978248
10.781947
10.844086
10.683373
10.877476
10.660624
10.488408
10.649527
10.585851
10.850350
10.597716
10.574796
10.648644
10.869942
10.741020
10.534815
10.670808
10.714573
10.469590
10.811104
11.021066
10.542641
11.250874
10.710878
10.959708
10.549048
10.426644
10.820807
10.654794
10.697488
11.039349
10.687410
10.645816
10.820921
10.583613
10.720566
10.699058
10.879326
10.793639
10.734721
10.948804
10.500675
10.695958
10.646068
10.732096
10.553461
10.611541
10.719449
10.609965
10.545561
10.715941
10.650524
10.609297
10.713145
10.701113
10.701798
10.817559
10.822015
10.672980
10.703691
10.650615
10.749523
10.754590
10.523523
10.790410
11.035835
10.606860
10.578060
10.750463
10.572408
10.478157
10.544051
10.765546
10.790044
10.568507
10.917681
10.501899
10.567324
10.696164
10.755990
10.338092
10.816238
10.796033
11.162352
10.928037
10.727239
10.765533
10.798014
10.767170
10.659081
10.767987
10.661229
10.424784
10.628828
10.665136
10.574951
10.767294
10.458946
10.705352
10.494078
10.484580
10.642043
10.809735
10.940567
10.878023
10.567542
10.497174
10.763550
10.685634
10.667695
10.793890
10.801131
10.525725
10.835098
10.632259
10.826768
10.681270
10.596577
10.841427
10.646299
10.764652
10.754623
10.713958
10.346881
10.678017
11.036318
11.172203
10.647151
10.498447
10.462905
10.703238
10.480604
10.648728
10.787716
10.745304
10.876582
10.531145
10.674061
10.745518
10.698914
10.573104
10.679815
10.803809
10.658236
10.504805
10.626188
10.814403
10.920908
10.734259
11.180754
10.755875
10.932300
10.596714
10.814441
10.576089
10.852971
10.546477
10.722274
10.906890
10.691308
10.896202
10.752534
10.823108
10.503886
10.457135
10.912704
10.743531
10.743361
10.770428
10.713311
10.618257
10.698263
10.712663
10.782586
10.755890
10.561017
10.491249
10.795123
10.848164
10.946307
10.610940
10.588436
10.752546
10.836553
10.654087
10.554852
10.689390
10.677020
10.784411
10.812015
11.032643
10.722300
10.605717
10.450307
10.707052
10.519754
11.126977
10.669925
10.588040
10.475446
10.949566
10.742475
10.718669
10.596681
10.700516
10.565881
11.235178
10.926778
10.531615
10.655025
10.562341
10.833405
10.592891
10.690944
10.681076
10.574579
10.813081
10.749857
10.582504
10.725088
11.028911
10.591910
10.536402
10.699458
10.941216
10.557977
10.822313
10.910298
10.600816
10.591904
10.618277
10.876974
10.648649
10.662129
10.756610
10.619303
10.663822
10.819298
10.597873
10.552929
10.794589
10.584292
10.690430
10.560947
10.615671
10.921958
10.561863
10.674324
10.483530
10.604178
10.841361
10.615711
10.650565
10.671433
10.564922
10.813261
10.625963
10.746613
10.635241
10.743634
10.677713
10.763195
10.467144
10.670407
10.735575
10.647653
10.556934
10.853830
10.654023
10.833846
10.777993
10.687971
10.667664
10.728884
10.888007
10.871107
10.612057
10.652656
10.855973
11.321383
10.769581
10.660191
10.632057
10.517155
10.640458
10.749421
10.692289
10.427659
10.650733
10.683867
10.526762
10.607324
10.525749
10.620792
10.618752
10.551851
10.622710
10.554710
10.713424
10.546684
10.635059
10.744766
10.649155
10.646018
10.592847
10.439739
10.703510
10.879725
10.492021
10.718945
10.735536
10.726385
10.998400
10.810661
10.720832
10.759410
10.524881
10.703661
10.653702
10.719074
10.586970
10.720590
10.574451
10.568566
10.510915
10.937653
10.599399
10.619018
10.682201
10.691617
10.850718
10.576885
10.678210
10.871414
10.811571
11.055576
10.640363
11.059226
10.774017
10.816247
10.696572
10.753203
10.545873
10.748719
10.813837
10.732233
10.748772
10.637811
10.671888
10.581152
10.720060
10.754528
10.738457
10.747304
10.742503
10.854441
10.710924
10.923054
10.805204
10.759540
10.529908
10.691662
10.674854
10.756897
10.617834
10.617834
