10.603910
10.726964
10.756599
10.647252
10.611046
10.642527
10.926488
10.684841
10.606793
10.809582
11.318074
10.666210
10.633076
10.641238
10.671324
10.676159
10.675322
10.772032
10.798689
10.589596
10.797507
10.605147
10.527031
10.556719
10.593278
10.773157
10.756474
10.917541
10.559675
10.588261
10.675860
10.638062
10.796349
10.502104
10.771364
10.583769
10.663365
10.518910
10.670038
10.799227
10.758589
10.876114
10.445365
10.707822
10.873740
10.608085
10.773689
10.912247
10.592032
10.873212
10.702986
10.589348
10.604756
10.726559
10.792112
10.634014
10.648999
10.897913
10.600162
10.875372
10.779873
10.869813
10.714470
10.482453
10.982612
10.673688
10.858151
10.900546
10.867995
10.800817
10.912738
10.612321
10.702855
10.862660
10.722152
10.898122
10.651895
10.660068
10.921742
10.605869
10.763912
10.745109
10.892911
10.606178
11.013119
10.671132
10.553911
10.739431
10.811080
10.757652
10.727525
10.665453
10.650211
10.900267
10.728296
10.783712
10.625321
10.739885
11.051372
10.749626
10.906902
10.614638
10.675340
11.006659
10.790899
10.833187
10.719406
10.874004
10.951034
10.614808
10.671367
10.565589
10.689020
10.717690
11.023023
10.638919
11.005452
10.941212
10.568930
10.955706
10.793560
10.662400
10.719476
10.762243
10.571463
10.751449
11.070719
10.577729
10.740746
10.761977
10.519932
10.491362
10.715162
10.712242
10.795623
10.798193
10.654541
10.767328
10.737719
11.557593
10.561583
11.027562
10.646887
10.734487
10.680730
10.830610
10.929511
10.831901
10.625540
10.569065
10.925240
10.690768
10.902014
10.568686
10.817176
11.011733
10.765702
10.749070
10.501783
10.879199
10.722675
10.857058
10.710637
10.709823
10.627287
10.864637
10.675331
10.896111
10.706675
10.746007
10.659860
10.565383
10.853861
10.657301
10.705956
10.807059
10.629087
10.566358
10.785422
10.721645
10.899145
10.584889
10.553514
10.699212
10.771558
10.765097
10.778033
10.758079
10.709619
10.620328
10.689773
10.667517
10.523323
10.889406
10.747780
11.185242
10.766164
10.765241
10.844789
11.065078
10.587147
10.807868
10.834038
10.550691
10.842989
10.592979
10.703686
10.705809
10.972459
10.855865
10.801493
10.528178
10.771172
10.814456
10.861792
10.798907
11.192082
10.810270
10.696018
10.641444
10.771906
10.753137
10.689457
10.593699
11.012512
10.782428
10.797162
10.964556
10.764988
10.634389
10.679041
10.811324
10.547857
10.676081
10.838222
10.721637
10.650032
10.610696
10.570388
10.920965
10.844379
11.018466
10.595077
10.467919
10.771008
10.903397
10.675414
10.671885
10.772653
10.420532
10.729805
10.625053
10.714825
10.735192
10.445030
10.700407
10.525535
10.759296
11.036821
10.697513
10.877883
10.693256
10.957691
10.781748
10.773811
10.623482
10.811103
10.528551
10.665496
10.605190
10.621955
10.715417
10.779654
10.777621
10.699330
10.785398
10.797703
10.642362
10.664341
10.646954
10.895826
10.583696
10.663829
10.734965
10.822247
10.753753
10.647012
10.652516
10.758315
10.697845
10.619163
10.638563
10.946928
10.768179
10.760129
10.770768
10.977848
10.782992
10.766162
10.831613
10.579732
10.680425
11.663551
10.790308
10.589983
10.756675
10.774428
10.603961
10.599337
10.734582
10.859187
10.904354
10.646766
10.917380
10.552415
10.799344
10.767025
10.638455
10.624588
10.792452
10.562242
10.752685
10.863761
10.690263
10.770899
10.570895
10.467249
10.628615
10.730594
10.601159
10.532908
10.821746
10.621505
10.688805
10.682336
10.679024
10.849157
10.885440
10.514082
10.758318
10.775382
10.662144
10.720277
10.523383
10.868700
10.492547
10.699674
10.513375
10.767970
10.959447
11.045269
10.753807
10.800239
10.576473
10.861489
10.776253
10.706309
10.561524
10.689235
10.611144
10.926216
10.673265
10.649416
10.388293
10.962238
10.624089
10.620550
10.648560
10.788654
10.766957
10.627267
10.640697
10.852058
10.703659
10.814236
10.583734
10.816013
10.942631
10.565592
10.869197
10.853005
10.744847
10.711212
10.663886
10.747093
10.689152
10.550868
10.858626
10.672646
10.461922
10.549587
10.706362
10.558936
10.594630
10.695285
10.779948
10.667890
10.642646
11.020532
10.531369
10.885932
10.598435
10.754761
10.789183
10.777130
10.499774
10.577198
10.804014
10.817138
10.594672
10.818341
10.646456
10.674261
10.609854
10.808720
10.609006
10.570584
10.936981
10.525530
10.852636
10.742814
10.528177
10.642716
10.657021
10.897316
10.567076
10.736009
10.793662
10.819333
10.869656
10.657973
10.831311
10.686310
10.853920
10.725062
10.712077
10.892153
10.608211
10.743845
10.668736
10.661727
10.577130
10.935607
10.928818
10.766570
10.761646
10.710945
10.718950
10.671368
10.448538
10.722302
10.593871
10.985015
10.715543
10.507564
10.786100
10.664456
10.729540
10.724553
10.735945
10.748879
10.628626
10.827303
10.742463
10.629355
10.760975
10.747510
10.605839
10.804822
10.576804
10.904620
10.567163
10.596657
10.727915
10.637637
10.878520
10.461675
10.748350
10.622644
10.759801
10.520382
10.637086
10.698021
10.819909
10.757440
10.951570
10.655704
10.723766
10.790169
10.659982
10.829002
10.554285
10.772398
10.716426
10.736122
10.555951
10.933867
10.756333
10.591757
10.623740
11.003890
10.639587
10.547903
10.642250
10.771373
10.725251
10.855873
10.708417
10.738812
10.788811
10.587823
10.723705
10.771066
10.681225
10.660915
10.725851
10.648825
10.698661
10.628903
10.733041
11.076274
10.834258
10.768419
10.675904
10.564796
10.679480
11.115039
10.736552
10.665514
11.087964
10.589662
10.547684
10.784623
10.618296
10.754651
10.787700
10.536800
10.674241
10.554341
10.639120
10.760574
10.923542
10.598754
10.625100
11.071201
10.545296
10.686221
10.860487
10.635067
10.936015
10.597173
10.645613
10.833228
10.602798
10.508805
10.878913
10.282990
10.974942
10.957303
10.665186
10.689330
10.562754
10.766667
10.541326
10.760912
10.786084
10.647846
10.902009
10.635888
10.713656
10.690844
10.667658
10.692429
10.643558
10.996887
10.625711
10.611449
10.905771
10.648502
10.991945
10.655430
10.643948
10.695613
10.648712
11.027930
10.766675
10.692248
10.821325
10.710594
10.938339
10.562627
10.381665
10.573174
10.624455
10.756090
10.825847
10.742019
10.665496
10.713762
10.581369
10.620444
10.782081
10.801250
10.550142
10.634735
10.724007
10.864003
10.566911
10.574328
10.655021
10.921753
10.726516
10.704031
10.898919
10.882243
11.088054
10.547728
10.845093
10.629852
10.745177
10.774377
10.475536
10.754299
10.722647
10.747631
10.797847
10.599042
10.823633
10.579539
10.795868
10.614093
10.780121
11.063983
10.723866
10.834193
10.823270
10.505502
10.554384
10.702613
10.917902
10.590899
10.777153
10.548418
10.568713
10.665106
10.760803
10.715686
10.518709
10.787205
10.563958
10.849765
10.917488
10.820387
10.699615
10.520009
10.557293
10.688420
10.857814
10.782192
10.630868
10.608565
10.811914
10.763320
11.047058
10.779044
10.734164
10.728774
10.884094
10.472025
10.825788
10.587133
10.689836
10.749924
10.788092
10.927991
10.390443
10.735844
10.748999
10.693294
10.748708
10.613840
10.745211
10.618743
10.974187
10.883851
10.925489
10.877251
10.604092
10.628830
10.727335
10.678098
10.457594
10.760679
10.898619
10.605550
11.056320
10.675571
10.807323
10.744808
10.849783
10.648896
10.765022
10.896399
10.680300
10.942539
10.703325
10.889152
10.455638
10.715841
10.605404
10.779094
10.683251
10.752090
10.914268
10.873037
10.729472
10.853129
10.610314
10.707935
10.475953
10.729813
10.765626
10.577131
10.593072
10.393158
10.749818
10.561746
10.753162
10.449080
10.601072
10.852254
10.777986
10.672726
10.598529
10.657207
10.689741
10.856642
10.446438
10.660192
10.731898
10.589920
10.727912
10.633759
10.742282
10.641383
10.622283
10.827730
10.629118
10.664722
10.608376
10.623099
10.748094
10.938151
10.823155
10.584893
10.813311
10.511054
10.811019
10.716484
10.708970
10.535224
10.542671
10.759686
10.808175
10.968774
10.727248
11.064313
10.798456
10.651927
10.500176
10.854026
10.812029
10.733621
10.770273
10.632394
10.617308
10.623398
10.530436
10.508114
10.520625
10.560016
10.957122
10.764384
10.749553
11.142495
10.911608
10.697199
10.798842
10.846700
10.702350
10.710804
10.572281
10.758786
10.731798
10.684230
10.675177
10.710391
10.559146
10.475308
10.778461
10.443184
10.656869
10.735431
10.682463
10.604329
10.715100
10.736786
10.583413
10.514135
10.662296
10.449729
10.501365
10.513963
10.541866
10.819645
10.734386
10.648499
10.791904
10.695115
10.699267
10.626245
10.606309
10.890429
10.775309
10.725037
10.451828
10.798694
10.650120
10.555423
10.571420
10.623604
10.789700
10.770108
10.641882
10.679843
10.605677
10.713861
10.638643
10.897009
10.594841
11.048384
10.627986
10.725610
10.653545
10.736329
10.638632
10.580832
10.791896
10.728091
10.490362
10.789564
11.030411
10.531086
10.564143
10.704109
10.627270
10.778678
10.907941
10.583410
10.455928
10.614456
11.211038
10.857859
10.806258
10.564046
10.663763
10.585424
10.797883
10.875801
10.548040
10.745316
10.897363
10.672865
10.649175
10.851270
10.776516
10.710585
10.765218
10.954908
10.818385
10.601077
10.555581
10.754607
10.544248
10.708796
10.653582
10.590822
11.006130
10.649695
10.652345
10.305100
10.623480
10.934832
10.792313
10.712888
10.685873
10.872279
10.689807
10.538886
10.652824
10.486897
10.709820
10.649870
10.806476
10.834311
10.881385
10.940704
10.743562
10.675777
10.675638
10.771368
10.535068
10.833362
10.634241
10.720909
10.796091
10.688491
10.612815
10.942853
10.557458
10.875258
10.567174
10.525507
10.644159
10.589005
10.567405
10.494632
10.556268
10.584770
10.578578
10.508881
10.591071
10.898086
11.370315
10.650037
10.660822
10.507350
10.746216
10.653688
10.626875
11.011677
10.759279
10.669742
10.801318
10.830576
10.846919
10.706628
10.651604
10.659388
10.500063
10.749860
10.919140
10.574076
10.676845
10.658918
10.750688
10.749103
10.718289
10.823139
10.676820
10.714815
10.693418
10.826330
10.467858
10.610472
10.878072
10.807707
10.990042
10.837684
10.679315
10.709480
10.650056
10.662151
10.678187
10.714004
10.760963
10.813554
10.638370
10.674300
10.723913
10.702238
10.672036
10.853346
10.905344
10.764093
10.859372
10.835705
10.683062
10.836646
10.807656
10.633107
10.611733
10.623312
10.673401
10.639207
10.718035
10.902163
10.654128
10.785224
10.802099
10.713283
10.754288
10.609886
10.741013
10.795364
10.962039
10.804567
10.704995
10.772561
10.600365
10.836451
10.749725
10.659519
10.701029
10.941396
10.951582
10.665443
10.774598
10.484812
10.624911
10.953519
10.705929
10.603078
10.758491
10.877903
10.802129
10.725048
10.604156
10.784314
10.651256
10.641566
10.604296
10.803801
10.958639
10.627461
10.557585
11.140470
10.778903
10.595702
10.772180
10.519768
10.602664
10.734133
10.627135
10.612937
10.744885
10.762293
10.548287
10.842795
10.517400
10.844764
10.579255
10.726391
10.647698
10.707575
11.007690
10.884590
10.687753
10.497296
10.799491
10.821443
10.651814
10.905011
10.810569
10.641461
11.021310
10.827627
10.595522
10.689124
11.222302
10.943181
10.797756
10.544507
10.603183
10.797671
10.765798
10.751528
10.665070
10.685731
10.750250
10.655229
10.687164
10.566730
10.649295
10.847327
10.674211
10.735169
11.215744
10.665359
10.944916
10.528209
10.766780
10.744437
10.538062
10.779392
10.644458
11.006047
10.552780
10.586640
10.853191
10.806538
10.614529
10.565209
10.607402
10.738452
10.831558
10.720894
10.736525
10.569214
10.787911
10.933186
10.575090
10.624948
10.639763
10.873128
10.701277
10.711027
10.726740
10.796749
10.825697
10.845316
10.731085
10.695206
10.576826
11.064849
10.741882
10.738783
10.796050
10.681130
10.866777
10.662349
10.569020
10.762719
10.903259
10.748783
10.636792
10.608277
10.785882
10.845895
10.920891
10.719789
10.655969
10.745891
10.839355
10.619470
11.056422
10.689545
10.708421
10.637066
10.567862
10.563820
10.871814
10.663490
10.805804
10.691465
10.687820
10.875465
10.870502
10.680768
10.804876
10.783006
10.787505
10.712272
10.793571
10.605216
10.577211
10.911378
10.497695
10.745951
10.442459
10.686362
11.026618
10.759029
10.792811
10.870970
10.860724
10.730354
10.564458
10.731970
10.536030
10.581526
10.534430
10.564025
10.900498
10.853968
10.963946
10.864079
10.599841
10.603925
10.494374
10.977168
10.487199
10.483809
10.660014
10.701281
10.612554
10.710614
10.876802
10.670968
10.851228
10.811940
10.637722
10.837352
10.641758
10.950182
10.612152
10.963780
10.765165
10.675884
10.609331
10.681793
10.568356
10.771976
10.903970
10.765278
10.538778
10.586344
10.642456
10.712992
10.795307
10.713055
10.708795
10.744829
10.622682
10.752434
10.678503
10.663620
10.805419
10.924946
10.766829
10.601290
10.587499
10.710778
10.681036
11.015796
10.788350
10.631846
10.656910
10.653866
10.742794
10.761690
10.674475
10.567922
10.804097
10.614787
10.699608
10.891020
10.768811
10.913238
10.766454
10.994195
10.532624
11.158185
10.795958
10.606220
10.743351
10.437690
10.610817
10.632654
10.928103
10.659738
10.883145
10.710894
10.962586
10.642592
10.793429
10.799253
10.727110
10.696930
10.728351
10.564861
10.693932
10.948521
10.604165
10.808375
10.777366
10.631863
10.803405
10.696500
10.796995
10.403839
10.592590
10.673491
11.155736
10.879887
10.574798
10.855905
10.713536
10.603392
10.870902
10.725955
10.733989
10.849094
10.734848
10.722080
10.893270
10.685060
10.732688
10.883101
11.036440
10.607769
10.490934
10.809709
11.012294
10.712335
10.774828
10.643398
10.760209
11.028024
10.795639
10.477926
10.623934
10.701654
10.711453
10.850322
10.753286
10.857715
10.744972
10.438402
10.707910
10.577994
10.511554
10.720194
10.979294
11.245431
10.970296
10.563256
10.837881
10.683762
10.678220
10.665014
10.660583
10.607175
10.688473
10.854934
10.682297
10.523228
10.663376
10.935349
10.572908
10.837467
12.351911
10.978526
10.797192
10.629557
10.709538
10.830840
10.701189
11.014235
10.832233
10.647561
10.630267
10.687170
10.847142
10.669805
10.625556
10.652542
10.679496
10.638920
10.745638
10.697694
10.576776
10.424576
10.572749
10.612483
10.615751
10.695347
10.544057
10.590525
10.807668
10.675874
10.718787
10.557680
10.748451
10.650130
10.718002
10.823467
10.909102
10.733787
10.956825
10.785268
10.560074
10.531369
10.723335
10.779552
10.912441
10.632029
10.696761
10.456624
10.918838
10.793159
10.994547
10.744290
10.999302
10.889808
10.516230
10.592084
10.834211
10.741687
10.760550
10.631613
10.899034
10.706677
10.778907
10.541097
10.454800
10.788179
10.462339
10.571256
10.797347
10.524670
10.820750
10.482984
10.874354
10.984330
10.701260
10.478866
10.514660
10.732611
10.745169
10.820076
10.742194
10.526452
10.629855
10.694414
10.731350
11.039134
10.703719
10.624615
10.798906
10.730365
10.869511
10.459413
10.831897
10.769794
10.874991
10.635272
10.921015
10.695137
10.718578
11.032416
10.839729
10.705157
10.924591
11.009697
10.829090
10.843003
11.007842
11.149973
10.847797
10.926861
10.706646
11.009445
10.625095
10.857960
10.463718
10.783438
10.952959
10.678280
10.572231
10.668027
10.678833
10.521225
10.577193
10.917176
10.615765
10.520350
10.511326
10.712279
10.513082
10.737199
10.891013
10.639558
10.858918
10.492196
10.727175
10.495904
10.518099
10.832415
10.787643
10.729755
10.721662
10.886188
10.554099
10.452577
10.533636
10.915879
10.943928
10.625770
10.896190
10.644535
10.707228
10.506892
10.686707
10.889690
10.636065
10.730013
10.994899
10.844956
10.674005
10.657719
10.717986
10.788099
10.750162
10.638190
10.579672
10.670873
10.782731
10.530294
10.754793
10.736975
10.633953
10.681012
10.628528
10.645962
10.691174
10.707740
10.846497
10.587121
10.382361
11.098203
10.782898
10.713549
10.865264
10.772568
10.679137
10.762021
10.679844
10.603386
10.562547
10.744559
10.909744
10.874103
10.642488
10.788617
10.683235
10.656178
10.682259
10.485702
10.765052
10.587597
10.686240
10.537049
10.735496
10.503685
10.681491
10.888998
11.023344
10.624422
10.701040
10.643964
10.806590
10.550928
10.535725
10.817068
10.603778
10.719642
10.771174
10.610797
10.651726
10.809896
10.545577
10.765779
10.802764
10.545363
10.795414
11.504830
10.717375
10.520580
10.549353
10.800841
11.151869
10.634466
10.732651
10.839045
10.766938
10.614542
10.942068
10.741494
10.685930
10.877480
10.798382
10.821800
10.940766
10.730989
10.633084
10.764396
10.741575
11.002260
10.718098
10.600063
10.909021
10.694302
10.690799
10.693444
11.000242
10.589080
10.899330
10.683105
11.022138
10.738249
10.511631
10.848994
10.663033
10.483057
10.775313
10.581389
10.644016
10.481718
10.571340
10.560074
10.688168
10.554906
10.624772
10.858296
10.461093
10.679199
10.878435
10.543685
10.679482
10.967287
10.719398
10.660247
10.741716
11.043759
10.881342
11.278596
11.317168
10.692638
10.778174
10.656553
10.570896
10.825212
10.647371
10.651368
10.523231
11.089708
10.685028
10.532014
10.881469
10.546196
10.628020
10.832803
10.630576
10.507234
10.797670
10.602548
10.807049
10.835527
10.505597
10.638555
10.547004
10.662374
10.527878
10.639223
10.707203
10.943614
10.809207
10.663351
10.513591
10.740955
10.679235
10.594009
10.577639
10.756840
10.699048
10.794278
10.691115
10.565775
10.640051
10.705457
10.610569
10.752378
10.511883
11.000144
10.643839
10.863547
10.627717
10.617109
10.754420
10.777648
10.735972
10.600334
10.803325
10.891517
10.660836
10.697701
10.604103
10.724647
10.820849
10.717544
10.879508
10.694217
10.660830
10.622513
10.804788
10.727502
10.862508
10.471917
10.927403
10.705133
10.696570
10.702089
10.726016
11.090401
10.709231
10.846488
10.622307
10.639194
10.852081
10.806537
10.729937
10.646814
10.980454
10.675921
10.772703
10.480312
10.615637
10.964800
10.523819
10.859736
10.731175
10.687511
10.945278
10.768816
10.921914
11.002629
10.767518
10.624731
10.800665
10.634130
10.731582
10.629187
10.469555
10.638134
10.726089
10.583195
10.622172
10.752333
10.742740
10.744077
10.753715
10.765403
10.678049
10.757113
10.732679
10.807441
10.706320
10.854616
10.689777
10.844044
10.596720
10.603284
11.064216
10.687646
10.717828
10.869265
10.554142
10.709820
10.638244
10.843747
10.563485
10.988735
11.152308
10.582502
10.798289
10.627464
10.697812
10.798990
10.858153
10.709882
10.585793
10.708886
10.610590
10.744611
10.711947
10.750980
10.837483
10.679884
10.703563
10.881860
10.712452
10.719531
10.859150
10.793980
10.850515
10.783763
10.652258
10.707879
10.683643
10.898126
10.773693
10.527325
10.667270
10.691101
10.590271
10.531681
10.482628
10.639616
10.750420
10.507360
10.902671
10.571831
10.975852
10.778590
10.843805
10.773490
10.791129
10.685690
10.599874
10.998185
10.856888
10.508749
10.778764
10.856617
10.924328
10.849206
10.747089
10.413011
10.855969
10.390018
10.760902
10.558473
10.709303
10.635022
10.670152
10.680029
10.604744
10.626091
10.628085
10.673279
10.514290
10.681579
10.667422
10.820562
10.724748
10.695889
10.697642
10.590762
10.700586
10.680303
10.649395
10.791941
10.581795
10.494705
10.738134
10.589363
10.720963
10.921594
10.680134
10.775305
10.610491
10.607729
10.793527
10.672130
10.810172
10.721586
10.486969
10.651954
10.650348
10.761154
10.679321
10.768190
10.633907
10.542139
10.847222
11.109894
10.904691
10.941099
10.645277
10.673079
10.764674
10.604181
10.707422
10.750033
10.632404
10.702137
10.699883
10.639560
10.682677
11.045989
10.691351
10.708473
10.706255
10.886301
10.982825
10.823707
10.521950
10.848131
10.729519
10.714911
10.553281
10.768822
10.819192
10.668055
10.667217
10.691707
10.617056
10.569378
10.705920
10.649518
10.707661
10.581524
10.735710
10.798350
10.595715
10.795249
10.680132
10.785297
10.503295
10.663837
11.183249
10.610251
10.594671
10.589858
10.639433
10.700013
10.848530
10.515600
10.694111
10.821789
10.581617
10.659540
10.532034
11.039131
10.606675
10.712645
10.884821
10.756427
10.642406
11.181463
10.631856
10.908766
10.783405
10.711912
10.676662
10.537650
10.762092
10.643141
10.653646
10.671850
10.832230
10.822935
10.728348
10.878967
10.753446
10.903190
10.535765
10.627363
10.649524
10.759236
10.660666
10.875020
10.776611
10.595265
10.775096
10.590140
10.804945
10.616321
10.840272
10.835554
10.647279
10.666336
10.758015
10.764089
10.700579
10.858808
10.707098
10.642566
10.829259
10.676636
10.744076
10.879583
10.500091
10.696895
10.706259
10.858534
10.777315
10.610742
10.534319
10.563220
10.558261
10.511782
10.627249
10.613154
10.850474
10.999299
10.900148
10.617652
10.864346
10.735952
10.865913
10.541960
10.815685
10.739178
10.951280
10.488489
10.929783
10.755103
10.763224
10.474242
10.890449
10.734546
10.767550
10.662398
10.527477
10.836711
10.856487
10.534081
10.609391
10.689737
10.541830
10.714081
10.786800
10.680150
10.668882
10.662474
10.683599
10.865923
10.791955
10.625706
10.818605
10.806404
11.007179
10.838465
10.596132
11.000397
10.803552
10.692934
10.723224
10.776987
10.767633
10.980309
10.496582
10.778568
10.660201
10.426596
10.636828
10.919627
10.677440
10.927027
10.702252
10.682576
10.807665
10.811042
10.827855
10.404038
10.731993
10.615679
10.402772
10.962965
12.276406
11.044708
10.863246
11.096906
10.526326
10.775225
10.729473
10.816650
10.652406
10.526891
10.865044
10.753748
10.732736
10.767765
10.690671
10.663342
10.634616
10.908537
10.608751
10.764450
10.706618
10.687321
10.631466
10.636271
10.661571
10.676261
10.679168
10.873573
10.645257
10.727813
10.715894
10.667503
10.627071
10.859159
10.518978
10.718008
10.724869
10.633590
10.570967
10.412607
10.798288
10.676480
10.794258
10.632253
10.717836
10.636620
10.666221
10.683913
10.612840
10.665003
10.757881
10.747067
10.810956
10.619663
10.777547
10.632075
10.614857
11.171042
10.801571
10.566671
10.681347
10.594470
11.030232
10.784263
10.606472
10.479767
10.722018
10.706448
10.685782
10.590586
10.507392
10.890182
10.920456
10.677579
10.822311
11.006359
10.630621
10.781623
10.692677
10.759148
10.622263
10.556332
10.676621
10.774408
10.738860
10.752008
10.605975
10.672177
10.607102
10.998184
10.621368
10.810362
10.671676
10.761712
10.800154
10.915849
10.903626
10.859337
10.712742
10.521852
10.676314
10.496559
10.655267
10.737411
10.755482
10.867323
10.811794
10.757079
10.674261
10.804129
10.961977
10.765722
10.705259
10.947181
10.978634
10.618020
10.577835
10.891162
10.603864
10.806045
10.595253
10.852060
10.831373
10.548453
10.703848
10.643217
10.828146
10.694776
10.629240
10.866159
10.815016
10.799898
10.735087
10.574174
10.711820
10.817284
10.845042
10.635572
10.576839
10.503588
10.836387
11.523029
11.929700
10.731199
10.799158
10.774986
10.822645
10.605697
10.885260
10.652191
10.940812
11.021826
10.584204
10.695755
10.821434
10.612228
10.737920
10.666171
11.249991
10.729342
10.971444
10.584306
10.704882
10.670642
10.848513
10.475465
10.501044
10.645477
10.652157
10.597152
10.604061
10.634714
10.750314
10.595760
10.549617
10.659673
10.710987
10.714395
10.640866
10.842752
10.616165
10.631467
10.774137
10.583854
10.551502
10.551845
10.797527
10.634120
10.563100
10.659296
11.952856
10.669589
10.773581
10.656733
10.680644
10.665502
10.762671
10.694072
10.523917
10.664284
10.730691
11.178057
10.700159
10.844053
10.731468
10.679207
10.986726
10.675006
10.611883
10.566381
11.138504
10.661259
10.678504
10.699663
10.622548
10.663655
10.810988
10.605764
10.442074
10.662497
10.963586
10.715470
11.058702
10.772492
10.735685
10.697012
10.802708
10.748120
10.755639
10.652047
10.717765
10.649798
10.652894
10.870425
10.576309
10.555349
10.650973
10.611462
10.876647
10.651505
10.814248
10.605579
10.837260
10.844706
10.872154
10.762736
10.667205
10.908254
11.020223
10.624666
10.888510
10.870804
10.681395
10.620098
10.608393
10.673412
10.667399
10.516226
10.514597
10.734103
10.703070
10.626381
11.033653
11.047659
10.679877
10.811834
10.745584
10.717152
10.747674
10.930291
10.668110
10.829172
11.265837
10.503107
10.869528
10.696665
10.821503
10.516868
10.641605
10.623644
10.744808
10.954081
10.685539
10.803607
10.671480
10.694561
10.803932
10.715259
10.630355
10.764690
10.895495
10.610334
10.689302
10.714964
10.687453
10.746628
10.791590
10.916376
10.723247
10.766082
10.983916
10.725218
10.621357
10.704792
10.772058
10.615208
10.672418
10.733646
10.685616
10.661465
10.876634
10.529688
10.641706
10.624638
10.714277
10.547662
10.557227
11.079028
10.699553
10.604874
10.772192
10.809525
10.866170
10.870687
10.561235
10.755870
10.683187
10.772251
10.715622
10.666023
10.897452
10.619673
10.524435
10.787784
10.599570
10.525658
10.790298
10.856164
10.793902
10.767040
10.639519
10.767735
10.631881
10.756435
10.816311
10.742462
10.842276
10.815865
10.837752
10.477627
10.568674
10.641504
10.607617
10.878930
10.503617
10.695736
10.834138
10.800658
10.718877
10.721941
10.946086
10.819437
10.778306
10.465373
10.887585
10.494017
10.700469
10.808857
10.765661
10.724426
10.728770
10.540702
10.582040
10.512164
10.721449
10.706852
10.636717
10.650628
10.716793
10.601014
10.635839
10.816867
10.649398
10.529184
10.575988
10.576000
10.628479
10.638835
10.574201
10.761737
10.531224
10.584706
10.727834
10.746154
10.525566
10.630278
10.776418
11.109496
10.819390
10.609258
10.949909
10.781256
10.617496
10.645857
10.823745
10.813770
10.901136
10.604653
10.889540
10.957194
10.642256
10.657827
10.708276
10.642717
10.887978
10.608654
10.669304
10.963171
10.755320
10.723027
10.778848
10.661455
10.656342
10.650274
10.922328
10.705810
10.892295
10.513516
10.540963
11.017662
10.782575
10.575939
10.786609
10.675254
10.737412
10.753497
10.698990
10.774663
10.611890
10.845492
10.638590
10.918256
10.785812
10.616865
11.019239
10.634844
10.632436
10.495910
11.019244
10.931301
10.591180
10.511765
10.812219
10.683702
10.793072
10.669127
10.692079
10.863784
10.506384
10.651367
10.470574
10.876280
10.577790
10.508292
10.783031
10.605923
10.978464
10.709240
10.668792
10.984902
10.554430
10.972163
11.083034
10.610560
10.838701
10.823620
10.635599
10.455072
11.119509
10.540580
10.672912
10.674276
10.597806
10.576302
10.603642
10.552409
10.511379
10.573036
10.612749
10.529048
10.857670
10.605040
10.701688
10.591264
10.888069
10.711232
10.902634
11.283943
10.867177
10.493233
10.768585
10.747898
10.786343
10.642538
10.541516
10.781255
10.636363
10.846123
10.849368
10.752518
11.002310
10.551500
10.568566
10.648292
10.915457
10.758505
10.684983
10.898492
10.913235
10.858533
10.558470
10.653542
10.728775
10.648226
10.691960
10.587690
10.703968
10.972449
10.764311
10.863978
10.638520
10.748110
10.704665
10.725529
10.802731
10.693744
10.806712
10.870110
10.631596
11.044444
10.814219
10.929737
10.617342
10.838161
10.763334
10.857582
10.853928
10.854141
10.632159
10.691290
10.772453
10.641694
10.723391
10.778762
10.720752
10.578768
10.424218
10.633526
10.704621
10.553133
10.953542
10.720673
10.626971
10.588868
10.740090
10.640257
10.974496
10.699484
10.730658
10.788878
10.648711
10.894791
10.656586
10.906905
10.963176
10.638432
10.698156
10.574550
10.712914
10.671207
10.770238
10.700319
10.885719
10.754624
10.771317
10.836960
11.060922
10.748144
10.703947
10.922295
10.736285
10.647622
10.722297
10.633023
10.807260
10.582771
10.749179
10.682251
11.043117
10.904112
10.603752
10.756226
10.654030
10.707389
10.666949
10.916730
10.688527
10.614857
10.671600
10.573888
10.488996
10.854159
10.697870
10.730328
11.164897
11.246626
10.707644
10.599602
10.467449
10.760037
10.631274
10.710031
11.062910
10.594403
10.875042
10.750676
11.070434
11.113666
10.659389
10.811093
10.764640
10.707612
10.578815
10.624752
10.766849
10.839257
10.537027
10.602569
10.464629
10.672589
10.768880
10.660357
10.687154
11.259899
10.658446
10.723329
10.794440
10.612363
10.802686
10.715705
10.920409
10.834177
10.938610
10.638850
10.751604
10.594739
11.239430
10.586218
10.585038
10.567155
10.618761
10.752938
10.848764
10.576945
10.712912
10.852842
10.645514
10.747819
10.654112
10.977273
10.531343
10.616749
10.635013
10.668901
10.605869
10.393813
10.491354
10.661694
10.706143
10.797284
10.969638
10.568626
10.489409
10.726447
10.500884
10.585776
10.841982
10.612016
10.641309
10.698270
10.644302
11.096928
10.659304
10.687783
10.536355
10.609873
10.715967
10.677920
10.491659
10.676220
10.749360
10.784409
10.744771
10.924651
11.616390
10.925538
11.860513
10.794029
10.618995
10.667799
10.669918
10.783892
10.906631
10.750232
10.973305
10.616202
10.653200
10.868904
10.657524
10.988381
10.661196
10.419490
10.532849
10.860991
10.593941
10.555851
10.820349
10.654916
10.841569
10.614543
10.672943
10.568697
10.835869
10.652632
10.648164
10.704847
10.808948
10.969117
10.719362
10.546326
10.918915
10.638267
10.577025
10.694215
10.885813
10.762907
10.584178
10.837840
10.819023
10.772449
10.608232
10.745202
10.616598
10.737981
10.696742
10.534885
10.672198
10.859888
10.694860
10.692475
10.657349
10.630977
11.009167
11.037222
10.727133
10.764932
10.688229
10.582585
10.598156
10.677957
10.600779
10.620753
10.553064
10.662322
10.764410
10.614677
10.879526
10.470399
10.631748
10.812361
10.847799
10.766900
10.682854
10.619486
10.526987
10.486852
10.702177
10.676528
10.607123
10.872186
10.703200
10.741907
10.526157
10.759816
10.696375
10.811418
10.693805
10.508709
10.688746
10.633284
10.557974
10.804505
10.527983
10.662592
10.732689
10.682124
10.540719
10.558106
10.575975
10.762513
10.647781
10.936790
10.712365
10.611073
10.700318
10.614266
10.691021
10.791068
10.750163
10.602444
10.665805
10.553991
10.664389
10.779379
10.644825
10.631497
10.713041
10.799591
10.765548
10.600751
10.927056
10.651706
10.613798
10.481115
10.478923
10.749468
10.497792
10.814193
10.717310
10.709057
10.587908
10.640685
10.901009
10.440902
10.788509
10.713447
10.590662
10.708599
10.893019
10.689773
10.691025
10.890101
10.562072
10.746464
10.988899
11.026458
10.871389
10.689986
10.925154
10.566684
10.855776
10.834986
10.656736
10.771720
10.676856
10.673426
10.754482
10.679220
10.576796
10.819816
10.622954
10.343069
10.799629
10.664072
10.691542
10.697771
10.874717
10.700585
10.736804
10.665138
10.799104
10.743735
10.707977
10.872188
10.575627
10.703821
10.771853
10.537809
10.883777
10.747029
10.903374
10.676661
10.654906
10.766961
10.526378
10.639604
10.901312
10.727702
10.741891
10.564424
10.803489
10.659449
10.807195
10.837503
10.568263
10.638563
10.885656
10.579234
10.575099
10.782914
10.872471
10.575599
10.601717
10.717101
10.719963
10.665185
11.430362
10.649809
10.680606
10.624165
10.639423
10.680573
10.673838
10.705352
10.661292
10.651217
10.736939
10.866765
10.693741
10.528558
10.726613
10.699413
10.767802
10.790326
10.819114
10.658705
10.826436
10.534716
10.691706
10.903585
10.544558
11.010279
10.358352
10.612276
10.694798
10.755017
10.892241
10.861049
10.829807
10.688108
10.930826
10.811344
10.588529
10.768735
10.665138
11.002408
10.875348
10.813284
10.457033
10.598133
10.737375
10.548982
10.750845
11.097684
10.675319
10.545258
10.476757
10.558763
10.626661
10.772452
10.712995
10.866353
10.472859
10.694278
10.836757
11.045307
10.749987
10.671883
10.637397
10.669970
10.918154
10.584688
10.641689
10.974672
10.904966
11.112550
10.751694
10.912230
10.814445
10.769494
10.679627
10.988210
10.582303
10.691167
10.764400
10.602124
10.846244
10.668424
10.903303
10.955669
10.823591
10.678117
10.582824
10.635220
10.864593
10.647723
10.728436
10.981257
10.528973
10.696593
10.630447
10.659365
10.684304
10.872809
10.563639
10.669587
10.915749
10.878374
10.682965
10.670408
10.817003
10.753490
10.695233
10.582455
11.140923
10.768228
10.852326
10.488628
10.646667
10.616981
10.600734
10.570732
10.624016
10.722322
10.686506
10.585591
10.575328
10.887387
10.561131
10.800149
10.695627
10.566182
10.833750
10.829671
10.724984
10.706893
10.695770
10.512573
10.694155
10.852302
10.730924
10.882409
11.012458
10.709003
10.539607
10.893907
10.631007
10.673597
10.673812
10.423537
10.576257
11.286699
10.951600
10.791062
10.694484
10.477893
10.814362
10.721155
10.807043
10.570858
10.665048
10.661986
10.481725
10.657385
10.860524
10.979781
10.604077
10.618689
10.609910
10.524794
10.663993
10.676408
10.708473
10.617285
10.598986
10.863682
10.852726
10.645846
10.848424
10.674590
10.813252
10.900594
10.680552
10.822069
10.582589
10.801626
11.051635
10.563923
10.764541
10.965137
10.685053
10.673797
10.900017
10.669349
10.440674
10.736158
10.527413
10.684825
10.750616
10.496711
10.517601
10.595941
10.651938
10.600750
10.719506
10.678242
10.541202
10.805817
10.570211
10.633691
10.701878
10.630145
10.834434
10.828198
10.641702
10.876985
10.685759
10.598096
10.875990
10.762269
10.521731
10.760394
10.754106
10.615009
10.746521
10.882224
10.803496
10.783980
10.733795
10.611353
10.879992
10.825872
10.656175
10.808113
10.984235
10.721641
10.812496
10.578223
10.693789
10.638497
10.686795
10.656000
10.774257
10.678377
10.529489
10.727956
10.622755
10.686423
10.683247
10.789884
10.725101
10.779226
10.612460
10.630380
10.710230
10.579065
10.649514
10.626167
10.721188
10.654141
10.493139
10.702064
10.531792
10.577133
10.644518
10.702722
10.827728
10.894061
10.792548
10.719559
10.841051
10.426622
10.817602
10.710151
10.515477
10.631099
10.514840
10.638048
10.805388
10.801309
10.598597
10.646689
10.568451
10.761293
10.758495
10.850653
10.615068
10.793902
10.886100
10.707474
10.827088
11.184359
10.647358
10.663819
10.622500
10.946551
10.707287
10.884649
10.653558
10.707457
10.744099
11.212459
10.822237
10.477914
10.559483
10.694946
10.465391
10.595889
10.711547
10.527791
10.890138
10.729015
10.774965
10.863289
10.848329
11.021349
10.704629
10.629166
10.705034
10.510888
11.010658
10.745492
10.735592
10.744982
10.760842
10.505073
10.701657
10.854175
11.189398
10.608183
10.723967
10.671910
10.833014
10.680453
10.734134
10.680917
10.685654
10.725770
10.871216
10.716609
10.789625
11.085972
10.713550
10.698228
10.639384
10.681277
10.513381
11.157414
10.554172
10.693229
10.901522
10.670108
10.813241
10.759496
10.925059
10.625601
10.809561
10.577906
10.592051
10.633947
10.876933
10.744215
10.982271
10.788260
10.777425
10.557342
10.861442
10.701121
10.700887
10.699403
10.882795
10.592800
10.773689
11.266294
10.669193
10.593294
10.619727
10.797237
10.823690
10.554093
10.579714
10.710450
10.771673
10.866514
10.678920
10.704575
10.639975
10.937710
10.831301
10.697670
10.695519
10.864545
10.853166
10.745261
10.553318
10.975208
11.303228
11.220434
10.798512
10.610526
10.752375
10.597229
10.621221
10.734202
10.895455
11.029770
10.567631
10.572095
10.863073
10.976012
10.611477
10.606153
10.976373
10.744052
10.785715
10.562281
10.934243
10.615973
10.535504
10.714860
10.679994
10.584253
10.692671
10.657801
10.693951
10.625839
10.862710
10.565334
10.698785
10.599078
10.562380
10.646881
10.702513
11.006896
10.640354
10.754624
10.811925
10.764475
10.933887
10.716989
10.597222
10.818740
10.492341
10.528301
10.714354
10.720642
10.703378
10.731694
10.713968
10.983645
10.665054
10.743644
10.695648
10.720774
10.764394
11.139319
10.571852
10.790634
10.974067
10.668096
10.972533
10.773257
11.056449
10.653530
10.903345
10.543557
10.537601
10.866131
10.760887
10.677866
10.685424
10.541260
10.640766
10.762947
10.642899
10.679244
10.730398
10.895750
10.751919
10.779274
10.643987
10.719797
10.612376
10.735600
10.742281
10.692814
10.600237
10.370057
10.704180
10.762230
10.681594
10.655779
10.754211
10.664361
10.712461
10.686225
10.848367
10.653094
10.783744
10.784517
10.698684
10.582807
10.955515
10.492435
10.616320
10.838584
10.745398
10.705859
10.587154
10.573840
10.707243
10.767092
10.761268
10.998101
10.916824
10.743298
10.731963
10.599752
10.551095
10.627696
10.685855
10.806406
10.771943
10.784519
10.777739
10.622773
10.703817
10.642633
10.544332
10.733625
10.758765
10.850017
10.654787
10.881721
10.793268
10.641435
10.666270
10.731179
10.816304
10.514778
10.794118
10.606087
10.507226
10.969125
10.712128
10.767084
10.540791
10.735193
10.751323
10.601562
10.954116
10.712751
10.578807
10.784515
10.554809
10.927666
10.769694
10.843064
10.692666
10.697048
10.547714
10.717449
10.724131
10.799792
10.914819
10.753514
10.873040
10.492810
10.773535
10.552062
10.593797
10.758844
10.747806
10.730360
10.639563
10.847791
10.643280
10.805080
11.443344
10.437226
10.586714
10.654250
10.590370
10.704459
10.487894
10.660669
10.719320
10.663792
10.607321
10.613794
10.793691
10.905638
10.524720
10.740610
10.870078
10.919414
10.450564
10.781149
10.789409
10.911364
10.678400
10.963033
10.648291
10.684922
10.834322
10.761474
10.583171
10.700571
11.101761
10.562460
10.867520
10.953936
10.665256
10.835708
10.623540
10.968529
10.759334
10.724749
10.696931
10.899390
10.615648
10.498367
10.576532
10.946119
10.697384
10.791769
10.741243
10.680372
10.672509
10.562422
11.018948
10.464997
10.660404
10.584307
10.801409
10.710269
10.674419
10.652886
10.824256
10.724870
10.662757
10.670712
10.764863
10.742772
10.604203
10.776700
10.647589
10.756724
10.642702
11.027589
10.749075
10.761445
10.562843
10.836238
10.660135
10.619686
10.709142
10.667503
10.699743
10.794176
10.730279
10.698805
10.838765
10.724064
10.688169
10.875261
10.650173
10.688570
10.596146
10.691179
10.908402
10.761770
10.712609
10.599094
10.880053
10.778519
10.765065
10.625527
10.660819
10.410580
10.509111
10.633859
10.540876
10.797753
10.545151
10.690802
10.751053
10.539441
10.679893
10.584692
10.710458
10.625088
10.933540
10.786082
10.617951
10.613484
10.735967
10.624636
10.804452
10.749300
10.487347
10.697188
11.077142
10.981154
10.875329
10.745955
10.587410
10.764652
10.901421
10.743331
10.844571
10.579746
10.767694
10.863577
10.832135
10.841308
10.555592
10.493167
10.758273
10.793234
10.930106
10.697845
10.754234
10.839273
10.690229
11.024138
10.680888
10.708658
10.630626
10.720860
10.580351
10.891758
10.540319
10.760710
10.599948
10.544779
10.608681
10.795122
10.658021
10.644533
10.828781
10.770661
10.755260
10.639557
10.697058
10.671425
10.675831
10.640205
10.801882
10.880392
10.849515
10.635718
10.522380
10.526898
10.645057
10.684791
10.822964
10.823194
10.543886
10.951438
10.860927
10.839055
10.534224
10.784172
10.495487
10.652042
10.866879
10.585426
10.688485
10.723315
10.840877
10.791827
10.644093
10.772096
10.822968
10.601301
10.844905
10.663945
10.798343
10.653266
10.631946
10.566003
10.737606
10.800411
10.643283
10.640299
10.886692
10.921215
10.638424
10.685400
10.647037
10.766772
10.733092
10.783079
10.540754
10.823916
10.870401
10.535557
10.641992
10.717123
10.783106
10.911798
10.911832
10.604146
10.589210
10.795198
10.638134
11.158976
10.555376
10.669714
10.544201
10.596616
10.650159
10.815383
10.783893
10.924733
10.582056
10.822055
10.812124
10.609509
10.786188
10.716436
10.932907
10.853381
10.602863
10.648233
10.565127
11.033545
10.702454
10.615132
10.760231
10.584768
10.695919
10.784356
10.652280
10.526076
10.904232
10.542385
10.663381
10.677974
10.841300
10.686009
10.903485
10.715862
10.679199
10.819156
10.644058
10.548408
10.927620
10.728193
11.041035
10.593614
10.673865
10.648501
10.906127
10.738160
10.736052
10.664308
10.704990
10.711663
10.679330
10.666670
10.587784
10.560620
10.677827
10.722029
10.651643
10.590303
10.899444
10.652461
10.624380
10.713422
10.586728
10.867940
10.758208
10.914490
10.746477
10.949951
10.943221
10.612860
10.602693
10.764847
10.822648
10.760134
10.432284
10.593190
10.761843
10.721098
10.708923
10.802832
10.890604
10.576624
11.040897
10.650262
10.595576
10.728907
10.630535
10.601017
10.917745
10.806529
10.841737
10.638733
10.931977
10.892370
10.749544
10.806238
10.592819
10.613344
10.494287
10.608370
10.872283
10.664055
10.872029
10.703970
10.726288
10.731918
11.111128
10.667255
11.173312
10.961747
10.848122
10.847726
10.707480
11.224690
10.784778
11.045942
10.660479
10.781994
10.819094
10.643821
10.930185
10.537736
10.691837
11.056341
10.618790
10.571133
10.718814
10.659292
10.784451
10.628017
10.943245
10.899640
10.838365
10.685551
10.664698
10.711819
10.593732
10.803038
10.748560
10.626314
10.727898
10.768370
10.569781
10.613322
10.840862
10.643703
10.973888
10.814256
10.914993
10.683138
10.858134
10.804075
10.650282
10.560789
10.721645
10.856338
10.669881
10.952842
10.539594
10.664735
10.775959
10.771359
10.421473
10.736778
10.850610
11.841335
10.720980
10.703297
10.694222
10.651069
10.789861
10.589018
10.823715
10.802316
11.013210
10.869035
10.758743
10.831271
10.631080
10.682810
10.729886
10.896916
10.735576
10.833045
10.638172
10.852327
10.819687
10.672779
10.695869
10.918686
10.601526
10.859400
10.698002
10.895342
10.753110
10.634647
10.626114
10.581280
10.644988
10.831185
10.903296
10.831176
10.886965
10.779038
10.789230
10.687679
10.826163
10.637009
10.763573
10.792983
10.671386
10.747738
10.623043
10.635117
10.661791
10.703392
10.818674
10.830449
10.658367
10.729302
10.696710
10.860942
10.806841
10.966910
10.979018
10.647615
10.593332
10.687546
10.919564
10.847398
10.594708
10.549467
10.796142
10.907860
10.978511
10.467867
10.728078
10.497408
10.593851
10.720060
10.763197
10.523399
10.600528
10.651326
10.678742
10.551010
10.970836
10.701880
10.700709
10.863399
10.647431
10.748501
10.613004
10.793479
10.735644
10.854580
10.603068
10.704044
10.545650
10.623153
10.404706
10.695345
10.810132
10.731277
10.765093
10.887813
10.760112
10.627022
10.867698
10.688045
10.626379
10.655776
10.558642
10.785842
10.584378
11.126096
10.706932
11.048289
11.377394
10.901087
10.773653
10.927119
11.104192
10.640261
10.655142
10.799537
10.704234
10.753227
10.655588
10.745853
10.991834
10.716164
10.817963
10.577864
10.947499
10.716386
10.701383
10.695430
10.889638
10.836657
10.935154
10.650637
10.690641
10.573657
10.678611
10.536909
10.572363
10.732588
10.690924
11.029167
10.765618
10.639154
10.903166
10.715837
10.762861
10.810073
10.860782
10.655855
10.896625
10.630776
10.725039
10.800485
10.674812
10.712493
10.736142
10.661670
10.914321
10.842759
10.569966
10.716409
10.578686
10.636571
10.481726
10.626308
10.778152
10.869793
10.761687
10.485346
10.835964
10.682146
10.686831
10.656312
10.623097
10.874702
10.562065
10.606422
10.850619
10.651668
10.530523
10.660769
10.768207
10.715437
10.696142
10.553266
10.663546
10.805834
10.554629
10.756244
10.543073
10.601657
10.628412
10.524673
10.707071
10.641394
10.692082
10.531502
10.601312
10.864345
10.719466
10.607354
10.581583
10.625975
10.851222
10.840629
10.330867
10.554581
10.818129
10.702448
10.503044
10.750177
10.585268
10.716445
10.995585
10.639723
10.501401
10.654621
10.639283
10.916992
10.632161
10.621506
10.672548
10.610447
10.659504
10.609914
10.712822
10.693264
10.823981
10.848017
10.688769
10.661172
10.559222
10.962890
10.749302
10.558685
10.592858
10.801318
10.723133
10.659120
10.536393
10.621972
10.352206
10.778859
10.413234
10.641340
10.738456
10.512455
10.598955
10.581741
10.598863
10.586321
10.569418
10.637527
10.625041
10.550553
10.773780
10.604794
10.727233
10.715815
10.795535
10.853678
10.496946
10.695391
10.589137
10.654977
10.502672
10.529363
10.550742
10.639758
10.630416
10.825945
10.965743
10.783859
10.777405
10.605807
10.791468
10.795538
10.680530
10.641400
10.563930
11.086161
10.705791
10.578975
10.753667
10.900154
10.802169
11.006871
10.720519
10.653443
10.677524
10.690390
10.570464
10.672976
10.711184
10.641690
10.570679
10.591137
10.812577
10.485209
10.832205
10.712957
10.772579
10.494200
10.852564
10.937287
10.958947
10.817163
10.624561
10.699661
10.541313
10.868484
10.618778
10.574506
10.661601
10.650024
11.140172
10.526082
10.681255
10.755234
10.856207
10.666333
10.721661
10.548290
10.725232
11.134317
10.581376
10.508412
10.559303
10.638833
10.795270
10.495742
10.709696
11.055528
10.594086
10.802816
10.576616
10.582613
11.054114
10.947428
10.573916
10.529992
10.784078
10.709168
10.695972
10.736322
10.696029
10.687048
11.017346
10.434644
10.719627
10.644864
10.528943
10.801072
10.846235
10.933783
10.587803
10.839331
10.432274
10.749443
10.741665
10.851975
10.816060
10.766139
10.756947
10.674791
10.568263
10.921805
10.767446
10.564295
10.769321
10.864052
10.763967
10.884164
10.674078
10.663481
10.690556
10.648169
10.727864
10.556179
10.686764
10.995582
11.500602
10.484969
10.845088
10.543875
10.628783
10.626736
10.574474
10.676459
10.750683
10.797969
10.712788
10.656787
10.707017
10.680718
10.872030
10.521671
10.695593
10.608386
10.705357
10.661769
10.724933
10.714229
10.614806
10.629450
10.869778
10.862204
10.535742
10.663203
10.604828
10.639196
10.690202
10.807781
10.506930
10.721187
10.828691
10.842956
10.774200
10.852948
10.727218
10.764282
11.216474
10.619029
10.611507
10.641847
10.605793
11.113253
10.970225
10.790633
10.992826
10.914396
10.727975
10.607166
10.470817
10.755103
10.696625
11.050475
10.717508
10.804854
10.702981
10.797025
10.934339
11.014338
10.700781
10.643591
10.604659
10.751595
10.650825
10.555167
10.870916
10.838917
10.878668
10.380113
10.691266
11.013207
10.620102
10.876026
10.994440
10.731141
10.610877
10.778243
10.681840
10.698824
10.667992
10.757121
10.643140
10.954383
10.841748
10.751449
11.211258
10.370928
10.603737
10.584341
10.740018
10.815237
10.907954
10.742338
10.912424
10.755383
10.486527
10.669559
10.681961
10.507665
10.909618
10.873821
10.802817
10.869677
10.669336
10.707535
10.647227
10.638077
10.618587
10.689785
10.839591
10.720342
10.888608
10.718154
10.915461
10.629200
10.718583
10.608882
10.562218
10.808514
10.752965
10.715691
10.538253
10.713958
10.745203
10.632552
10.512444
10.916830
11.023534
10.581351
10.564529
10.774190
10.872872
10.847257
10.830967
11.134192
10.626388
10.620721
10.747384
10.602286
10.759343
11.008229
10.789513
10.852825
10.861411
10.670729
10.716977
10.760969
10.962628
10.565159
10.960325
10.684297
10.540864
10.755708
10.765655
10.937692
10.547060
10.592661
10.676501
11.002680
10.715132
10.853184
10.650146
10.480719
10.896074
10.939208
10.496265
10.673067
10.735560
10.630422
10.688231
10.567158
10.646803
10.819520
10.476278
10.604195
10.461417
10.598532
10.696387
10.596659
10.619449
10.754337
10.686079
10.533066
11.180217
10.651798
10.725755
10.976842
10.488887
10.654686
10.696633
10.783200
10.516644
10.559830
10.448321
10.978046
10.652798
10.876147
10.846266
10.832153
10.975756
10.989634
11.069073
11.223520
10.615819
10.608576
10.787373
10.516452
10.756178
10.759258
10.784279
10.678665
11.053661
11.008453
10.623204
10.609637
10.991916
10.658035
10.546232
10.630177
10.861492
10.669361
11.071536
10.851336
10.760987
10.638325
10.544467
10.768564
10.711926
11.020831
10.607244
10.551138
10.493852
10.677745
10.622205
10.674406
10.681088
10.967983
10.824520
10.490118
11.116725
10.769991
10.648059
10.818048
10.827578
10.566870
10.777150
10.612278
10.833179
10.865203
10.861270
10.481682
10.727759
10.698784
10.735583
10.836661
10.569829
11.241283
10.833016
11.069493
10.491183
10.524957
10.736847
10.773127
10.545901
10.767752
10.809649
11.136880
10.656789
10.770092
11.011718
10.672268
10.620254
10.719187
10.640379
10.628348
10.873470
10.593648
10.645116
10.685980
10.729592
10.696418
10.846353
10.693639
10.537682
10.669665
10.740531
10.661127
10.919530
10.882140
10.734110
10.538926
11.042398
10.806544
10.789357
10.928554
10.580542
10.708607
10.789822
10.412200
10.781047
10.672994
10.649980
10.825851
10.794089
10.727537
10.811491
10.572721
10.707455
10.592950
10.713972
10.725349
10.687837
10.726614
10.576154
10.853593
10.749347
10.613471
10.820518
10.556760
10.804254
10.971828
10.525510
10.555031
10.794369
10.975412
10.530883
10.691647
10.591687
10.743714
10.776453
10.717176
10.589846
10.634486
10.823115
10.658498
10.742232
11.181724
11.163943
10.693787
10.539222
10.866285
10.918046
10.710251
10.761714
10.699722
10.711913
10.775347
10.781431
10.478928
10.964715
10.757886
10.612111
10.719817
11.008870
10.728476
10.593359
10.640160
10.732071
10.813593
10.665460
10.677710
10.694597
10.529094
10.635344
10.938559
10.743999
11.034971
10.515919
10.851178
10.799543
10.696900
10.874300
10.678219
10.562383
10.650092
10.915393
10.667493
10.541645
11.212348
10.826111
10.543160
10.798591
10.943697
10.908272
10.672824
10.551136
10.595162
10.686471
10.839039
10.877567
10.668998
10.661040
10.502372
10.579590
10.795997
10.723811
10.545440
10.764600
10.808589
10.701627
10.678499
12.328070
10.544924
10.830473
10.570070
10.927563
10.581242
10.956950
10.872352
10.714996
10.681344
10.649981
10.697616
10.592902
10.581269
10.675652
10.619081
10.651549
10.583366
10.928276
10.575514
10.695733
11.080605
10.619720
10.691228
10.759968
10.553949
10.448511
11.026966
10.884398
10.650828
10.709710
10.521983
10.905002
10.645913
10.664441
10.887651
10.943376
10.679180
10.656891
10.617898
10.443161
10.742512
10.743465
10.688161
10.845875
10.733048
10.666702
10.775893
10.812458
10.484501
10.624832
10.756543
11.742488
10.766460
10.743149
10.748755
10.584643
10.869020
10.754759
10.911911
10.510791
10.811011
10.665350
10.625334
10.697315
10.791987
10.693742
10.605925
10.654060
10.678698
10.759214
11.030513
10.799215
10.877166
10.952055
10.787374
11.095202
10.711483
10.806887
10.502966
10.606740
10.587813
10.885650
10.565536
10.676438
10.823893
10.612368
10.799808
10.758361
10.915024
10.512074
10.443472
10.627822
10.672971
10.861994
10.996676
10.799029
10.468786
10.721877
11.174301
10.544434
10.819614
11.048263
10.890368
10.698545
10.642704
10.795628
10.776252
10.706261
10.792938
10.728622
10.837579
10.723847
10.626176
10.684063
10.944679
10.549850
10.775446
10.765635
10.678960
10.651733
10.685131
10.688400
11.021677
10.828024
10.653142
10.606233
10.489323
10.964494
10.680283
11.173030
10.722778
10.680022
10.932757
10.701213
10.668290
10.701507
10.935949
10.713804
10.688489
10.762509
10.705252
10.615899
10.587208
10.675028
10.933380
10.628646
10.722389
10.739324
10.990252
10.589828
10.779270
10.533994
10.640213
10.639124
10.678960
11.055021
10.610341
11.042219
10.580266
10.827199
10.520353
10.685853
10.662360
10.622668
10.523952
10.804419
10.913754
10.868434
10.776729
10.926683
10.610154
10.835391
10.699993
10.823581
10.704910
10.773609
10.785795
10.580251
10.909100
11.247185
10.681495
10.499671
11.013760
10.645443
10.771413
10.894473
10.537366
10.804892
10.755489
10.811136
10.876730
10.716064
10.398754
10.708444
10.769172
10.699347
10.675768
11.028651
10.900681
10.747038
10.508730
10.679198
10.882448
10.538617
11.165301
10.569098
10.862691
10.752133
10.826902
10.589021
10.879326
10.355014
10.800785
10.764622
10.879524
10.664322
10.669115
10.770600
10.955788
10.894815
10.866292
10.574697
10.825073
10.663582
10.673043
10.691128
10.760985
10.692401
10.900156
10.662011
10.818717
10.794309
10.780579
10.666480
10.573053
10.958635
10.625099
10.590423
10.804735
10.803083
10.827418
10.772138
10.654834
10.796414
10.899183
10.755531
11.038495
10.659689
10.872997
10.796020
10.839002
10.615630
10.975744
10.629593
10.807107
10.990281
10.688453
10.546588
10.531461
10.577024
10.713122
10.551490
10.596159
10.847413
10.804949
10.687498
10.745191
10.864036
11.085159
10.704632
10.502303
10.775232
10.775232
