10.709492
10.553548
10.755752
10.670391
10.653974
10.622971
10.540384
10.658284
10.591902
11.046532
10.761445
10.865084
10.653800
10.888110
10.698797
10.625122
10.833328
10.681544
10.586035
10.647785
10.727593
10.596002
10.711337
10.779156
10.769707
10.748446
10.764765
10.649298
10.711176
10.775958
10.595154
10.635815
10.654280
10.735257
10.786509
10.598065
10.974346
10.782371
10.752113
10.877861
10.706791
10.816019
10.504347
10.807622
10.707606
10.937029
10.735710
10.753422
10.948754
10.643999
10.878381
10.908442
10.564163
10.644028
10.488875
10.759406
10.742281
10.761143
10.515976
10.548251
10.700787
10.797997
10.850272
10.745175
10.824385
10.765200
10.966054
10.598172
10.701452
10.651548
10.743434
10.652934
10.733239
10.711174
10.774921
10.695747
10.502488
10.691442
10.614954
10.707587
10.837404
10.612683
10.697491
10.656105
10.690751
10.769968
10.764607
10.985502
10.530412
10.532024
10.835150
10.525850
10.655018
10.798470
10.675710
10.610984
10.856721
10.606463
11.067792
10.603519
10.477059
10.619181
10.582453
10.551515
10.813823
10.797461
10.764852
10.734745
11.002601
10.571462
10.649341
10.556594
10.512797
10.640476
10.922733
10.757121
10.663077
10.589788
10.718825
11.021766
10.677706
10.931472
10.612851
10.821429
10.625246
10.622488
10.641176
10.820560
10.477659
10.952482
10.914477
10.701728
10.701082
10.740536
10.704310
10.754104
10.580267
10.550362
10.870196
10.549034
10.900376
10.708756
10.667881
10.674188
10.706320
10.921899
10.934679
10.671241
10.529487
10.720696
10.523197
10.611686
10.600257
10.752034
10.740607
10.561408
10.828421
10.752940
10.406242
10.657884
10.687121
10.702865
10.586416
10.867762
10.755704
10.805756
10.724443
10.692295
10.619275
10.771022
10.659839
10.610692
10.685015
10.779268
10.788413
10.705968
10.852178
10.880788
10.756657
10.629838
10.512972
10.483876
10.453398
10.464676
10.551851
10.719646
10.576035
10.885722
10.656906
10.761295
11.049878
10.853806
10.649599
10.954854
10.646261
10.714583
10.868648
10.657412
10.938786
10.977392
11.125706
10.637072
10.714187
10.679353
10.741114
10.692465
10.771229
10.855680
10.646530
10.662844
10.708198
10.617275
10.674120
10.703761
10.698429
10.792813
10.724695
10.671533
10.682637
10.702589
10.612016
10.650399
10.627030
10.571466
10.536162
10.569390
10.583043
10.748026
10.983138
10.649466
10.543563
10.574906
10.547433
10.960565
10.758745
10.722817
10.625055
10.945870
10.574942
10.718480
10.794202
10.850964
10.485823
10.799030
10.800613
10.701004
10.881883
10.723023
10.567248
10.596845
10.628705
10.638493
10.662795
10.882047
10.700572
10.873417
10.534776
10.794034
10.580827
10.692117
10.816400
10.709208
10.822873
10.717545
10.578788
10.735441
10.557642
11.028396
10.475269
10.621651
10.664313
10.889138
11.081021
10.717912
10.573979
10.950443
10.676707
10.746072
10.743877
10.762234
10.575489
10.560122
10.742205
10.732106
10.585293
10.899155
10.902947
10.515148
11.199062
10.649015
10.855710
10.771014
10.641673
10.937386
10.659417
10.462526
10.759581
10.754444
10.558213
10.930078
10.736614
10.423778
10.819190
10.570359
10.704833
10.791363
10.926019
10.644755
10.602348
10.761693
10.664588
10.801524
10.818933
10.820695
10.613730
10.718943
10.675920
10.920766
10.703664
10.728220
10.445464
10.753460
10.638042
10.817331
10.662892
10.506179
10.523035
10.746643
10.787587
10.485029
10.684841
10.716298
11.073520
10.772611
10.839476
10.786660
10.768697
10.768744
10.670726
10.780055
10.551568
10.839795
10.596069
10.628260
10.686554
10.879631
10.759638
10.741859
10.902911
10.692610
10.696439
10.517649
10.894923
10.861489
10.855436
10.634501
10.789284
10.552665
10.554781
10.828159
10.523383
10.718126
10.618232
10.368954
10.604196
10.933169
10.846885
10.619673
10.698355
10.646877
10.644225
10.522735
10.701601
10.655871
10.607812
10.697766
10.713745
10.996631
10.773517
10.574443
10.783289
10.567958
11.273135
10.566925
10.685570
10.589642
10.643837
10.755380
10.659524
10.562143
11.070929
10.701410
10.709529
10.845831
10.612124
10.672275
10.564058
10.671737
10.748744
10.679609
10.653013
10.756735
10.802122
10.866461
10.665320
10.509686
10.651420
10.679772
10.501357
10.611118
10.696592
10.532230
10.750467
10.775740
10.883663
10.620832
10.646641
10.787705
10.563322
10.705100
10.618273
10.743528
10.987182
10.777271
10.976275
11.049936
10.712484
10.734384
10.779423
10.772453
10.802487
10.740424
10.660440
10.663389
10.612539
10.602139
10.855638
10.484605
10.799982
10.701867
10.741259
10.593809
10.639670
10.741141
10.697516
10.590424
10.613746
10.853542
10.702085
10.641992
10.829686
10.667682
10.784522
10.802648
10.670151
10.657935
10.644409
10.775973
11.004674
10.787104
10.805873
10.761679
10.835961
10.593734
10.589764
10.615756
10.721896
10.701790
10.347034
10.641961
10.559082
10.829998
10.759377
10.791679
10.697011
10.600681
10.841606
10.658601
10.669850
10.674461
10.785048
10.659041
10.664220
10.497523
10.662116
10.840532
10.816058
10.927865
10.608866
11.086894
10.760593
10.364767
10.594033
10.721294
10.827371
10.591116
10.622378
10.699217
10.609676
10.693334
10.535930
10.697189
10.562514
10.721454
10.650198
10.590936
10.465323
10.685195
10.658148
10.530243
10.636747
10.701477
10.724713
10.601823
10.689974
10.707343
10.776308
10.806083
10.709211
10.659578
10.887714
10.720026
10.565029
10.663413
10.695050
10.856018
10.498644
10.706552
10.623486
10.859330
10.625164
10.791083
10.901334
10.769933
10.578321
10.575768
10.604272
10.754771
10.663649
10.943800
10.488597
10.538644
10.774487
10.652808
10.823819
11.009828
10.907466
10.871599
10.646300
10.763040
10.788887
10.699205
10.810278
10.415494
10.781273
10.608119
10.742685
10.731938
10.628418
10.648226
10.621369
10.718786
10.873575
10.692171
10.525477
10.538470
10.649040
10.695295
10.643805
10.741767
10.571811
10.863465
10.879600
10.722792
10.683798
10.625647
10.710840
11.007443
10.909825
10.585330
10.668580
10.835902
10.692116
10.618507
10.934853
10.644920
10.855479
10.697726
10.428144
10.675143
10.675759
10.717416
10.705529
10.725083
10.788045
10.691932
10.714592
10.523565
10.633996
11.113692
10.701184
10.611345
10.654059
10.702401
10.587959
10.660683
10.795888
10.703300
10.700779
10.509469
10.513290
10.718847
10.845474
10.660126
10.634156
10.628174
10.724283
10.659387
10.653044
10.650726
10.621451
10.552210
10.430217
10.474427
10.621998
10.545481
10.668531
10.672776
10.645201
10.697849
10.689457
10.573984
10.905032
10.703481
10.432423
10.619757
10.584085
10.585077
10.499583
10.413754
10.663859
10.726306
10.710847
10.763006
10.754488
10.778377
10.527672
10.488064
10.521484
10.484801
10.854147
10.573324
10.605268
10.713272
10.522223
10.565079
10.879336
10.723485
10.705686
10.697170
10.994647
10.745314
10.688665
10.625676
10.765758
11.099746
10.632206
10.636765
10.682634
10.594255
10.826537
10.672981
10.556786
10.573955
10.578939
10.716868
10.686710
10.523641
10.865603
10.692916
10.823115
10.528230
10.661363
10.812264
10.765544
10.833640
10.557721
11.080704
10.658307
10.719406
10.807198
10.870671
10.543390
10.591802
10.635901
10.688032
10.626496
10.687675
10.786176
10.873694
10.845703
10.535446
10.709563
10.818094
10.892782
10.687451
10.426028
10.585776
10.513033
10.797226
10.659626
10.696129
10.631809
10.563031
10.899551
10.580400
10.400407
10.974890
10.851261
10.702435
10.596332
10.715993
10.866384
10.849419
10.720449
10.858283
10.797925
10.684716
10.721084
10.684805
10.996730
10.805410
10.742078
10.634884
10.663707
10.784633
10.735090
10.728435
10.779942
10.780389
10.772778
10.838541
10.634760
10.563134
10.543300
10.767914
10.718406
10.581925
10.804749
10.831776
10.554855
10.580748
10.679360
10.617284
10.669293
10.693807
10.755760
10.704496
10.570472
10.615791
10.534693
10.569397
10.743410
10.759813
10.755372
10.580475
10.691397
10.537778
11.038068
10.649386
10.788416
10.629434
10.567778
10.622625
10.762679
10.830514
10.790489
10.732824
10.792992
10.574371
10.469242
10.672302
10.836474
10.641393
10.627232
10.552731
10.584880
10.676064
10.731440
10.855751
10.936550
10.527317
10.523476
10.492272
10.612343
10.643440
10.851548
10.597550
10.640082
10.837516
10.621557
10.492350
10.604379
10.969214
10.789579
10.650175
10.930984
10.687019
10.708130
10.766872
10.800881
10.556235
10.752427
10.839444
10.723128
10.641586
10.871607
10.728296
10.518838
10.505927
10.635267
10.895926
10.733025
10.881122
10.682501
10.781415
10.509368
10.672067
10.580274
10.535282
10.439368
10.509257
10.792524
10.602792
10.787993
10.571322
10.612496
10.635291
10.837874
10.910106
10.783058
10.911487
10.459572
10.647629
10.572615
10.611528
10.805528
10.650171
10.715819
10.696918
10.857185
10.554089
10.605863
10.505359
10.814136
10.787992
10.705089
10.716789
10.616798
10.737398
10.936793
10.605718
10.890970
10.904464
10.819461
10.769097
10.616434
10.635181
10.596779
10.493023
10.778471
10.588372
10.625279
10.664373
10.676083
10.740444
10.609884
10.976038
10.681874
10.742713
10.735015
10.512988
10.548095
10.705937
10.797382
10.523563
10.529167
10.434910
10.628302
10.519947
10.853311
11.144630
10.707259
10.596372
10.831044
10.520845
10.558972
10.869325
10.581993
10.702738
10.649435
10.845286
10.553305
10.784030
10.588489
10.683147
10.495035
10.585222
10.678907
10.637871
10.826322
10.620866
10.658939
10.424887
10.585711
10.595785
10.985880
10.531343
10.884311
10.672223
10.578147
10.913619
10.853582
10.466384
10.924355
10.906725
10.580965
10.518765
10.716141
10.640544
10.989794
10.525078
10.551671
10.700736
10.501569
10.799198
10.725675
10.583738
10.822006
10.849709
10.996093
10.550746
10.726439
10.934303
10.722067
10.856858
10.588480
10.569808
10.703441
10.448762
10.564120
10.744777
10.717009
10.676435
10.424809
10.608415
10.695645
10.676157
10.757327
10.555230
10.768469
10.697567
10.521801
10.536594
10.575294
11.004968
10.585183
10.581545
10.799804
10.632112
10.676726
10.768294
11.105688
10.677779
10.785676
10.741026
10.631874
10.510044
10.796374
10.823143
10.812899
11.024156
10.712258
10.861630
10.775863
10.675299
10.512650
10.499424
10.412033
10.842836
10.724314
10.633450
10.715091
10.869639
10.844162
10.659186
10.516212
10.776716
10.487968
10.499026
10.537842
10.707176
10.860710
10.849327
11.008689
10.582672
10.636655
10.569096
10.516924
10.855327
10.637450
10.716285
11.105869
10.756439
10.796478
10.887164
10.736013
10.445888
10.754227
10.609396
10.669663
10.662544
10.623877
10.666879
10.661587
10.612546
10.620044
10.749610
10.903313
10.559350
10.775928
10.805220
10.643809
10.982266
10.752752
10.685867
10.766610
10.776025
10.510021
10.446692
10.605299
10.685056
10.535290
10.648879
10.957260
11.061642
10.958402
10.775600
10.710322
11.004592
10.871912
10.837764
10.760244
10.579613
10.644655
10.666322
10.871562
10.691420
10.694030
10.811115
11.130632
10.762971
10.726700
10.616216
10.521208
10.421966
10.782644
10.896531
10.823583
10.721666
10.475758
10.730958
10.733725
10.691977
10.640843
10.583419
10.623210
10.680732
10.544989
10.832733
10.703013
10.720052
10.582327
10.760004
10.706717
10.785842
10.567688
10.844898
10.644003
10.766404
10.875096
10.824291
10.641363
10.718112
10.783780
10.830356
10.845864
10.662681
10.711516
10.515541
10.738759
10.584360
10.788920
10.759847
10.496742
10.475387
10.598127
10.657948
10.575842
10.695683
10.622800
10.703548
10.653421
10.628953
10.671625
10.796719
10.841052
10.442277
10.485281
11.026884
10.885639
10.511912
10.667672
10.661804
10.696426
10.696260
10.959948
10.670456
10.681993
10.839344
10.818303
10.945429
10.734804
10.558924
10.618706
10.761384
10.814991
10.697128
10.547266
10.940567
10.487947
10.806337
10.923934
10.708883
10.518620
10.573074
10.712896
10.767105
10.965916
10.482254
10.847328
10.592850
10.660928
10.773483
10.503899
10.671457
10.816910
10.598151
10.645631
10.700372
10.639561
10.672601
10.893634
10.894913
10.729219
10.873712
10.687103
10.903858
10.572787
10.653966
10.730448
10.842169
10.687338
10.759216
10.595762
10.730761
10.570491
10.507347
10.730974
10.597165
10.598848
10.509464
10.906506
10.631479
10.527260
10.720166
10.822244
10.448324
10.744393
10.682717
10.704167
10.598148
10.927995
10.569810
10.852454
10.626151
10.693511
10.587249
10.818595
10.533894
10.779630
10.716637
10.762504
10.615387
10.605562
10.664589
10.685416
10.789640
10.701794
10.711086
10.794708
10.698535
10.782352
10.587979
10.998701
10.702809
10.313816
10.707107
10.747371
10.685356
10.748485
10.906322
10.733322
10.745022
10.757044
10.651048
10.707842
10.803476
10.981077
10.900366
10.652561
10.713951
10.666939
10.640027
10.639817
10.638782
10.738603
10.771859
10.501833
10.585857
10.492322
10.518715
10.643167
10.555845
10.644094
10.630486
10.468934
10.723369
10.591028
10.555446
10.756293
10.725304
10.864546
11.048982
10.645546
10.440423
10.723671
10.811358
10.514567
10.758318
10.712843
10.516453
10.507737
10.459305
10.685172
10.693464
10.561645
10.707109
10.687577
10.735990
10.544055
10.809991
10.744199
10.765416
10.546523
10.722475
10.944809
10.588719
10.740123
10.701994
10.541163
10.812207
10.747787
10.550517
10.589169
10.562195
10.809188
10.841176
10.893514
10.867590
10.671745
10.625459
10.736625
10.604249
10.951476
10.510092
10.838989
10.714016
10.771391
10.720477
10.632551
10.669454
10.750255
10.645969
10.582422
10.757658
10.529868
10.703718
10.727906
10.499938
10.754307
10.389470
10.546467
10.652625
10.646280
10.773949
10.737350
10.690887
10.750792
10.835099
10.961147
10.838431
10.621397
10.689790
10.665478
10.505350
10.571382
10.785276
10.694537
10.933138
10.709680
10.826882
10.775302
10.646631
10.865246
10.640977
10.520755
10.600223
10.730067
10.575027
10.741514
10.581362
10.832755
10.600795
10.598607
10.765318
10.700097
10.574117
10.720656
10.540543
10.629608
10.557574
10.719254
10.893986
10.590179
10.907007
10.641894
10.744466
10.687056
10.781542
10.728872
10.863343
10.758430
10.773220
10.811064
10.630316
10.773928
10.717476
10.811102
10.885223
10.914328
10.649072
10.640822
10.700937
10.750766
10.861254
10.454339
10.631948
10.813769
10.627000
10.689095
10.497343
10.612641
10.693531
10.889689
10.537575
10.874793
10.595089
11.086376
10.742188
10.504839
10.831949
10.477516
10.735417
10.599440
10.715435
10.715549
10.577044
10.659120
10.657860
10.718174
10.559113
10.665340
11.250505
10.798255
10.831409
10.580875
10.693016
10.569708
10.630860
10.665338
10.734593
10.859021
10.676097
10.583125
10.866417
10.847455
10.716167
10.770373
10.499148
10.765373
10.690863
10.847055
10.819839
10.549184
10.788671
10.647502
11.004943
10.760375
10.597754
10.800677
10.793188
10.602187
10.546586
11.051405
10.619059
10.671537
10.858344
10.725459
10.746717
10.772444
10.615944
10.661030
10.795207
10.908393
10.605966
10.652214
10.612019
10.770605
10.843133
10.613647
10.586646
10.749885
10.721720
10.581427
10.674893
10.585358
10.676410
10.845813
10.700339
10.699721
10.451470
10.871597
10.743179
10.645702
10.672230
10.856918
10.633765
10.484977
10.730462
10.821961
10.677061
10.777159
10.813148
10.754943
10.744540
10.734725
10.794285
10.731180
10.876272
10.636763
10.774756
10.496674
10.720798
10.744708
10.653221
10.678910
10.621006
10.802167
10.617352
10.497987
10.737827
10.753122
10.851699
10.758219
10.489878
10.551576
10.726707
10.808154
10.659848
10.727944
10.454449
10.732822
10.589824
10.593906
10.571367
10.997749
10.706274
10.662123
10.643750
10.545306
10.907372
10.809007
10.681100
10.775801
10.710027
10.719950
10.600818
10.649915
11.003184
10.784087
10.667074
10.705057
10.710930
10.811873
10.575203
10.790118
10.517242
10.600914
10.742483
10.906845
10.570997
11.098382
10.823365
10.696772
10.570349
10.733971
11.145795
10.673719
10.619986
10.666409
10.686769
10.642710
10.526885
10.958639
10.570930
10.628967
10.566431
10.856749
11.014731
10.539024
10.761394
10.676349
10.791248
10.717741
10.621087
10.694604
10.800260
10.695339
10.667967
10.740808
10.486124
10.545363
10.665315
10.750753
10.804163
10.658784
10.549341
10.688521
10.676380
11.031451
10.722545
10.593816
10.793414
10.749833
10.629679
10.514783
10.771639
10.802592
10.720678
10.562503
10.555416
10.690477
11.114766
10.919170
10.646916
10.748462
10.582741
10.791387
10.549432
10.619560
10.604997
10.902054
10.759696
10.547789
10.717620
10.523161
10.966310
10.536691
10.790900
10.718070
10.839962
10.526093
10.603189
10.713367
10.673949
10.736115
10.621256
10.543600
10.705505
10.602891
10.744478
10.687826
10.687960
10.650501
10.653775
10.722799
10.540459
10.816674
10.744028
10.811315
10.816101
10.722790
10.851386
11.103321
10.721250
10.983437
10.881170
10.812365
10.703334
10.683650
10.665363
10.890470
10.681021
10.429810
10.725721
10.742726
10.641717
10.971508
10.672730
10.440291
10.475192
10.697718
10.853542
10.710706
10.544203
10.867176
10.524822
10.661078
10.626630
10.599658
10.611270
10.758241
10.678757
10.775405
10.877355
10.869403
10.854854
10.711012
10.842190
10.768960
10.752646
10.732610
10.632232
10.677999
10.622447
10.770656
10.711016
10.873349
10.478199
10.543252
10.733502
10.636785
10.655180
10.684604
10.754824
10.979122
10.940829
10.800130
10.791021
10.729554
10.632437
10.643479
10.650085
10.766614
10.507821
11.018470
10.879655
10.596585
10.774198
10.710555
10.574703
10.571406
10.479859
10.519431
10.743741
10.772639
10.649008
10.758565
10.742109
10.639888
10.673573
10.398850
10.502398
10.685193
10.683538
10.495247
10.692362
10.476375
10.746730
10.779253
10.632339
10.590097
10.663752
10.737006
10.965177
10.583755
10.943847
10.559144
10.758730
10.791841
10.718334
10.530845
10.668131
10.552162
10.708086
10.841243
10.862865
10.695991
10.676202
10.600676
10.802683
10.744596
10.857285
10.620716
11.076034
10.825446
10.702376
10.900411
10.702917
10.543891
10.687197
10.716936
10.496554
10.721891
10.721112
10.597882
10.729742
10.662512
10.593721
10.698741
10.692304
10.564392
10.643182
10.582816
10.772697
10.599430
10.763422
10.889665
10.532360
10.653450
10.529781
10.731638
10.767411
10.436385
10.683903
11.017747
10.642520
10.960754
10.703272
10.696870
10.693341
10.829130
10.918740
10.597104
10.813964
10.661596
10.577581
10.701556
10.766038
10.633619
10.558764
10.764869
10.549537
10.624697
10.839511
10.911473
10.620074
10.784964
10.476634
10.694736
10.477141
10.637301
10.806498
10.558728
10.670830
10.767013
10.732427
10.722750
10.753849
10.448555
10.972292
10.681126
10.691956
10.797900
10.456694
10.800946
10.715394
10.639601
10.474641
10.501878
10.747334
10.515607
10.613330
10.796011
10.551867
10.574338
10.598782
10.486402
10.606049
10.777229
10.296576
10.671481
10.710966
10.736883
10.714272
10.513222
10.573010
10.673692
10.515115
10.681882
10.807525
10.714901
10.750868
10.790140
10.792174
10.744613
10.597436
10.639573
10.535849
10.695212
10.587670
10.680590
10.865162
10.856590
10.619784
10.461006
10.752166
10.632118
10.585514
10.814595
10.818230
10.679805
10.643034
10.621533
10.805722
10.800638
10.527688
10.798897
10.602562
11.105041
10.724456
10.740969
10.672898
10.820921
10.783489
10.603952
10.542190
10.650962
10.511698
10.527820
10.636743
10.847378
10.569881
10.720216
10.699540
10.633224
10.496414
11.044450
10.741656
10.658742
10.607296
10.582278
10.757562
10.650969
10.768315
10.678361
10.670276
10.842462
11.148924
10.849596
10.755410
10.754292
10.780220
10.730796
10.726589
10.513110
10.734413
10.578233
10.583707
10.611895
10.635589
10.694756
10.779849
10.541928
10.819229
10.760908
10.542402
10.611677
10.670656
10.638910
10.813459
10.462094
10.770128
10.607082
10.856426
10.571611
10.902611
10.889659
10.775680
10.600342
10.830852
10.598839
10.568590
10.781190
10.547266
10.670854
10.698235
10.625819
10.652091
10.590090
10.631146
10.586282
10.768329
10.613826
10.633029
10.759304
10.767683
10.821956
10.772838
10.635461
10.755179
10.681787
10.542012
10.834487
10.704116
10.615605
10.657415
10.665206
10.699706
10.727763
10.497629
10.687247
10.681757
10.714759
10.565349
10.620334
10.917838
10.439856
10.692653
10.938540
10.690902
10.687543
10.936681
10.692234
10.822446
10.750274
10.584080
10.565761
10.740949
10.745599
10.552804
10.784975
10.513529
10.635006
10.489114
10.737188
10.536496
10.827531
10.833596
10.627696
10.738722
10.760387
11.213857
10.595735
10.858132
10.893753
10.502490
10.764245
10.571675
10.651576
10.630112
10.743393
10.977783
10.603169
10.652103
10.622741
10.657427
10.742273
10.875181
10.494425
10.718618
10.617989
11.202793
10.648789
11.055305
10.670172
10.842854
10.693835
10.746315
10.520789
10.972728
10.609645
10.835505
10.737268
10.740528
10.902649
10.663553
10.636358
10.722154
10.914760
10.884780
10.835797
10.625507
10.523278
10.750326
10.963332
10.713904
10.926044
10.846871
10.976665
10.687981
10.656789
10.694782
10.874127
10.781760
10.665841
10.655981
10.567639
10.648558
10.852000
10.652315
10.718332
10.629681
10.974109
10.954848
10.918698
10.738295
10.857957
10.783240
10.694847
10.498392
10.794008
10.631870
10.457891
10.744920
10.483158
11.061917
10.693516
10.917676
10.720549
10.726855
10.830283
10.735113
10.853324
10.825110
10.615916
10.714339
10.603740
10.652275
10.536263
10.614614
10.889987
10.731754
10.653288
10.609804
10.766431
10.768556
10.620644
10.631727
10.400550
10.550315
10.708703
10.615158
10.613617
10.620955
10.891967
10.710672
10.660358
10.918146
10.566007
10.555422
10.805473
10.776040
10.635086
10.883899
10.917218
10.860012
10.868600
10.715413
10.587923
10.507224
10.598154
10.459428
10.622084
10.626494
10.667088
10.686770
10.981597
10.813500
10.750209
10.675279
10.362325
10.616587
10.640829
10.515866
10.853746
10.709449
10.441331
10.961113
10.732295
10.665967
10.618769
10.766579
10.872386
10.618878
10.779053
10.804461
10.838180
10.946408
10.491455
10.921419
10.684421
10.786947
10.652976
10.807966
10.961626
10.586306
10.791727
10.617185
10.703762
10.930817
10.742370
10.679442
10.681490
10.713715
10.913697
10.709590
10.638627
10.749734
10.705868
10.708063
10.881939
10.617672
10.645329
10.574985
10.702355
10.745448
10.762982
10.752284
10.751525
10.900580
10.653624
10.583649
10.641193
10.923266
10.684522
10.758601
10.901115
11.043116
10.775930
10.468248
10.911913
10.830121
10.782465
10.874479
10.910391
10.575165
10.849801
10.644052
10.628728
10.655107
10.934866
10.499489
10.484090
10.636380
10.693197
10.696681
10.716300
10.773182
10.620948
10.560742
10.846110
10.746964
10.577433
11.408787
10.752805
10.767373
10.485629
10.419636
10.597818
10.847436
10.588787
10.657409
10.761186
10.606636
10.923308
10.583121
10.920382
10.726024
10.682243
10.951055
10.931210
10.544291
10.639103
10.604049
10.615744
10.597327
10.612643
10.688716
10.625158
10.677549
10.789209
10.646292
10.755842
10.717833
10.750299
10.605941
10.661689
10.750218
10.651210
10.623093
10.661286
10.808563
10.506407
10.830005
10.482327
10.797950
10.626361
10.661922
10.681885
10.846807
10.763126
10.780564
10.610824
10.684533
10.704153
10.840685
10.824683
10.783700
10.781186
10.785243
10.712404
10.633144
10.744581
10.590706
10.601826
10.385379
10.539586
10.884481
11.033451
10.525860
10.847248
10.524220
10.751357
10.666613
10.416024
10.678139
10.557559
10.678417
10.729892
10.815678
10.691193
10.661232
10.473224
11.007269
10.713098
11.002556
10.537444
10.759431
10.744571
10.855991
10.604470
10.734482
10.653790
10.869874
10.911201
10.640241
10.616384
10.790046
10.716160
10.782385
10.868891
10.645128
10.773861
10.909801
10.588571
10.852087
10.753129
10.913538
10.459478
10.644492
10.542096
10.773361
10.655847
10.745381
10.776201
10.678709
10.437389
10.718898
10.692384
10.830414
10.653999
10.586094
10.602827
10.669527
10.682088
10.793038
10.866086
10.768379
10.760736
10.656804
11.001742
10.632564
10.722821
10.771071
10.785912
10.725982
10.575253
10.869173
10.560270
10.901664
10.527712
10.586908
10.570780
10.537207
10.565510
10.766833
10.917981
10.658478
10.646151
10.648061
10.578156
10.539231
10.783787
10.650545
10.699110
10.683855
10.925382
10.639443
10.753743
10.690910
11.027643
10.755322
10.764832
10.785583
10.845296
10.787092
11.284868
11.265676
10.940384
10.807374
10.722440
10.541085
10.739373
10.662395
10.693409
10.858030
10.648724
10.778513
10.562573
10.524351
10.699579
10.638638
10.622032
10.876522
10.705660
10.715272
10.459920
10.708063
10.617923
10.809330
10.696334
10.719499
10.600951
10.852213
10.481125
10.888728
10.613548
10.479019
10.702723
10.612041
10.665234
10.733755
10.698391
10.709685
10.889230
10.574172
10.706431
10.566996
10.572925
10.799654
10.710665
10.627537
10.931738
10.537960
10.702484
10.631354
10.737865
10.688661
10.968042
10.500825
10.728343
10.698426
10.652932
10.756512
10.795603
10.662497
10.527883
10.612816
10.590465
10.705478
10.647080
10.551106
10.523652
10.774246
10.606595
10.732650
10.519306
10.550906
10.599091
10.791799
10.504076
10.856529
10.704134
10.671891
10.299487
10.867564
10.648438
10.526960
10.596111
10.799100
10.834972
10.573099
10.595480
10.733384
10.882351
10.783644
10.495454
10.785524
10.739536
10.610841
10.514235
10.560634
10.589433
10.837233
10.572480
10.671308
10.926476
10.725145
10.707754
10.779146
10.647547
10.686628
10.693345
10.588506
10.840949
10.579993
10.796696
10.827772
10.577143
10.928883
10.555181
10.924661
10.793894
10.707976
10.685006
10.578596
10.681472
10.750786
10.767608
10.514834
10.946500
10.831532
10.648595
10.707989
10.925495
10.649611
10.663372
10.743564
11.136936
10.778025
10.672283
10.575713
10.793524
10.715415
10.575079
10.835893
10.796283
10.672021
10.801258
10.627913
10.869603
10.789259
10.666797
10.732750
10.526644
10.710136
10.714303
10.855073
10.565387
10.725910
10.500732
10.594945
10.832097
10.711129
10.789315
10.902905
10.910500
10.612515
10.780964
10.779520
10.810768
10.812554
10.658594
10.846361
10.944624
10.604747
10.488851
10.765752
10.848772
10.786347
10.600773
10.770698
10.964150
10.540232
10.904370
10.776910
10.618434
10.558417
10.998101
10.670735
10.533335
10.717334
10.569925
10.849978
10.595932
10.778535
10.717915
10.658636
10.697739
10.617337
10.624498
10.686386
10.684325
10.539645
10.820180
11.024332
10.696912
10.416293
10.572571
10.556491
10.701777
10.707927
10.579998
10.674564
10.564902
10.644345
11.038241
10.941113
10.844875
10.976524
11.056951
10.622374
10.840883
10.679478
10.682007
10.762113
10.691772
10.586619
10.669742
10.567734
10.658246
10.657998
10.631195
10.706712
10.914153
10.760086
10.856723
10.619717
10.829008
10.601492
10.703477
10.897282
10.714915
10.627257
10.703165
10.601911
10.639758
10.622858
10.623646
10.648081
10.827053
10.587062
10.696299
10.609823
10.589709
10.605893
10.717173
10.836782
10.570137
10.577135
10.762090
10.656381
10.530774
10.637558
10.786352
10.600404
10.597923
10.692099
10.635078
10.617239
10.664975
10.579732
10.577368
10.737003
10.772885
10.681918
10.636839
10.849456
10.859677
10.828418
10.660176
10.530461
10.784357
10.735841
10.629460
10.675758
10.743990
10.661172
10.752312
10.533736
10.487798
10.808474
10.596603
10.793873
10.562029
10.952663
10.653670
10.654838
10.781346
11.073172
10.910108
10.646313
10.647983
10.869135
10.663824
10.550251
10.748396
10.656980
10.593125
10.565383
10.605643
10.778241
10.722691
10.963408
10.598430
10.591061
10.618068
10.706893
10.740656
10.475880
10.808152
11.080404
10.737589
10.462347
10.502902
10.607127
10.626387
10.877634
10.647565
10.659011
10.689793
10.864992
10.720452
10.952845
10.699530
10.533709
10.813041
10.487839
10.607778
10.579741
10.622198
10.685054
10.696091
10.705998
10.757935
10.540468
11.067707
10.639304
10.840382
10.449050
10.768666
10.576394
10.737291
10.577138
10.693439
10.804274
10.799938
10.546306
10.648081
10.619913
10.669008
10.500710
10.637762
10.832865
10.624261
10.532650
10.526619
10.844647
10.745268
10.705107
10.750736
10.815133
10.814163
10.649126
10.988089
10.950786
10.600297
10.957285
10.614757
10.559947
10.680292
10.729699
10.500041
10.639996
10.810625
10.661677
10.600003
10.879168
10.622924
10.695843
10.770834
10.927532
10.629821
10.761984
10.523358
10.402223
10.693002
10.770437
10.762632
10.711863
10.785712
10.600290
10.623257
10.775672
10.657177
10.637640
10.564190
11.007471
10.564730
10.628646
10.993458
10.581596
10.617012
10.528591
10.639606
10.810683
10.629616
10.631082
10.629958
10.616696
10.845514
10.931212
10.941012
10.679316
10.643033
10.775615
10.708125
10.681569
10.663725
10.814791
10.673088
10.671889
10.748973
10.626554
10.910212
10.639835
10.638507
10.745560
10.673976
10.638374
10.688575
10.542629
10.726741
10.810136
10.244697
10.785297
10.747453
10.801125
10.708003
10.646458
10.941398
10.546335
10.559254
10.499881
10.700148
10.928360
10.794835
10.761063
10.514833
10.579070
10.734352
10.803810
10.517788
10.952795
10.818143
10.611780
10.539266
10.638605
10.664676
10.477352
10.707559
11.009625
10.766173
10.646269
10.686486
10.698753
10.551723
10.881564
10.615194
11.122132
10.833994
10.575723
10.593398
10.616784
10.790302
10.694657
10.700663
10.562896
10.710177
10.837623
10.486250
10.673775
10.763612
11.003859
10.745769
10.693142
10.508985
10.582093
10.704616
10.616181
10.689559
11.001012
11.147312
10.861709
10.725776
10.799194
10.679563
10.585961
10.733229
10.730311
10.804620
10.496901
10.651177
10.670993
10.617615
10.823096
10.509348
10.658755
11.001702
10.638616
10.685001
10.649009
10.788957
10.614258
10.718518
10.579306
10.529957
10.506119
10.642345
10.679646
10.730660
10.678404
10.601076
10.815704
10.784635
10.672717
10.819278
10.683359
10.759066
10.795003
10.607434
10.422585
10.690379
10.694610
10.769762
10.673361
10.879153
10.807370
10.795420
10.692131
10.774446
10.668264
10.723651
10.409990
10.727870
10.677173
10.718630
10.742772
10.561904
10.577704
10.548406
10.636224
10.649237
10.688484
10.707149
10.744117
10.883925
10.700461
10.606845
10.687530
10.638277
10.717609
10.748827
10.663365
10.589988
10.855057
10.675312
10.852063
10.845817
10.660856
11.144844
10.664641
10.630345
10.553854
10.502198
10.615567
10.731184
10.901416
10.622516
10.749081
11.005616
10.745682
10.575129
10.662568
10.857417
10.566097
10.694148
10.542369
10.894536
10.806283
10.850835
10.362614
10.810000
10.680590
10.792015
10.580370
10.462658
10.737653
10.838255
10.559797
10.784650
10.737753
10.382821
10.701172
10.763786
10.914363
10.838597
10.778409
10.639437
10.576667
10.510865
10.697646
10.744044
10.716341
11.046278
10.886173
10.752731
10.458627
10.649737
10.778263
10.705917
10.645504
10.648958
10.663577
10.621377
10.776856
10.757413
10.624694
10.734126
10.745255
10.648152
10.741605
11.060007
10.691158
10.972014
10.697170
10.613264
10.738633
10.529660
10.705786
10.613837
10.707964
10.728796
10.566780
10.542991
10.559790
10.448217
10.478074
10.765250
10.925838
10.746359
10.629915
10.795500
10.526173
10.679593
10.654577
10.647799
10.439472
10.871537
10.813287
10.789349
10.539286
10.697836
10.635592
10.501539
10.654815
10.601837
10.704368
10.718970
10.673620
10.618593
10.798250
10.661541
10.652955
10.655071
10.710412
10.510096
10.615652
10.678692
10.731961
10.675267
10.765588
10.771835
10.535260
10.710402
10.696589
10.725904
10.608643
10.724197
10.736120
10.841860
10.480259
10.684543
10.686544
10.612809
10.683414
10.574766
10.739892
10.621107
10.632178
10.672655
10.684544
10.475168
10.918393
10.693960
10.743467
10.917460
10.637245
10.586624
10.802262
10.962049
10.431403
10.723088
10.667140
10.758882
10.574296
10.704784
10.770146
10.632287
10.755311
10.545504
10.564466
10.703491
10.870833
10.638462
10.555989
10.527266
10.960906
10.823220
10.727047
10.861428
10.752450
10.438430
10.648953
10.466143
10.879217
10.621040
10.713608
10.666708
10.629525
10.709756
10.629896
10.827221
10.590238
10.794261
10.562644
10.772362
10.799754
10.741770
10.754589
10.605405
10.617065
10.540106
10.662543
10.662903
10.825322
10.790785
10.855578
10.718401
10.639051
10.600891
10.862683
10.844193
10.731465
10.676713
10.580269
10.930302
10.644370
10.704223
10.736052
10.695872
10.531683
10.626338
10.721917
10.621951
10.588875
10.739412
10.790274
10.643582
10.603094
10.647389
10.630974
11.137970
10.629091
10.675704
10.602641
10.819610
10.698567
10.722497
10.991798
10.861956
10.602082
10.521640
10.599146
10.551031
10.716678
10.883042
10.650857
10.754807
10.771188
10.828985
10.693197
10.746672
10.826977
10.692484
10.710285
10.690924
11.023934
10.769053
10.812343
10.454166
10.654892
10.771742
10.758852
10.647367
10.717818
10.483158
10.627988
10.789165
10.597586
10.744208
10.561889
10.574555
11.024544
10.746399
10.630932
10.697559
10.649518
10.861017
10.744149
10.630252
10.714142
10.721982
10.711704
10.811508
10.434614
10.797917
10.744167
10.688405
10.817762
10.963937
10.707919
10.827644
10.439561
10.535728
10.916056
10.744835
10.763312
10.834799
10.643642
10.698392
10.636904
10.580408
10.465412
10.631740
10.766765
10.692423
11.240197
10.824217
10.908999
10.781678
10.622166
10.732432
10.915431
10.497884
10.741489
10.688338
10.709846
10.537439
10.595783
10.722346
10.613588
10.528402
10.586057
10.612348
10.726653
10.788326
10.426088
10.589822
10.548040
10.772660
10.836939
10.866548
10.645970
10.641554
10.582361
10.570927
10.818477
10.710947
10.662580
10.751235
10.716302
10.726252
10.673591
10.669322
10.552500
10.710742
10.865835
10.646842
10.805370
10.643801
11.218661
10.739994
10.657794
10.908964
10.630326
10.679538
10.627566
10.750901
10.712095
10.880359
10.823893
10.724815
10.672891
10.647757
10.728359
10.858674
10.729395
10.556200
11.081570
10.506331
10.712189
10.535903
10.668558
11.124066
10.742551
10.673644
11.007564
10.880030
10.676689
10.819653
10.707669
10.756249
10.624811
10.604254
10.638448
10.664231
10.775789
10.786709
10.795050
10.672976
10.774087
10.962726
10.631024
10.429510
10.742987
10.713166
10.628131
10.831578
10.633676
10.737980
10.623560
10.633080
10.653505
10.631995
10.701649
10.461656
10.713289
10.716988
10.740844
10.592052
10.887957
10.822677
10.617293
10.836397
10.601825
10.572805
10.861233
10.662545
10.585817
10.722229
10.490103
10.786747
10.787057
10.689626
10.633984
10.826519
10.742060
10.680975
10.648664
10.790130
10.520774
10.848912
10.863361
10.528751
10.549928
10.710653
10.507423
10.812720
10.703368
10.809629
11.033969
10.776379
10.653269
10.543099
10.555869
10.755035
10.651234
10.907481
10.746185
10.577092
10.829882
10.767191
10.722867
10.619420
10.842756
10.762701
10.841867
10.601067
10.528712
10.924386
10.637945
10.435602
10.695643
10.789857
10.483593
10.645249
10.735492
10.672867
10.703949
10.776045
10.623393
10.615920
10.735581
10.755142
10.697027
10.724670
10.703795
10.630677
10.570126
10.669803
10.997004
10.428380
10.661713
10.504048
10.562512
10.525628
10.836579
10.508082
10.626441
10.664132
10.636038
10.754581
10.963839
10.637830
10.629180
10.659202
10.497375
10.699618
10.782786
10.788381
10.688401
10.741704
10.580095
10.744205
10.674573
11.076360
10.596467
10.804083
11.304828
10.628676
10.765335
10.653824
10.738152
10.380351
10.552430
10.559700
10.567243
10.712268
10.632176
10.606591
10.485190
10.876294
10.607429
10.596836
10.767241
10.610434
10.595235
10.702347
10.588751
11.107274
10.584272
10.846381
10.801569
10.672649
11.071722
10.627061
10.706044
10.547267
10.627048
10.702152
10.799256
10.823430
10.762576
10.636519
10.601214
10.658413
10.680932
10.815248
10.735595
10.679142
10.814150
10.899039
10.570637
10.830882
10.646549
10.504850
10.726011
10.585783
10.486921
10.896695
10.819143
10.764070
10.741745
10.715641
10.918241
10.650959
10.762812
10.941753
10.704018
10.830127
10.554198
10.676697
10.866160
10.586672
10.390692
10.657287
10.587005
10.562569
10.860062
10.611294
10.837280
10.584984
10.765623
10.620632
10.707879
10.707952
10.878625
10.952704
10.780968
10.796368
10.692619
10.679109
10.571729
10.534125
10.865132
10.591489
10.667597
10.864349
10.771811
11.139484
10.605971
10.678284
10.630671
10.848761
10.919083
10.736574
10.723845
10.575424
10.739033
10.573137
10.642374
11.020655
10.551970
10.604891
10.658585
11.052794
11.193629
10.780479
10.749487
10.653371
10.783075
10.574457
10.762792
10.587580
10.670787
10.665770
10.780508
10.726038
10.754098
10.752073
10.652192
10.721885
10.762477
10.666021
10.696789
10.556420
10.738547
10.951049
10.452805
10.498729
10.705202
10.723659
10.968797
10.548251
10.808999
10.905365
10.469483
10.863675
10.680446
10.488751
10.985898
10.692201
11.122669
10.644456
10.662186
10.529640
10.604549
10.700100
10.647024
10.830290
10.773081
10.895854
10.660887
10.689724
10.655215
10.786378
11.116151
10.701607
10.701732
10.505150
10.774402
10.759791
10.524463
10.630373
10.618559
10.516903
10.653785
10.772392
10.518756
10.661037
10.810881
10.577455
10.517228
10.700871
10.715517
10.564816
10.695069
10.578734
10.603217
10.787142
10.664587
10.827131
10.794261
10.557831
10.619415
10.849915
10.602531
10.621941
10.599695
10.698201
10.340303
10.541796
10.687572
10.616030
10.804267
10.762350
10.644445
10.876348
10.939258
10.668133
10.626821
10.596115
10.691510
10.548063
10.786216
10.693033
10.831489
10.726901
10.846413
10.714726
10.699946
10.805068
10.537378
10.668702
10.529416
10.603444
10.735536
10.586645
10.909718
10.778591
10.796519
10.665167
10.836209
10.758672
10.870923
10.705038
10.665844
10.659540
10.643111
10.588943
10.643492
10.680460
10.719585
10.536395
10.536143
10.447369
10.707695
10.667748
10.726318
10.562647
10.959632
10.834424
10.654591
10.570526
10.696476
10.654499
10.548586
10.562696
10.911696
10.526654
10.558310
10.693658
10.782177
10.719493
10.532041
10.676097
10.723447
10.863773
11.074564
10.694122
10.709766
10.911597
10.931151
10.695432
10.622172
10.679135
10.403767
10.614865
10.478282
10.762738
10.671631
10.664274
10.958772
10.771943
10.756679
10.697628
10.731074
11.195213
10.716013
11.023068
11.069588
10.667738
10.721714
10.680319
10.819438
10.670786
10.666834
10.620887
10.772245
10.991022
10.836642
10.870455
10.636444
10.866248
10.505052
10.602942
10.495992
10.525287
10.546052
10.641103
10.661105
10.640285
10.665241
10.913296
10.639779
10.686936
10.712429
10.694644
10.718170
10.566799
10.701230
10.896938
10.727790
10.941555
10.660484
10.812724
10.746804
10.431581
10.693823
10.587859
10.768472
10.631839
10.772379
10.545469
10.700023
10.836804
10.602333
10.657377
10.712011
10.658323
10.616638
10.852975
10.635785
10.642789
10.595138
10.723866
10.885702
10.741558
10.726503
10.539101
10.643066
10.794986
10.648545
10.849946
10.761890
10.607014
10.549441
10.674730
10.526757
10.527030
10.483568
10.854436
10.557785
10.848713
10.881783
10.624900
11.164367
10.769161
10.776597
10.645766
10.669385
10.543673
10.690368
10.700615
10.785985
10.643546
10.599702
10.758731
10.869528
10.753389
10.925079
10.887498
10.828810
10.657252
10.755374
10.683958
10.680707
10.793022
10.757993
10.807260
10.817750
10.482184
10.667187
10.655930
10.857612
10.616051
10.715844
10.688983
10.649172
10.419577
10.511684
11.024525
10.970162
10.887419
10.819682
10.448013
10.632285
10.681402
10.694957
10.998101
10.750281
10.740521
10.593205
10.682428
10.477674
10.855902
10.760665
10.610821
10.806847
10.581817
10.874249
10.733673
10.569294
10.687646
10.645364
10.679286
10.797143
10.584854
10.832968
10.956896
10.782901
10.657385
11.092225
10.737813
10.613810
10.700401
10.803590
10.465619
10.563589
11.103629
10.821474
10.690289
10.642344
10.993857
10.790897
10.539628
10.577045
10.805574
10.644171
10.643497
10.675940
10.931380
10.759455
10.627949
10.494691
10.733551
10.612072
10.532908
10.873940
10.770760
10.760952
10.689884
10.493099
10.515592
10.689109
10.679935
10.664651
10.721582
10.732504
10.639944
10.611505
10.681126
10.684977
10.934971
10.862920
10.759543
10.625099
10.594481
10.709453
10.692002
10.418398
10.560373
10.712042
10.715670
10.564411
10.879954
10.542773
10.760775
11.040757
10.727675
10.627309
10.591514
10.648889
10.664358
10.826777
10.681324
10.833648
10.806106
10.819109
10.726991
10.826514
10.779837
10.866212
10.544734
10.634252
10.651270
10.813613
10.788749
10.655897
10.733822
10.584846
10.527417
10.618373
10.682514
10.815487
10.486538
10.850071
10.755646
10.586063
10.727834
10.603018
10.455904
11.207657
10.862362
10.572960
10.708606
10.535089
10.892096
10.616504
10.838871
10.628250
10.705964
10.831716
10.791141
10.603313
10.897107
10.635063
10.804700
10.728030
10.756000
10.692488
10.592264
10.622198
10.738719
10.529247
10.859606
11.035080
10.992808
10.573301
10.941960
10.517924
10.912925
10.514774
10.790225
10.435536
10.782797
10.710961
10.685347
10.907346
10.716721
10.698317
10.701761
10.607636
10.726175
10.614648
10.794603
10.771937
10.610139
10.803457
10.621306
10.875886
10.855329
10.840489
10.686118
10.605429
10.899903
10.885431
10.760949
10.977429
10.744841
10.496230
10.587982
10.532550
10.801303
10.890058
10.739227
10.568822
10.773914
10.617882
10.632160
10.720967
11.064541
10.797490
10.727848
10.591664
10.823617
10.728216
10.634115
10.729002
10.613310
10.534257
10.756908
10.770166
10.746784
10.522279
10.807314
10.572261
10.595687
10.687647
10.667610
10.941114
10.726166
10.672246
10.911162
10.649309
10.739188
10.676616
10.673452
10.836840
10.883914
10.627671
10.619816
10.614502
10.699120
11.218935
10.577453
10.610581
10.689199
10.565278
10.576252
10.741723
10.838403
10.536605
10.661032
10.914686
10.698391
10.727882
10.684304
10.900347
10.725877
10.932610
10.516279
10.756294
10.578822
10.785272
10.735498
10.534491
10.824740
10.786946
10.689993
10.509558
10.669608
10.786714
10.618568
10.522853
10.863094
10.621042
10.575920
10.666343
10.835113
10.699585
10.662977
10.617903
10.575391
10.748386
10.632212
10.728069
10.768938
10.609591
10.758681
10.557717
10.453308
10.570601
10.674614
10.556096
10.418614
10.736032
10.665228
10.654554
10.742424
10.704975
10.546816
10.488522
10.667581
10.627776
10.720538
10.563154
10.673185
10.741875
10.634394
10.710879
10.519181
10.612970
10.983290
10.764381
10.803470
10.660338
10.722726
10.561076
10.879226
10.871806
10.595638
10.997154
10.741734
10.661691
10.419516
10.603707
10.744100
10.478740
10.937985
10.685727
10.605929
10.622098
10.623776
10.793563
10.837873
10.711870
10.795881
10.788404
10.707520
10.741947
10.530162
10.819763
10.630734
10.712583
10.618621
11.150012
10.724421
10.560589
10.750778
10.605876
10.923235
10.767894
10.778736
10.739736
10.881016
10.665386
10.528537
10.805924
10.559099
10.874841
10.774218
10.886818
10.607739
10.636732
10.567004
10.517693
10.568919
10.879197
10.562287
10.834530
10.926059
10.579554
10.690097
10.578127
10.699640
10.492898
10.894814
10.566204
10.572421
10.765309
10.857618
10.784659
11.104311
10.996099
10.721738
10.761363
10.650167
10.563724
10.572546
10.579496
10.571526
10.666847
10.585434
10.799972
10.599311
10.444700
10.530156
10.689632
10.762327
10.588942
10.711289
10.701272
10.721118
10.854933
10.749555
10.695754
10.572105
10.630510
10.535664
10.833060
10.599351
10.571107
10.707402
10.912955
10.765802
10.946841
10.637302
10.701857
10.610417
10.804078
10.699244
10.625186
10.712316
10.698510
10.874795
10.712684
10.609763
10.644905
10.681561
10.641567
10.586429
10.840982
10.658223
10.773273
10.809985
10.786373
10.803198
10.906773
10.700461
10.775411
10.737383
10.595208
10.687777
10.675736
10.645894
10.741632
10.814459
10.594992
11.052409
10.577471
10.665992
10.697801
10.830475
10.869119
10.467188
10.757171
10.565488
10.471054
10.799457
10.994964
10.747005
10.827319
10.719545
10.919791
10.794992
10.798464
10.827142
10.532968
10.664401
10.583829
10.670636
10.840388
10.716852
10.684042
10.949707
10.588798
10.593122
10.447989
10.756820
10.676990
10.733830
10.638651
10.617550
10.727634
10.697804
10.827026
10.650628
10.835017
10.642544
10.523692
10.711787
10.701623
10.740931
10.502590
10.509414
10.439635
10.744821
10.683081
10.729065
10.641058
10.921210
10.719163
10.585082
10.929981
10.799098
10.664588
10.656782
10.626483
10.809154
11.031471
10.729190
10.733660
10.449325
10.679877
10.440276
10.669459
10.727878
10.837239
10.791233
10.820046
10.646971
10.740424
10.689390
10.911592
10.636884
10.752370
10.461627
10.635409
10.635087
10.536884
10.643634
10.596371
10.403137
10.491260
11.160850
10.852701
10.815868
10.576459
10.872310
10.874191
10.620118
10.647387
10.842359
10.601057
10.610167
10.700403
10.988460
10.828275
10.741671
10.660362
11.104540
10.793361
10.840160
10.648606
10.737532
10.690200
10.743740
10.672560
11.072825
10.708241
10.749380
10.654578
10.669700
10.765291
10.606198
10.762196
10.707486
10.816845
10.911472
10.679420
10.616454
10.677909
10.693794
10.751461
10.549454
10.691103
10.770155
10.599699
10.365822
10.411660
10.685958
11.016579
10.954804
10.628895
10.621486
10.828283
10.667786
10.739172
10.805904
10.614764
10.694468
10.632010
10.591472
10.618220
11.041695
11.122160
10.615627
10.735670
10.947519
10.820428
10.737240
10.651422
10.737731
10.609765
10.678840
11.024366
10.810258
10.746826
10.666428
10.810612
10.538536
10.837248
10.474445
10.745730
10.580850
10.961620
10.561540
10.598666
10.662904
10.607892
10.740292
10.821593
10.440311
10.541629
10.741161
10.805166
10.750525
10.631406
10.931657
10.550529
10.744621
10.685567
10.892851
10.801945
10.692249
10.764660
10.943084
10.876302
10.677609
10.574469
10.758401
11.086576
10.782893
10.801656
10.851676
10.775319
10.642722
10.898120
10.579122
10.662122
10.633783
10.779103
10.499353
10.701365
10.750269
10.856392
10.707847
10.828265
10.465380
10.665152
10.672994
10.664163
10.788204
11.034465
11.116900
10.783695
10.741557
10.672744
10.553758
10.679598
11.177011
11.040247
10.913843
10.914105
10.866897
10.412317
10.673395
10.727155
10.685341
10.585459
10.762251
10.753284
10.529450
10.622711
11.340854
10.670209
10.654083
10.604585
10.566772
10.518890
10.920771
10.916951
10.636110
10.791113
10.596409
10.547640
10.484556
10.620513
10.698044
10.653739
10.830498
10.675449
10.815925
10.920604
10.713366
10.607740
10.511479
10.683704
10.778572
10.794180
10.531406
10.634734
10.602640
10.687690
10.649373
10.749680
10.585927
10.618250
10.595145
10.605644
10.596507
10.718440
10.748794
10.535572
10.506354
10.748438
10.750976
11.288207
10.795669
10.957301
11.114340
10.780970
10.775103
10.713215
10.836133
10.741127
10.468586
10.737762
10.873912
10.512361
10.781103
10.628873
10.756600
10.832632
10.801321
10.887139
10.620653
10.542044
10.516759
11.077319
10.315576
10.733961
10.751239
11.037127
10.651037
10.728285
10.516950
10.659371
10.658205
10.763369
10.969037
10.822098
10.811458
10.728247
10.615295
10.738924
10.732457
10.671667
10.469630
10.877336
10.683372
10.656355
10.642795
10.732869
10.740155
10.694781
10.665628
10.680473
10.513915
10.883358
10.803272
10.730443
10.727841
10.577646
10.641832
10.542556
10.702998
10.699443
10.849406
10.935472
10.639406
10.729201
10.724425
10.760681
10.653934
10.917889
10.737544
10.702739
10.822881
10.751827
10.579752
10.641580
10.686887
10.683893
10.561707
10.701339
10.509515
10.945993
10.700221
10.495008
10.658969
10.706388
10.941803
10.695003
10.742332
10.777476
10.774679
10.558018
10.839928
10.597806
10.554517
10.628368
10.848831
10.528884
10.724992
10.810214
10.591174
10.922398
10.589113
10.837988
10.770926
10.663712
10.721599
10.500336
10.529379
10.673006
10.536732
10.570055
10.722814
10.731138
10.846437
10.728579
10.584035
10.698652
10.483906
10.867784
10.356855
10.771062
10.799085
10.420396
10.732144
10.776211
10.712360
10.590925
10.568600
10.726636
10.641493
10.974382
10.786862
10.761994
10.355711
10.870351
10.984791
10.693971
10.648477
10.767891
10.690779
10.549901
10.800549
10.678148
11.045152
10.680372
11.200945
10.602152
10.664069
10.859744
10.848851
10.869921
10.673168
10.670752
10.597089
10.593852
10.572899
10.851892
10.751310
10.493641
10.559031
10.564299
10.611544
10.485131
10.539635
10.699303
10.626888
10.677358
10.806956
10.818178
10.525159
10.846407
10.818751
10.912920
10.636709
10.558165
10.469106
10.601507
10.522188
10.675526
10.538838
10.831006
10.788991
10.637349
10.715065
10.479307
10.488953
10.607243
10.510503
10.742269
10.867664
10.619664
10.613442
10.790426
10.909241
10.604971
10.654043
10.615800
10.592922
10.735891
10.665685
10.483204
10.632075
10.574107
10.741826
10.440749
10.814883
10.757319
10.671274
10.699836
10.720260
10.602422
10.649378
10.745523
10.854001
11.092935
10.990832
10.696286
10.651791
10.541953
10.837773
10.696634
10.601771
10.606736
10.660672
10.538247
10.550455
10.756912
10.665622
10.794957
10.739107
10.516494
10.562894
11.038861
10.558214
10.577113
11.101304
10.927263
10.472835
10.482432
10.549557
10.663831
10.669784
10.564630
10.676900
10.783552
10.842650
10.686822
10.701808
10.604572
10.711116
11.042126
10.670825
10.510453
10.664142
11.010948
10.684612
10.604170
10.777940
10.588644
10.857323
10.815101
10.588188
10.510669
10.967069
10.733072
10.743668
10.601077
10.685085
10.439101
10.674675
10.601313
10.456048
10.700290
10.563133
10.787923
10.668483
10.905678
10.527142
10.555513
10.624190
10.743218
10.633939
10.989873
10.731144
10.598797
10.603614
10.869470
10.686625
10.697518
10.844495
10.703827
10.731892
10.920320
10.776184
10.502177
10.620387
10.894251
10.779275
10.534575
10.666733
10.747275
10.626905
10.664759
10.572603
10.718729
10.793110
10.593345
10.603957
10.574813
10.667091
10.809617
10.841162
10.545049
10.654541
10.698079
10.768100
10.904740
10.780101
10.696789
10.825027
10.766895
10.702347
10.411624
10.699386
10.612667
10.808575
10.905925
10.806658
10.977030
10.784549
10.770909
10.877355
10.780533
10.759688
10.633884
10.845162
10.679986
10.666427
10.704788
10.758673
10.615728
10.715556
10.706157
10.641044
10.858201
10.711812
10.612179
10.667714
10.904838
10.574904
10.795350
10.744895
10.598887
10.697879
10.335448
10.579721
10.688539
10.789664
10.674433
10.487047
10.664868
10.996835
10.745878
10.622067
10.421743
10.633409
10.662939
10.595639
10.592796
10.558658
10.565173
10.891422
10.615702
10.701671
10.418489
10.517779
10.606627
10.686868
10.838386
10.549846
10.600375
10.668595
10.731502
10.735884
10.530891
10.640892
10.582284
10.506763
10.574905
10.664461
10.726995
10.637826
10.678564
10.647365
10.570941
10.571118
10.569189
10.694011
10.634346
10.771842
10.765395
10.750873
10.971001
10.651111
10.841880
10.729744
10.670166
10.686775
10.759671
10.651631
10.596481
10.670975
10.662010
10.747015
10.915679
10.628886
10.836926
10.465495
10.807802
10.812131
10.712618
10.512861
10.643265
10.766989
10.836141
10.594005
10.766108
10.732203
11.196270
10.639766
10.601728
10.667922
11.158577
10.296329
10.704226
10.844293
10.790106
10.717879
10.711114
10.753204
10.575124
10.730697
10.711214
10.588525
10.816707
10.724414
10.501731
10.679977
10.810774
10.769471
10.429949
10.412140
11.263029
10.960424
10.682765
10.743824
10.729991
10.969875
10.673612
10.580294
11.061003
10.750819
10.894800
10.683136
10.800349
10.649151
10.683229
10.603855
10.841793
10.716399
10.454872
10.530259
10.687108
10.804148
10.580502
10.475637
11.070607
11.070607
