10.768121
10.621038
10.438739
10.859618
10.611749
10.610475
10.645426
10.699918
10.876141
10.762308
10.612452
10.414033
10.843485
10.604826
10.715808
10.862844
10.589600
10.695972
10.833754
10.714696
10.810067
10.603787
10.799579
10.771591
10.725176
10.541949
11.161918
10.686187
10.552183
10.858932
10.981181
10.712112
10.712199
10.727847
10.618272
10.919471
10.684395
10.609246
10.527936
11.006467
10.454184
10.815861
10.630870
10.720580
10.615413
10.697153
10.875922
10.705572
10.612650
10.637309
10.720410
10.701368
10.940335
10.405789
10.512033
10.733842
10.785879
10.830371
10.590969
10.933891
10.633414
10.755261
10.666105
10.653499
10.558666
11.039898
10.648978
10.645173
10.641984
10.800394
10.577288
10.567290
10.700177
10.542946
10.947355
10.729365
10.774826
10.572110
10.599541
10.665378
10.780179
10.669308
10.697493
10.891822
10.632015
10.718928
10.677972
10.920251
10.749759
10.717782
10.655838
10.625483
10.804050
11.048123
10.888828
10.818102
10.860692
10.720060
10.832147
10.754016
10.659744
10.686373
10.701170
10.698586
10.841300
10.794580
10.919605
10.871902
10.688333
10.612570
10.710841
10.576702
10.650260
10.652041
10.792241
10.566401
10.865502
10.709186
10.677404
10.660651
10.790754
10.685976
10.815163
10.790937
10.838360
10.837818
11.450771
10.479299
10.644400
10.927242
10.633230
10.741038
10.648471
10.690807
10.489663
10.889135
10.825513
10.786203
10.676252
10.933401
10.692174
10.773783
10.499797
10.838369
10.616806
10.738827
10.769721
10.842172
10.545862
10.632752
10.921033
10.697658
10.654372
10.675151
10.817626
10.561986
10.609564
10.629103
10.571718
10.756204
10.473284
10.655737
10.711795
10.713359
10.822994
10.670744
10.599087
10.812055
10.926330
10.680279
10.728298
10.865183
10.878884
10.562061
10.759580
10.830898
10.593625
10.697228
10.878585
10.674374
10.681860
10.741143
10.752180
10.956306
10.592021
10.713176
11.032841
10.496133
10.875017
10.639316
10.893664
10.874672
10.545877
10.743349
10.981535
10.540998
10.550088
10.548779
10.517157
10.886881
10.637661
10.851627
10.676200
10.574228
10.601131
10.767509
10.647054
10.747540
10.518436
10.717348
10.670985
10.764461
10.764310
10.893679
10.825178
10.723035
10.598586
10.679514
10.701091
10.699788
10.972862
10.777250
10.722188
11.111467
10.659527
10.745660
10.907724
10.797576
10.623883
10.977785
10.669415
10.860625
11.104425
11.061952
10.622713
10.568574
10.788977
10.955163
10.724526
10.557171
10.690970
10.930738
10.692210
10.646138
10.573176
11.020465
10.792561
10.677316
10.607817
10.995085
10.611323
10.778970
10.630790
10.518782
10.868038
10.715168
10.828539
10.821505
10.792197
10.646337
10.757504
10.739373
10.674677
10.799567
10.779178
10.761564
10.709843
10.617863
10.753669
10.608178
10.659305
10.741288
10.594044
10.659614
10.595126
10.556114
10.794725
11.045962
11.023409
10.813252
10.822130
10.734814
10.533178
10.734505
10.605026
10.768366
10.806469
10.534470
10.646681
10.539612
10.520270
11.107654
10.874515
10.670744
10.455042
10.677773
10.803297
10.688556
10.664564
10.984389
10.633638
10.658897
10.638299
10.557721
10.846472
10.665998
10.706140
10.690551
10.817531
10.799792
10.723834
10.923703
10.574271
10.765028
10.621049
10.653662
11.019464
10.787957
10.675905
10.866981
10.816746
10.839129
10.697490
10.780447
10.651027
10.922980
10.635816
10.734722
10.905104
10.814834
10.654478
10.779724
10.664959
10.670012
10.643695
10.704045
10.771339
10.983250
10.821271
10.510607
10.769692
10.631544
10.655259
10.744881
11.002316
10.807613
10.667890
10.681740
10.507960
10.766795
10.713512
10.548491
10.551703
10.635577
10.613112
10.758174
10.913802
10.768953
10.725395
10.460547
10.699796
10.719941
10.672048
10.662067
10.601675
10.790610
10.511649
10.559016
10.624688
10.493682
10.440288
10.992438
10.730603
10.856020
10.714528
10.606372
10.821174
10.807299
10.832395
10.682576
10.548802
10.695968
10.697764
10.719929
10.770267
10.761277
10.658619
10.558876
10.686957
10.799162
10.549128
10.769003
10.679961
10.709085
10.618638
10.633880
10.880255
10.709266
10.671525
10.689407
10.431314
10.655569
10.960482
10.639624
10.693174
10.582098
10.944655
10.872802
10.687406
10.754630
10.748665
10.696394
10.772776
10.661944
10.583374
10.797736
10.663500
10.571507
10.676002
10.719322
10.493958
10.722336
10.649329
10.598874
10.755141
10.607405
10.809991
10.891964
10.441055
10.596021
10.671835
10.901764
10.703358
10.699481
10.695469
10.569904
10.607958
10.684600
10.610472
10.667721
10.628841
10.566563
10.480509
10.855361
10.706708
10.689491
10.582727
10.660224
10.465877
10.874621
10.793204
10.799142
10.724226
10.789271
10.828635
10.668277
10.742091
10.701305
10.604790
10.555595
10.937775
10.461803
10.844338
11.003083
10.648677
10.579586
10.629451
10.761708
10.939993
10.794932
10.739337
10.655423
10.608043
10.712360
10.943556
10.575167
10.806514
10.591367
11.222011
10.694458
10.735958
10.511945
10.665074
10.723144
10.809939
10.582549
10.763105
10.694893
10.432792
10.615052
10.487357
10.893694
10.871338
10.520684
10.654758
10.521945
10.798289
10.502839
10.724095
10.711463
10.484522
11.019340
10.937300
10.788271
10.619203
10.766967
10.667399
10.753576
10.655567
10.630130
10.823799
10.694262
10.896149
10.844064
10.721519
10.574592
10.547451
10.537655
10.592767
10.651281
10.742742
10.621790
10.610505
10.690521
10.630196
10.572055
10.705864
10.714978
10.716941
10.701922
10.855140
10.842991
10.763049
10.759352
10.698984
10.666833
10.816434
10.849493
10.850540
10.690839
10.557351
10.456252
10.521026
10.680273
10.884889
10.946269
10.764969
10.618688
10.591951
11.197666
10.875554
10.629142
10.758299
10.530364
10.784516
10.723450
10.758576
10.707564
10.648180
10.576984
10.658455
10.852154
10.746772
10.674886
10.844848
10.626693
10.476732
10.531895
10.673070
10.870731
10.717697
10.687645
10.679790
10.697847
10.806705
10.593561
11.089517
10.618338
10.638704
10.645226
10.781258
10.598279
10.919130
10.628313
10.375511
10.694064
10.568868
10.611479
10.641518
10.690253
10.616543
10.608036
10.632069
10.617373
10.785371
10.707681
10.896680
10.592457
10.733229
10.803157
10.911818
10.559179
10.648779
10.789969
10.530597
10.693009
10.809708
10.704434
10.688161
10.630171
10.836823
10.666610
10.773098
10.545947
10.629032
10.672316
10.947105
10.563505
10.730127
10.798114
10.773521
10.732116
10.761149
10.695077
10.878292
11.025341
11.095441
10.653250
10.716255
10.611591
10.633204
10.841251
10.832766
10.732601
10.505715
10.614359
10.607369
10.494062
10.558054
10.879299
10.442862
10.860548
10.794333
10.624540
10.707581
10.899248
10.623380
10.904922
10.724925
10.723992
10.549672
10.451054
10.605433
10.853244
10.929904
10.564809
10.757134
10.669354
10.724673
10.611566
10.704515
10.705316
10.541122
10.545595
10.688953
10.734745
10.713433
10.861699
10.644995
10.872261
10.645446
10.670352
10.990035
10.849178
10.730149
10.646352
10.518988
10.641058
10.513184
10.601996
10.421260
10.733601
10.667505
10.586385
10.672247
10.678998
10.813246
10.643222
10.423195
10.643543
10.850887
10.639294
10.622278
10.738101
10.963133
10.698547
10.663670
10.756307
10.586305
10.828753
10.483511
10.646724
10.691435
10.649932
10.562261
10.813231
10.808182
10.709764
10.606487
10.676119
10.616551
10.620374
10.785186
10.455630
11.196880
10.709714
10.674050
10.690851
10.774941
10.612705
10.692144
10.545193
10.864792
10.741350
10.675990
10.714265
10.590836
10.605860
10.626782
10.749862
10.648876
10.695905
10.562624
10.686347
10.560252
10.686097
10.477750
10.967600
10.798948
10.593711
10.705218
10.635108
10.881726
10.634324
10.905990
10.602450
10.657991
11.003886
10.605796
10.615806
10.697385
10.946967
10.618182
10.484942
10.693981
10.791586
10.637355
10.950148
10.708129
10.891600
10.601418
10.578156
10.737483
10.619301
10.649813
10.783647
10.827707
10.938945
10.704802
10.876034
10.630248
10.922414
10.752432
10.734936
10.825490
10.666937
11.001154
10.699629
10.818783
10.694278
10.613398
10.644246
10.613144
10.783415
10.648044
10.617283
10.959338
10.753133
10.766068
10.917429
10.562666
10.766931
10.774243
10.510029
10.666720
10.829264
10.914503
10.533331
10.932513
10.679358
10.808495
10.542488
10.665357
10.559089
10.659862
10.704980
10.735634
10.729579
10.948219
10.899269
10.709161
10.647867
10.713394
10.741496
10.705251
10.636074
10.667981
10.486652
10.682013
10.693009
10.642780
10.828826
10.888716
10.910801
10.834581
10.666895
10.657593
10.931956
10.764848
10.824411
10.634876
10.571145
10.661392
10.566828
10.750330
10.724908
10.696203
11.027672
10.646459
10.528122
10.657314
10.987043
10.724549
10.571365
10.510557
10.711333
10.747261
10.532422
10.742433
10.795822
10.602622
10.573815
10.657408
10.764825
10.709798
10.651290
10.542586
10.671212
10.637850
10.783848
10.714016
10.906303
10.738056
11.052972
10.719908
10.664477
10.491201
10.612769
10.958906
10.619203
10.578469
10.964291
10.693506
10.815527
10.472379
10.936689
10.700704
10.664050
10.617672
11.065795
10.762749
10.676420
10.775511
10.454816
10.879380
10.655498
10.436753
10.762454
10.695875
10.686213
10.691129
10.730599
10.643918
10.515927
10.718615
10.474430
10.676400
10.513834
10.775801
10.674201
10.722662
10.704385
10.688237
10.885584
10.847381
10.729151
10.656403
10.829061
10.796987
10.531139
10.688553
10.852407
10.591664
10.835990
10.631557
10.781466
11.093758
10.768984
10.660675
10.834404
10.592633
10.607675
10.847773
10.946150
10.620439
10.709760
10.750925
10.629120
10.500898
10.902072
10.763174
10.613669
10.922477
10.831293
10.485013
10.705039
10.630408
10.832292
10.779905
10.558335
10.760436
10.783823
10.407153
10.766585
10.686762
11.147563
10.468165
10.667189
10.662847
10.751713
10.678201
10.566826
10.804700
10.649605
10.723902
10.885387
10.635195
10.551392
10.578918
10.654073
10.816227
10.727283
10.759120
10.691015
10.718155
10.835867
10.815129
10.677068
10.676927
10.825147
10.784407
10.723403
10.560227
10.772253
10.628467
10.605242
10.866457
10.700503
10.847333
10.904766
10.935612
10.656239
10.534977
10.814382
10.716492
10.633949
10.707334
10.599230
10.669014
10.437274
10.573558
10.793226
10.556672
10.677650
10.688888
10.918892
10.680475
11.070321
10.644553
10.562316
10.776756
10.642153
10.636289
10.760867
10.599391
10.779434
10.471844
10.680939
10.540641
10.829772
10.729775
10.705502
10.895592
10.710625
10.651702
10.376993
10.826620
10.664920
10.596450
10.834627
10.653742
10.621564
10.763107
10.896573
10.518707
10.750811
10.537933
10.777456
10.755954
10.854991
10.473258
10.532303
10.591018
10.974416
10.666204
10.776430
10.709676
10.765574
10.426128
10.740128
10.536630
10.827532
10.859461
10.765108
10.565870
10.486463
10.581203
10.586017
10.706556
10.797557
10.691410
10.701190
10.829302
10.739645
10.605961
10.432797
10.685064
10.584286
10.609743
10.573351
10.647195
10.562526
10.888442
10.721627
10.523869
10.706364
10.628620
10.544550
10.852788
10.530805
10.732956
10.670595
10.636192
11.023678
10.562295
10.351206
10.725124
10.780559
10.788072
10.785319
10.897672
10.605344
10.876261
10.741694
10.823583
10.725317
10.400129
10.399188
10.704550
10.489504
10.739438
10.645627
10.645628
10.851177
10.621995
10.739346
10.776278
10.551528
10.634758
10.835536
10.723113
10.595455
10.914025
10.617057
10.368420
10.989117
10.842405
10.735697
10.684587
10.626246
10.629327
10.704610
10.647850
10.684853
10.694531
10.503528
10.836247
10.831460
10.822969
10.538611
10.621829
10.733881
10.934135
10.618334
10.861545
10.741148
10.436820
10.521964
10.381549
10.492897
10.788867
10.963901
10.724530
10.553013
10.944818
11.110865
10.616545
10.798578
10.678744
10.823315
10.668978
10.395808
10.775977
10.590635
10.457417
10.408940
10.652689
10.847965
10.631057
10.605726
10.537112
10.825369
10.714605
10.771947
10.571908
10.843060
10.576389
10.670051
10.639395
10.520040
10.855636
10.644591
10.686419
10.558995
10.720194
10.740923
10.751972
10.753975
10.813639
10.904499
10.977757
10.781662
10.625024
10.689914
10.849655
10.692654
10.556606
10.606578
10.861180
10.858586
10.676963
10.859925
10.657218
10.564720
10.790565
10.709442
10.779703
10.696892
10.657580
10.673569
10.796110
10.645085
10.607240
10.857801
10.415136
10.660097
10.777393
10.568390
10.696685
10.598301
10.891265
10.846200
10.564269
10.709370
10.700448
10.818610
10.497098
10.674120
10.703970
10.626084
10.753811
10.678761
10.640058
10.655439
10.674152
10.864060
10.767145
10.818986
10.719523
10.705846
10.630686
10.561553
10.639732
10.685384
10.922662
10.533747
10.542538
10.635396
10.793793
10.516784
10.751008
10.742996
10.670608
10.622379
10.638711
10.925708
10.477286
10.759032
10.914801
10.848104
10.687195
10.813750
10.740727
10.573411
10.591571
10.751160
10.703506
10.834058
10.618555
10.601201
10.650524
10.691421
10.492617
11.047084
10.583664
10.638903
10.678613
10.926531
10.948572
10.701463
10.487087
10.986732
10.527917
10.857791
10.560022
10.736615
10.551558
10.638049
10.691308
10.747994
10.630032
10.736616
10.755079
10.641997
10.897990
10.639066
10.710280
10.669457
10.614389
10.684396
10.752002
10.639117
10.864436
10.760429
10.578064
10.674627
11.704278
12.438670
10.994406
10.327927
10.777607
10.736872
10.793474
10.815168
10.545381
10.629435
10.594591
10.715789
11.004400
10.683320
10.607793
10.776325
10.687789
10.819172
10.487597
10.676836
10.492713
10.735330
10.819488
10.734085
10.681781
10.796839
10.780187
10.791882
10.705310
10.628770
10.720959
10.786292
10.431425
10.965010
10.452521
10.324406
10.696749
10.801905
10.575480
10.586892
10.877777
10.586267
10.757971
10.659977
10.538361
10.737291
10.956268
10.700100
10.830216
10.473595
10.630455
10.669664
10.748192
10.707524
10.518293
10.551055
10.756520
10.848337
10.498201
10.790767
10.773770
10.674506
10.907364
10.754342
10.788256
10.794201
10.650768
10.815902
10.854383
10.723315
10.621614
10.694970
10.664130
10.494340
10.536546
10.747281
10.432148
10.735140
10.750230
10.672750
10.654871
10.712209
10.573287
10.786058
10.805343
10.695170
10.600420
10.620705
10.586695
10.582776
10.850116
10.578051
11.011348
10.680831
10.585674
10.968675
10.868620
10.558540
10.792825
10.558892
10.749518
10.931124
10.639478
10.785929
10.603257
10.678127
10.853482
10.688226
10.532138
10.587232
10.803314
10.699343
10.809816
10.853672
10.775326
10.808552
10.541590
10.618460
10.912550
10.754999
10.739972
10.557224
10.743774
10.542446
10.566706
10.812633
10.661890
10.818992
10.720071
10.633896
10.560897
11.029061
10.603622
10.660462
10.561277
10.371941
10.796732
10.488689
10.767638
10.545293
10.458767
10.828695
10.900338
10.880676
10.620763
10.718882
10.798857
10.519922
10.654699
10.689240
10.877004
10.486118
10.577675
10.590681
10.725965
10.726384
10.638782
10.675258
10.685406
10.434578
10.601324
10.872970
10.523233
10.698204
10.571120
10.694393
10.629817
10.905598
10.839199
10.607948
10.794090
10.498644
10.554195
10.666671
10.636089
10.589439
10.950841
10.583265
10.687199
10.655943
10.721933
10.844880
10.808339
10.553179
10.849703
10.670387
10.749976
10.723310
10.582056
10.973350
10.669928
10.703711
10.827312
10.619053
10.625844
10.685470
10.656806
10.775894
10.687506
10.795839
10.798621
10.452917
10.838303
10.706956
10.475511
10.693733
10.652769
10.803690
10.501707
10.612320
10.832354
10.681675
10.599804
10.938748
10.823143
10.492553
10.527444
10.738339
11.040729
10.587466
10.610529
10.666837
10.745195
10.736581
10.639259
10.669396
10.483805
10.707569
10.711664
10.615867
10.743668
10.826378
10.515992
10.514519
10.660395
10.501307
10.833688
10.745810
10.670145
10.631903
10.580336
10.675699
10.628742
10.563388
10.701078
10.609248
10.674111
10.729084
10.558415
10.833049
10.868889
10.761347
10.696577
10.641745
10.695428
11.057819
10.695160
10.751157
10.671167
10.867663
10.591431
10.658018
10.832544
10.735303
10.931764
10.490425
10.854381
10.552348
10.619883
10.551999
10.609916
10.629749
10.930182
10.610956
10.446243
10.884021
10.579273
10.685478
10.925592
10.852242
10.772025
10.875403
10.860524
10.772696
10.718351
10.652542
10.921479
10.676439
10.787766
10.624261
10.798357
10.557922
10.858680
10.527119
10.682611
10.781139
10.673768
10.685113
10.735576
10.618944
10.785230
10.671076
11.006697
10.826455
10.578612
10.591809
10.915278
10.733395
10.744145
10.608577
10.581909
10.822786
10.686230
10.551636
11.033835
10.872325
10.535052
10.641404
10.754224
10.766523
10.759976
10.888462
11.116107
10.625253
10.598507
10.652223
10.791646
10.493521
10.491162
10.873244
10.505758
10.709605
10.793068
10.751959
10.943236
10.563574
10.799232
10.877512
10.695366
10.819637
10.558758
10.519635
10.751349
10.709730
10.704289
10.627830
10.730567
10.778627
10.714404
10.842728
10.642618
10.706583
10.600569
10.782583
10.644928
10.725178
10.767872
10.585027
10.742982
10.778564
10.621999
10.839852
10.629124
10.704679
10.563378
10.700102
10.633961
10.584777
10.807634
10.677696
10.881485
10.513577
11.203442
10.586331
10.693045
10.760779
10.675833
10.639963
10.860031
10.805352
10.914347
10.619840
10.761903
10.700285
10.735849
10.598834
10.761774
10.730406
10.900713
10.738801
11.022903
10.678780
11.138797
10.935156
10.740866
10.634965
10.770061
10.610856
10.684995
10.573641
10.600548
10.702008
10.475512
10.632793
10.596341
10.612892
10.657157
10.583968
10.621255
10.723727
10.498704
10.656547
10.703944
10.541903
10.653249
10.693321
10.630763
10.787083
10.484597
10.510795
10.633985
10.727931
10.787349
10.625320
10.580917
10.632505
10.611940
10.681005
10.667179
10.519515
10.803135
10.683972
10.655954
10.634642
10.578178
10.783383
10.664905
10.627076
10.601940
10.500084
10.681068
10.660071
10.663624
10.761856
10.711405
10.705948
10.858034
10.856111
10.619493
10.556457
10.957985
10.683086
10.637064
10.682014
10.567266
10.473810
10.644638
10.595016
10.795937
10.590462
10.630854
10.809869
10.636536
10.842568
10.598087
10.710920
10.674641
10.652427
10.841061
10.691156
10.725361
10.615920
10.852589
10.831218
10.702251
10.735178
10.671046
10.686485
10.636139
10.793756
10.728927
10.906104
10.736944
10.913528
10.961541
10.643427
10.565213
10.771639
10.623161
10.593137
10.676510
10.733384
10.659229
10.655947
10.590282
10.639666
10.701408
10.604141
10.619055
11.032585
10.708528
10.623569
10.711788
10.772396
10.626264
10.602424
10.814839
10.989707
10.673762
10.903597
10.834046
10.706947
10.551323
10.717227
10.698552
10.680221
10.899526
10.634707
10.750096
10.646588
10.695391
10.857764
10.558483
11.348877
10.603808
10.877670
11.017839
10.774006
10.722714
10.759077
10.868445
10.667944
10.855146
10.727389
10.813736
10.619955
10.705893
10.736967
10.749202
10.657371
10.545905
10.738367
10.619736
10.607269
10.769542
10.580685
10.966895
10.460057
10.925579
10.466942
10.715788
10.700176
10.600935
10.619828
10.671336
10.640447
10.651477
10.708303
10.362670
10.601477
10.844993
10.774742
10.513635
10.651532
10.511130
10.497272
10.577011
10.681535
10.500212
10.919536
10.778297
10.877144
10.717318
10.572148
10.629290
10.585681
10.601708
10.883360
10.722530
10.696520
10.681473
10.447125
10.574507
10.727170
10.786891
10.524426
10.547947
10.665667
10.612597
11.006658
10.726100
10.612569
10.814107
10.393364
10.680340
10.507116
10.717618
10.773042
10.549096
10.771236
10.534208
10.625928
10.687658
10.939004
10.577376
10.823102
10.599096
10.543230
10.785082
10.652144
10.568709
10.634471
10.712376
11.056018
10.836036
10.810976
10.738709
10.669538
10.476922
10.699084
10.776986
11.139614
10.891754
10.700459
10.623930
10.773652
10.580509
10.724893
10.807126
10.741781
10.869529
10.698826
10.602867
10.621794
10.676934
10.570686
10.967071
10.641771
10.890151
10.571521
10.745339
10.632399
10.618914
10.614519
10.663580
10.558637
10.531717
10.621406
10.618639
10.685220
10.631711
10.789277
10.719907
10.801187
10.566086
10.621383
10.782249
10.392892
10.696746
10.771937
10.783293
10.854120
10.869375
10.519609
10.816285
10.644759
10.708046
10.812558
10.505394
10.850164
10.643522
10.641923
10.741799
10.972231
10.952496
10.608029
10.982759
10.650788
10.686534
10.711178
10.425119
10.629672
10.738218
10.636464
10.681278
10.616898
10.645124
10.464230
10.677512
10.561623
10.602950
10.707223
10.803662
10.562180
10.750916
10.808287
10.736573
11.096035
10.958678
10.623947
10.780527
10.355714
10.548173
10.451088
11.005056
10.487659
10.576927
10.741004
10.699827
10.634326
10.758515
10.720073
10.674330
10.778426
10.696923
10.675447
10.736515
10.688839
10.594092
10.826715
10.412788
10.744789
10.679474
10.633773
10.534578
10.755619
11.160887
10.584813
10.604613
10.863336
10.758468
10.414810
10.428315
10.677198
10.781957
10.659710
10.648354
10.478714
10.871338
10.623036
10.758596
10.740562
10.674014
10.587836
10.751692
10.869222
10.761699
10.839439
10.777030
11.218803
10.687113
10.676861
10.691708
10.623437
10.622868
10.938905
10.530045
10.504677
10.516572
10.548025
10.636080
10.653233
10.965707
10.601887
10.681478
10.639719
10.635758
10.639973
10.768423
10.688881
10.942411
10.888558
10.692446
10.491139
10.959970
10.677000
10.602203
10.901391
10.801624
10.671434
11.000730
10.730250
10.855424
10.574415
10.502742
10.730644
10.732895
10.507982
10.452999
11.140485
10.588225
10.508923
10.713793
10.600347
10.737908
10.659375
10.543482
10.765859
10.764082
10.579597
10.658494
10.683921
10.684505
10.982188
10.418802
10.701476
10.695126
10.730624
10.865207
10.707702
10.687032
10.673593
10.443917
10.472585
10.653152
10.820980
10.806171
10.538464
10.718914
10.576767
10.612424
10.636237
10.651578
10.738271
10.597998
10.700411
10.585026
10.399056
10.747736
10.573599
10.495760
10.628509
10.699511
10.738671
10.940667
10.850491
10.534046
10.507405
10.720734
10.882258
10.933195
10.672393
10.599734
10.686630
10.751203
10.885141
10.649584
10.974486
10.694138
10.677021
10.546800
10.818119
10.764648
10.786322
10.844136
10.652322
10.834384
10.710014
10.511118
10.711023
10.630225
10.568774
10.598030
10.584540
10.978430
10.732859
10.680280
10.871758
10.726605
11.057392
11.012694
10.667682
10.620979
10.539335
10.663992
10.674251
10.669775
10.868458
10.716505
10.888353
10.956572
10.656166
10.731370
10.780491
10.594911
10.798703
10.926029
10.659676
10.937637
10.792488
10.734230
11.070919
11.085805
10.876510
10.804810
10.696955
10.495292
10.556178
10.639047
10.817615
10.601369
10.752065
10.597258
10.985237
10.704350
10.689935
10.724189
10.526555
10.637982
10.760429
10.665470
10.854091
10.495635
10.697672
10.883923
10.551127
10.834856
10.609066
10.545612
10.667647
10.622968
10.863625
10.705558
10.784072
10.699720
10.576413
10.806925
10.863524
10.990566
10.908141
10.559285
10.656529
10.696921
10.846526
10.775090
11.152313
10.659686
10.830680
10.469018
10.763882
10.707449
10.706066
10.651304
10.653349
10.947468
10.845308
10.816099
10.594853
10.688671
10.513186
10.741340
10.616700
10.507161
10.677087
10.493568
10.790177
10.736128
10.648350
10.736207
10.712145
10.635145
10.863833
10.665287
10.653460
10.522092
10.548520
11.014490
10.808318
10.735434
10.686614
10.651157
10.822394
10.704079
10.646949
10.614066
10.656358
10.699520
10.660482
10.542627
10.738677
10.697962
10.523864
10.584350
10.480227
10.719159
10.722959
10.915385
10.480770
10.684212
10.707233
10.777475
11.070521
10.575301
10.554333
10.375688
10.576630
10.796143
10.985414
10.521816
10.681914
10.596337
10.611351
10.584195
10.777943
10.447669
10.716972
10.654027
10.801172
10.647543
10.542214
10.513258
10.548683
10.708608
10.817143
10.729189
10.894533
10.505033
10.668971
10.741791
10.765954
10.713778
10.803164
10.637045
10.984129
10.719744
10.637710
10.679075
10.629425
10.725602
10.693539
10.743774
10.806361
10.548486
10.854074
10.544812
10.775561
10.638463
10.646507
10.491821
10.577649
10.504883
10.837037
10.687904
10.460214
10.511090
10.821903
11.222661
10.639841
10.907104
10.674740
10.955931
10.368711
10.636506
10.674439
10.663964
10.772374
10.619060
10.568442
10.622970
10.783001
10.704390
10.658339
10.652137
10.981513
10.505702
10.683506
10.674054
10.781549
10.779919
10.993373
10.581102
10.657908
10.721071
10.925117
10.666541
10.625814
10.554270
10.437319
10.789237
10.647097
10.600107
10.751590
10.768785
10.740860
10.759347
10.776364
10.580201
10.606778
10.968939
10.820572
10.810856
10.436672
10.660668
10.448571
10.524056
10.678108
10.998893
10.680271
10.532108
10.888814
10.804018
10.888163
10.603857
10.652813
10.674654
11.015620
10.669106
10.902106
10.582348
11.106878
10.609012
10.790026
10.630407
10.791928
10.718795
10.718460
10.900292
10.723545
10.776306
10.931004
10.576067
10.790469
11.085552
10.913628
10.748029
10.671853
10.635970
10.649632
10.622869
10.892266
10.827234
10.825203
10.664370
10.699143
10.834368
11.062390
10.677387
10.562886
10.718461
10.702189
10.767976
10.783716
10.634719
10.745115
10.820996
10.645510
11.118811
10.547686
10.646329
10.576066
10.585632
10.658723
10.664564
11.048715
10.574232
10.822653
10.733986
10.670227
10.627489
10.617972
10.735051
10.624018
10.540373
10.679299
10.684202
10.674498
10.911174
10.740825
10.675412
10.836378
10.696337
10.413564
10.708039
10.777878
10.561438
10.880266
10.900027
10.728385
10.702839
10.579174
10.650375
10.627183
10.606664
10.661798
10.608164
10.712146
10.742722
10.788547
10.803384
10.790123
10.774422
11.191234
10.486779
10.744577
10.638181
10.740594
10.423546
10.554272
10.640366
10.788382
10.826374
10.688629
10.684394
10.502765
10.594798
10.846166
10.746770
10.658360
10.719215
10.794000
10.808084
10.537255
10.761464
10.752971
10.635164
10.585962
10.650132
10.759459
10.710762
10.701456
10.677499
10.709431
10.632090
10.817214
11.024643
10.538722
10.755130
10.640750
10.600205
10.854504
10.656164
10.729223
10.988154
10.718701
10.768750
10.761161
10.681206
10.720008
10.722859
10.520242
10.735153
10.994550
10.713078
10.847206
10.600372
10.538482
10.741621
10.640084
10.776078
10.597743
10.672632
10.458041
10.624785
10.803559
10.633986
10.538464
10.846295
10.688102
10.610670
10.699751
10.683691
10.614138
10.739182
10.698461
10.786481
10.661342
11.011580
10.792473
10.686666
10.747061
10.585393
10.680847
10.915109
10.602433
10.713688
10.652008
10.651971
11.239951
10.707913
10.440160
10.645628
10.633987
10.695115
10.533288
10.601817
10.724159
10.683943
10.718380
10.571632
10.540888
10.895974
10.453884
10.913796
10.537010
10.477977
10.557771
10.769079
10.684143
10.790519
11.101366
10.693494
10.663610
10.840914
10.596422
10.601035
10.613626
10.610383
10.815887
10.684449
10.675895
10.759005
10.586475
10.555571
10.846356
10.955625
10.774548
10.537351
10.794050
10.676907
10.604149
10.601177
10.673741
10.738693
10.865449
10.406592
10.801225
10.908705
10.644660
10.836221
10.538438
10.667306
10.433493
10.589738
10.895812
10.623894
11.032611
10.889418
10.907125
10.864953
10.510599
11.200971
10.633936
10.869281
10.716319
10.663465
10.565713
10.641292
10.581370
10.844458
10.680528
10.615244
10.670242
10.666415
10.840636
10.695300
10.575387
10.879948
10.610300
10.922506
10.789935
10.516495
10.699762
10.626935
10.803672
10.685436
10.756099
10.593997
10.618925
10.512716
10.762926
10.640260
10.561468
10.826716
10.865151
10.519016
10.821378
10.605294
10.656995
10.463131
10.999744
10.665065
10.357281
10.493533
10.880532
10.678263
11.079917
10.587061
10.763271
10.650723
10.719406
10.568557
10.955145
10.815744
10.632421
10.697671
10.727143
10.747371
10.746907
10.788887
10.733622
10.561192
10.982825
10.851828
10.882074
10.579913
10.681900
10.788870
10.573501
10.558404
10.843413
10.769366
10.568048
10.680098
10.765085
10.844415
10.582506
10.684900
10.526026
10.806909
10.903562
10.587369
10.639901
10.395085
10.838082
10.669306
11.017095
10.732844
10.895922
10.717434
10.403069
10.541537
10.787073
10.686736
10.626120
10.527810
10.834790
10.572002
10.810394
10.533548
10.709149
10.522881
10.806644
10.562912
10.608990
10.938216
10.834499
10.664584
10.634381
10.955819
10.490140
10.785374
10.884922
10.581306
10.658943
10.868722
10.849316
10.444433
10.532053
10.754806
10.599783
10.643965
10.614000
10.842207
10.687585
10.602962
10.603644
10.585845
10.681632
10.664167
10.851768
10.607453
10.610020
10.806189
10.714696
10.749496
10.764746
10.731493
10.872572
10.575213
10.620472
10.788584
10.635605
10.665780
10.842839
10.601811
10.718545
10.593827
10.794489
10.628110
10.892570
10.615744
10.605997
10.813667
10.568399
10.622393
10.656461
10.763096
10.840538
10.829730
10.653206
10.702640
10.663752
10.639592
10.647802
10.766048
10.480146
10.886854
10.741744
10.709898
10.587012
10.555276
10.742748
10.874836
10.675233
10.485870
10.557705
10.736048
11.001538
10.732476
10.628777
10.902988
10.664853
10.680042
10.782185
10.785880
10.873878
10.617662
10.882729
10.834144
10.726081
10.753598
10.805260
10.633972
10.716481
10.710646
10.798226
10.612130
10.567304
10.759882
10.854082
10.738400
10.705484
10.770519
10.766725
10.690209
10.752678
10.806690
10.840970
10.585196
10.583914
10.722145
10.851626
10.720189
10.594146
10.631585
10.656238
10.747029
10.976450
10.818336
10.840716
10.779384
10.603718
10.621275
10.597954
10.585601
10.762700
10.587590
10.777770
10.576218
10.912595
10.799603
10.623860
10.746794
10.598401
10.784595
10.654715
10.732259
10.911689
10.695455
10.768457
10.814229
10.472731
10.805253
10.839805
10.703449
10.687791
10.887723
10.824844
10.560076
11.033461
10.638151
10.530635
10.966658
10.413753
10.720635
10.855238
11.425921
10.651572
10.739211
10.802766
10.928335
10.689707
10.574978
10.786465
10.825722
10.610586
10.632403
10.808444
10.811172
10.703447
10.579998
10.481633
10.561395
10.775689
10.666351
10.909292
10.727925
12.067930
10.830279
10.945856
10.901918
10.857870
10.714251
10.656836
10.908631
10.701043
10.690965
10.662792
10.829052
10.607669
10.762638
10.499227
10.807158
10.542954
10.593049
10.658308
10.757037
10.743545
10.514647
10.568312
10.815558
10.762063
10.625424
10.664537
10.763105
10.674879
10.784647
10.698719
10.618433
10.909077
10.935115
10.566584
10.690097
10.697396
10.702479
10.556199
10.780985
10.644039
10.685382
10.514657
10.718523
10.904370
10.791848
10.604097
10.683117
10.766432
10.787844
10.715000
10.750803
10.721829
10.689509
11.159515
10.830961
10.757826
10.926389
10.727284
10.629586
10.656864
10.690616
10.616196
10.919526
10.559000
10.542250
10.656613
10.639256
10.560184
10.700509
10.581349
10.720227
10.774801
10.712465
10.702092
10.716257
10.574647
10.759011
10.966720
10.556080
10.592698
10.777189
10.620812
10.659252
10.642824
10.605002
10.701895
10.678498
10.704973
10.726589
10.883282
10.667456
10.657765
10.700974
10.695159
10.892344
10.582545
10.586887
10.496621
10.618560
10.734999
10.777876
10.661177
10.635297
10.642681
10.830392
10.613149
10.637663
10.708058
10.774895
10.824896
10.642839
10.819782
10.623907
10.624879
10.775674
10.646152
10.714291
10.526354
10.961536
10.584294
10.741224
10.608787
10.659209
10.576534
10.777950
10.900301
10.440933
10.622293
10.640975
10.701485
10.834168
10.789290
10.700082
10.627255
10.829314
10.866974
10.911044
10.719093
10.689103
10.558814
10.669810
10.521852
10.586748
10.743901
10.844605
10.615814
10.889174
10.516226
10.633388
10.837812
10.599454
10.759401
10.679172
10.744569
10.622081
10.569509
10.759303
10.833989
10.582913
10.802994
10.811528
10.598008
11.060593
10.637080
10.721403
10.567651
10.582531
10.790233
10.516783
10.512669
11.105312
11.026339
10.444073
10.659803
10.788892
10.768307
11.062614
10.901344
10.672273
10.735893
10.822557
10.704750
10.580151
10.774860
10.717431
10.672228
10.874020
10.590596
10.642318
10.588679
10.750072
10.790762
10.664638
10.689460
10.504751
10.599750
10.695525
10.504357
10.739606
10.632909
10.981659
10.588718
10.822103
10.968891
10.588037
10.885789
10.585202
10.453950
10.547287
10.655509
10.661254
10.554854
10.609618
10.684544
10.715185
10.520498
10.806216
10.711660
10.609110
10.630086
10.880379
10.771889
10.822066
10.742954
10.677274
10.743384
10.658011
10.651607
10.739530
10.571828
10.310484
10.523712
10.697099
10.639629
10.521386
10.886614
10.603103
10.711574
10.768492
10.708755
10.776630
10.889926
10.765036
10.821000
10.585682
10.542882
10.688110
10.527346
10.638587
10.552979
10.545964
10.718709
10.675678
10.692117
10.723589
10.590711
10.632762
10.619097
10.676277
10.499700
10.847023
10.906438
10.611494
10.772526
11.006085
10.922673
10.903660
10.819461
10.778865
10.472535
10.720598
10.768213
10.792277
10.650459
10.500067
10.764554
10.528006
10.692113
10.772850
10.798561
10.666269
10.642552
10.620243
10.778037
10.973764
10.698755
10.734186
10.542344
10.732836
10.682670
10.809653
10.806441
10.724603
10.595473
10.831475
10.995141
10.717007
10.514832
10.647252
10.683515
10.683669
10.655697
10.511485
10.633396
10.545123
10.743039
10.722959
10.500891
10.686215
10.797184
10.571115
10.621380
10.609515
10.658403
10.706592
10.884084
10.709141
11.023160
10.847565
10.634352
10.853177
10.433806
10.627964
10.694003
10.801841
10.740352
10.744607
10.608469
10.758586
10.761329
10.614653
10.665866
10.526654
10.658839
10.647266
10.793490
10.658998
10.633133
10.697648
10.597239
10.774910
10.695207
10.828523
10.821598
10.707537
10.570407
10.712872
10.589549
10.750124
10.684382
10.771408
10.805197
10.406693
10.546291
10.554138
10.576194
10.559930
10.716545
10.573997
11.142448
10.806366
10.652488
10.543578
10.693420
10.750467
10.717570
10.685168
10.695608
10.609559
10.585345
10.682206
10.504973
10.759939
10.592247
10.581152
10.760753
10.662422
10.759038
10.811272
10.811767
10.701126
10.694938
10.790939
10.602221
10.718251
10.792726
10.564666
10.548104
11.130317
10.583926
10.824619
10.681454
10.730225
10.644418
11.018547
11.120125
10.790457
10.900480
10.639983
10.932901
10.740743
10.453694
10.576428
10.599357
10.798527
10.600809
10.686717
10.797183
10.817843
10.570842
10.635750
10.590094
10.639170
10.664666
10.839590
10.587855
10.442076
10.631695
10.614884
10.799032
10.708984
10.609955
10.428353
10.726166
10.615870
10.633252
10.741150
10.651976
10.815385
10.517563
10.613216
10.703395
10.775238
10.831390
10.561470
10.377563
10.857584
10.934276
10.822776
10.552327
10.645688
10.876611
10.497766
10.532560
10.722237
10.687414
10.559854
10.618632
10.679239
10.657574
10.777893
10.708597
10.564742
10.739883
10.532732
10.818332
10.618388
11.005292
10.683578
10.576727
10.645350
11.169845
10.755421
10.799342
10.488585
10.572643
10.734192
10.616277
10.704668
10.439239
10.724072
10.827464
10.773950
10.756889
10.717110
10.596375
10.804630
10.665046
10.795800
10.877768
10.765685
10.604700
10.813997
10.703968
10.772168
10.586042
10.824984
10.771302
10.524603
10.678361
10.523747
10.758373
10.735752
10.594860
10.415039
10.492834
10.876304
10.637650
10.812724
10.831556
10.623831
10.627465
10.591670
10.710343
10.572484
10.804217
10.767467
11.012267
10.621104
11.020193
10.826947
10.865619
10.625355
10.587860
10.572138
10.469566
10.555735
10.788111
10.837313
11.100302
10.642036
10.587602
10.433843
10.750867
10.810831
10.850908
10.729267
10.577952
10.635894
10.573075
10.650387
10.469823
10.648278
10.549703
10.801480
10.503176
10.808002
10.637466
10.444992
10.831266
10.554366
10.565740
10.735118
10.897064
10.911611
10.697634
10.634831
10.783894
10.676895
10.685693
10.679413
10.565472
10.756527
10.806313
10.637307
10.795830
10.568686
10.603787
10.633063
10.706850
10.672356
10.627460
10.707396
10.741072
10.812609
10.625158
10.734971
10.710983
10.790919
10.856374
10.797625
10.843314
10.732165
10.602952
10.611259
10.662852
10.619715
10.978262
10.697846
10.688977
10.714909
10.824052
10.773277
10.775317
10.678765
11.002071
10.689694
10.564706
10.737512
10.729363
10.508925
10.477191
10.713652
10.717428
10.739444
10.870442
11.056527
10.551902
10.698865
10.554660
10.710663
10.544599
10.629456
10.837535
10.710607
10.478314
10.661967
10.604505
10.872999
10.744775
10.818544
10.793918
10.744675
10.716158
10.582110
10.620303
10.682862
10.632086
10.842465
10.729310
10.719273
10.597440
10.622308
10.598828
10.533774
10.605742
10.607482
10.749477
10.761864
10.888410
10.674141
10.899313
10.627181
10.651076
10.700831
10.655518
10.596186
10.491303
10.715936
10.958497
11.013353
10.581983
10.638065
10.628246
10.805621
10.507707
10.704650
10.689514
10.774107
10.598634
10.706846
10.645773
10.709243
10.727546
10.550573
10.641628
11.049657
10.736096
10.903115
10.593366
10.781806
10.772201
10.617240
10.995576
10.774399
10.497569
10.867772
10.683182
10.740434
10.593389
10.698044
10.626231
10.642616
10.729573
10.769632
10.619142
10.515826
10.861961
10.631596
10.618764
10.643767
10.542512
10.641691
10.948574
10.709415
10.642431
10.557388
10.921166
10.591318
10.710284
10.666193
10.609555
10.664546
10.649608
10.860564
10.548910
10.704245
10.580876
10.563713
10.669210
10.622538
10.705683
10.588897
10.594896
10.670744
10.977649
10.911615
10.725443
10.705535
10.848117
10.727276
10.653697
10.762783
10.586355
10.527663
10.829266
10.778957
10.621530
10.630452
10.636959
10.700199
10.792012
10.655488
10.717449
10.560997
10.713459
10.448303
10.567884
10.539723
10.545625
10.759641
10.658918
10.661959
10.638230
10.823419
10.957567
10.635070
10.828161
10.633614
10.611085
10.582658
10.565740
11.101013
10.480573
10.785198
10.795874
10.637772
10.758436
10.739170
10.828054
10.720532
10.659131
10.706459
10.657320
10.681166
10.761739
11.010873
10.644974
10.808433
10.690314
10.822654
10.708425
10.736130
10.620217
10.534920
10.425633
11.022713
10.551110
10.726262
10.885250
10.569378
10.970941
10.619023
10.838152
10.724555
10.528151
10.596341
10.698005
10.681291
10.710270
10.741835
10.561623
10.602903
10.669079
10.813126
10.628534
10.719441
10.547365
10.561941
10.700703
10.686851
10.657333
10.655300
10.718186
10.683774
10.847254
10.756283
10.641527
10.873888
10.788222
10.956746
10.586536
10.649598
10.474820
10.469081
10.811531
10.758613
10.579665
10.551780
10.718299
10.642669
10.632110
10.685175
10.564121
10.712958
10.688839
10.648514
10.798603
10.832386
10.832849
10.943612
10.552097
10.776929
10.589447
10.732693
10.642269
10.616452
10.785875
10.887705
10.592614
10.918619
10.604418
10.893024
10.674083
10.859100
10.488198
10.753656
10.794443
10.616155
10.613964
10.789185
10.622895
10.645228
10.774240
11.038448
10.750429
10.701027
10.698069
10.665831
10.576361
10.840404
10.695535
10.947903
10.421253
10.452234
10.454286
10.670071
10.585322
10.571926
10.674093
10.502358
10.508961
10.803202
10.659978
10.792108
10.732429
10.632214
10.629746
10.880950
10.759233
10.839305
10.564091
10.770767
10.655566
10.832461
10.514645
10.784983
10.823047
10.790823
10.828946
10.758285
10.656620
10.634470
10.738589
10.610441
10.383221
10.659886
10.587446
10.556611
10.654262
10.750254
10.704621
10.816877
10.568821
10.741234
10.922048
10.669373
10.638799
10.608091
10.644560
10.710757
10.824174
10.608301
10.782246
10.732684
10.826589
10.748491
10.549376
10.600532
10.690380
10.695626
10.615135
10.687277
10.958877
10.911409
10.679016
10.671104
10.752147
10.590059
10.678195
10.906115
10.685529
10.703677
10.727616
10.709070
10.501853
10.655447
10.693757
10.708183
10.536508
10.740946
10.898478
10.765475
10.842271
10.774023
10.767695
10.870988
10.516886
10.497684
10.849243
10.538481
10.581783
10.529882
10.573587
10.779942
10.774606
10.816971
10.695115
10.699959
10.615791
10.506898
10.652281
10.652173
10.514399
10.573875
10.566325
10.685031
10.679459
10.680276
10.666095
10.594191
10.546646
10.660241
10.544466
10.797231
10.843776
10.740390
10.854478
10.726210
10.486820
10.697027
10.804807
10.743469
10.695139
10.644291
10.619422
10.654134
10.645506
10.954503
10.581583
10.658883
10.614712
10.754507
10.626513
10.564573
10.781419
10.741252
10.719012
10.764946
10.782798
10.754794
10.804478
10.712328
10.719676
11.220003
10.629025
10.713438
10.505914
10.849358
10.779389
10.737737
10.627453
10.636107
10.780071
10.865067
10.694606
10.709027
10.672219
10.717579
10.697590
10.678733
10.708401
10.867936
10.802914
10.746274
10.893451
10.459053
11.042805
10.720814
10.552064
10.395737
10.569343
10.521696
10.831654
10.883382
10.783165
10.916786
10.665523
10.700993
10.746920
10.712629
10.492377
10.784206
11.006982
10.824581
10.649791
10.761831
10.767528
10.627641
10.721394
10.863228
10.490771
10.641508
10.577208
10.773480
10.893943
10.556157
10.743318
10.657760
10.744404
10.680972
10.643572
10.461498
10.784098
10.721248
10.738659
10.645525
10.669299
10.676552
10.634701
10.679395
10.818209
10.626571
10.751598
11.043595
10.484363
10.675370
10.711922
10.418102
10.610575
10.636433
10.714852
10.695140
10.689835
10.700336
10.764275
10.784620
10.638157
10.692234
10.629529
10.571968
10.656086
10.707140
10.487459
10.806006
10.712789
10.822598
10.726488
10.724696
10.744315
10.463662
10.562414
10.933870
10.599390
10.645405
10.662737
10.746912
10.532333
10.454363
10.735273
10.605966
10.738310
10.571160
10.941113
11.073999
10.738850
10.819394
10.989532
10.712922
10.635862
10.707120
10.579201
10.889915
10.911888
10.633888
10.989114
10.568122
10.746226
10.739197
10.585465
10.671886
10.549550
10.719707
10.589362
10.646359
10.969684
10.585307
11.275478
10.932865
10.659718
11.060953
11.083280
10.967893
10.724173
10.733446
10.731028
10.532287
10.490538
10.694687
10.673289
10.650852
10.648960
10.677570
10.607278
10.824776
10.909630
10.701013
10.694450
10.775398
10.739645
10.700872
10.750940
10.739972
10.664686
10.703292
10.487307
10.642179
10.611467
10.789015
10.766136
10.603073
10.620766
10.732892
10.748972
10.731272
10.598979
11.115606
11.040444
11.256220
10.676601
10.693431
10.975568
10.574364
10.693904
10.957223
10.674092
10.663194
10.574109
10.718086
10.793977
10.607059
10.699001
10.648943
10.684282
10.526704
10.537430
10.559307
10.844366
10.637151
10.915158
10.827082
10.705973
10.946740
10.760879
10.668779
10.924628
10.599080
10.597960
10.741989
10.833006
10.653568
10.615191
10.735423
10.649605
10.915622
10.690289
10.602151
10.835724
10.663459
10.630798
10.621578
10.557319
10.504036
10.660171
10.664690
10.715744
10.884953
11.093031
10.530135
10.805679
10.699411
10.755409
10.488984
10.667225
10.775132
10.718746
10.644744
10.775288
10.781845
10.832116
10.568143
10.741143
10.633240
10.683625
10.461155
10.909141
10.810629
10.733687
10.946735
10.596209
10.400950
10.546458
10.657247
10.622354
10.630984
10.868549
10.876495
10.634126
10.842112
10.642123
10.779305
10.877842
10.900081
10.638653
10.401205
10.529335
10.549404
10.458315
10.637215
10.723762
10.613595
10.716233
10.744766
10.927240
10.611072
10.776451
10.842633
10.734176
10.695184
10.696872
10.644900
10.727049
10.666825
10.594557
10.730599
10.795285
10.708800
10.616241
10.602683
10.914319
10.658575
10.567904
10.556989
10.501216
10.822306
10.817520
10.713613
10.652715
10.978925
10.657458
10.747743
10.590662
10.607404
10.887096
10.630184
10.664786
10.743654
10.761246
11.021495
10.761428
10.652242
10.518868
10.581606
10.503585
10.562759
10.721103
10.887908
10.741927
10.597292
10.532009
10.597344
10.711640
10.911304
10.737793
10.849632
10.619937
10.822735
10.642676
10.513114
10.900097
10.655186
11.121182
10.757671
10.800699
10.751897
10.837637
10.564317
10.389329
10.598778
10.843729
10.696295
10.913935
10.742480
10.843207
10.849317
10.869208
10.753914
10.919249
10.656945
10.564618
10.644752
10.729697
10.677684
10.676092
10.833286
10.630002
10.810123
10.771582
10.776471
10.674137
10.479279
10.556162
10.400095
10.556497
10.693241
11.144838
10.666675
11.235852
10.674950
10.625832
10.549710
10.834865
10.718976
10.536278
10.847271
10.685569
10.480452
10.699234
10.677938
10.805786
10.754468
10.618510
10.678935
10.443474
10.733000
10.391698
10.669854
10.776674
10.782805
10.747935
10.869236
10.697770
10.956556
11.008904
10.683156
10.708245
10.737988
10.656782
10.721753
10.732102
10.613366
10.673039
10.795485
10.726026
10.846092
10.839666
10.565179
10.756224
10.700613
10.728155
10.758512
10.965765
10.591821
10.604764
10.653008
10.536723
10.772769
10.839602
10.603692
10.671796
10.420696
10.712948
10.945654
10.551748
10.768751
10.672253
10.682923
10.904147
10.666627
10.832677
10.570209
10.645612
10.701930
10.693261
10.798562
10.581694
10.544612
10.778739
10.794272
10.521409
10.802867
10.694245
10.611702
10.770524
10.831905
10.768304
10.501113
10.697821
10.677034
10.684478
10.574013
10.642969
10.615301
10.565694
10.532444
10.697957
10.534128
10.699948
10.586154
10.663526
10.406426
10.773809
10.803546
10.528413
10.543386
10.774344
10.668530
10.651190
10.589409
10.747244
10.495720
10.694842
10.673571
10.640749
10.632232
10.776491
10.586162
10.463972
10.731546
10.792325
10.681491
10.913389
10.568234
10.626171
10.621348
10.523796
10.726733
10.814339
10.707687
10.924158
10.681018
10.888136
10.691860
10.800819
10.721771
10.634682
10.716720
10.951637
10.744539
10.656712
10.619239
10.680819
10.808382
10.590505
10.599839
10.554193
10.722708
10.564806
10.657407
10.598031
10.857471
10.705658
10.748440
11.062680
10.543334
10.755070
10.736408
10.435682
10.591885
10.731399
10.586771
10.540553
10.571380
10.568635
10.895338
10.732905
10.780621
10.747106
10.540205
10.893333
10.570332
10.755445
11.102629
10.508986
10.699991
10.631253
10.756006
10.494496
10.602211
10.872799
11.217560
10.680714
10.797916
10.687295
10.930345
10.697506
10.609610
10.549955
10.438975
10.730079
10.455400
10.721328
10.606009
11.036916
10.966856
10.705848
10.900070
10.917328
10.892449
10.706740
10.455271
10.573603
11.009572
10.809158
10.567574
10.629577
10.655971
10.835517
10.343172
10.752392
10.609551
10.788567
10.742442
10.668735
10.639604
10.728473
10.580836
10.661722
10.622994
10.748456
10.749585
10.737163
10.689255
10.819167
10.572923
10.765085
10.466356
10.849024
10.753190
10.737837
10.551926
10.781058
10.890544
10.876893
10.618626
10.682620
10.740619
10.696278
10.698187
10.682020
10.626420
10.490579
10.683414
10.636678
10.578313
10.723995
10.551334
10.713616
10.694784
10.650955
10.631423
10.726606
10.539728
10.486809
10.731289
10.761432
10.590106
10.598642
10.602323
10.691034
10.722646
10.850308
10.703817
10.615816
10.689777
10.658914
10.753832
10.530521
10.658888
10.443294
10.562101
11.037621
10.687278
10.763572
11.053274
10.572289
10.960388
10.662793
10.613209
10.673742
10.405021
10.726891
10.473325
10.528734
10.682607
10.535060
10.717913
10.681115
11.052013
10.568324
10.637335
10.830966
10.723923
10.624594
10.718553
10.727229
10.379331
10.548163
10.651840
10.805096
10.743563
10.547238
10.450353
10.562285
10.810499
10.329745
10.831187
10.685480
10.749858
10.870058
10.862628
10.671546
10.661003
10.750129
10.465469
10.512981
10.556164
10.766741
10.808832
10.640115
10.630488
10.646757
10.726081
10.615168
10.732898
10.648704
10.744687
10.939796
10.523057
10.961493
10.562505
10.659630
10.748754
10.447320
10.802324
10.472103
11.034272
10.789679
10.989351
10.757745
10.653619
10.625128
10.632603
10.839436
10.714833
10.611797
10.830926
10.690028
10.749978
10.513472
10.634206
10.685796
10.565867
10.943201
10.601903
10.544096
10.920909
10.718927
10.729729
10.612876
10.683491
10.942258
10.621228
10.558983
10.599416
11.050276
10.770206
10.737962
10.647944
10.983370
10.843692
10.706753
10.618699
10.732133
10.596607
10.645833
10.725308
10.924361
10.526769
10.822196
10.632979
10.635654
10.773147
10.542213
10.824124
10.555981
10.527128
10.774302
10.675722
10.678197
10.733912
10.555458
10.638950
10.609817
10.962717
10.417671
10.938873
10.858682
10.671095
10.988214
10.686863
10.640099
10.832647
10.681266
10.387526
10.888520
10.559198
10.877785
10.998049
10.705094
10.919381
10.597730
10.498839
10.659399
10.812497
11.197010
10.766154
10.667163
10.680040
10.860996
10.859639
11.084807
11.100334
10.685482
10.696538
10.951397
10.523352
10.691547
10.647719
10.606421
10.687540
10.584938
10.635410
10.584222
10.684837
10.873248
10.612080
10.623449
10.482806
10.553639
10.825503
10.816186
10.956950
10.573748
10.569808
10.549570
10.659365
10.924920
10.572283
10.764951
10.853604
10.847436
10.746513
10.750715
10.642283
10.896077
10.880654
10.919075
10.463609
10.820913
10.917680
10.567361
10.918560
10.604333
10.682264
10.833296
10.661346
10.642245
10.487655
10.583055
10.539505
10.770353
10.749328
10.659418
10.601712
10.720335
10.626186
10.500390
10.601851
10.790672
10.724750
10.655103
10.660148
10.623358
11.036920
10.677771
10.952732
10.795633
10.594978
10.596453
10.815519
10.832467
10.588997
10.571008
10.725711
10.764096
10.701270
10.679659
10.751078
10.575082
10.679043
10.909257
11.082689
10.610796
10.698112
10.514382
10.611372
10.801870
10.767997
10.505363
10.730570
10.673159
10.714176
10.656749
10.770204
10.354938
10.540110
10.889821
10.752998
10.500093
10.549308
10.657336
10.678889
10.656281
10.773334
10.988822
10.543979
10.664223
10.596266
10.860822
10.502245
10.512699
10.807410
10.870907
10.605635
10.628805
10.677361
10.406770
10.713650
10.474967
10.904472
10.909829
10.519190
10.666090
10.643729
10.583408
10.606552
10.902785
10.622912
10.744570
10.722376
10.655419
10.735474
10.656477
10.547157
10.373281
10.653540
11.262751
10.680427
10.649913
10.511885
10.658779
10.619938
10.638939
10.605903
10.505206
10.482487
10.622564
10.834776
10.649937
10.828425
10.615819
10.755678
10.530831
10.501023
10.798182
10.750826
10.502032
10.796714
10.646049
10.690294
10.570485
10.761482
10.768471
10.696893
10.696620
10.878492
10.522474
10.569963
10.782376
10.726932
10.792601
10.895567
10.719505
10.870992
10.952933
10.780513
10.702367
10.738851
10.952250
10.741470
10.787754
10.711238
10.655600
10.756653
10.528269
10.755525
10.485222
10.653544
10.626977
10.675470
10.639243
10.628446
10.769882
10.560587
10.542698
10.697321
10.579905
10.705088
10.817509
10.691697
10.686916
10.584207
10.689695
10.705325
10.712133
10.747505
10.658268
10.591528
10.703339
10.843833
10.746934
10.872550
10.948366
10.852017
10.885008
10.670708
10.702073
10.702250
10.603687
10.720735
10.751175
10.620413
10.806323
10.515810
10.962289
10.881635
10.646381
10.664799
10.685327
10.751886
10.597446
10.625217
10.760338
10.675752
10.647245
10.774172
10.597189
10.810762
10.794603
10.615472
10.682004
10.735545
10.575372
10.713779
10.729454
10.786628
10.703137
10.648593
10.778149
10.888139
10.631366
10.755486
10.700632
10.672704
10.732641
10.856111
10.700920
10.705504
10.491956
10.701537
10.873608
10.805295
10.553276
10.624503
10.518770
10.737367
11.015164
10.763590
10.816698
10.685954
10.918349
10.636939
10.717366
10.631387
10.760368
10.739597
10.679521
10.736389
10.753266
10.807532
10.371258
10.617336
10.655320
10.726531
10.564738
10.751173
10.600828
10.657900
10.679263
11.014860
10.461590
10.773404
10.547780
10.703242
10.683852
11.229931
10.870996
10.592883
10.494355
10.702599
10.702214
10.626225
10.706819
10.839411
10.606896
10.840455
10.516035
10.552681
10.781902
10.732235
10.838481
10.770897
10.472764
10.676696
10.594515
10.698264
10.668039
11.385532
11.006817
10.969003
10.538777
10.642143
10.694189
10.694189
