10.728429
10.890946
10.656240
10.648098
10.645491
10.753155
10.612497
10.827177
10.468907
10.739048
10.675285
11.118397
10.554150
10.634214
10.818368
10.712255
11.112780
10.456610
10.669470
10.676975
10.640574
10.869967
10.710668
10.696918
10.810385
11.047103
10.625924
10.696326
10.951941
10.482359
10.971787
10.524522
10.575866
10.869659
10.653412
10.550897
10.657770
10.934109
10.758521
10.781515
10.721802
10.790014
10.850305
10.802406
10.647019
10.658948
10.711522
10.803403
10.547148
10.709535
10.679284
10.879852
10.593107
10.459693
10.617222
10.893812
10.602848
10.597982
10.733770
10.464122
10.817658
10.728706
10.742577
10.728640
10.678871
10.906432
10.587542
10.867256
10.557929
11.113672
10.705248
10.618889
10.834736
10.774681
10.676222
10.823581
10.572583
10.588834
10.835588
10.656882
10.858110
10.530971
10.643809
10.473304
10.577956
10.877170
10.765783
10.653096
10.652764
10.793984
10.602705
10.669753
10.849055
10.731997
10.814164
10.650461
10.712732
10.607390
10.655322
10.710383
10.538281
10.725737
10.670322
10.762195
10.509813
10.668001
10.633923
10.630876
10.893486
10.717576
10.637103
10.818606
11.082658
10.431040
10.686113
10.586685
10.665326
10.966508
10.860719
10.838052
10.840870
10.763207
10.942249
10.675864
10.606699
10.736287
10.756840
10.613099
10.871145
10.521181
10.574542
10.566466
10.712879
10.860445
10.830962
10.579868
10.707671
10.606725
10.669345
10.781828
10.481431
10.887275
10.847522
10.755603
10.898401
10.723272
10.760561
11.007866
10.612239
10.552193
10.654238
10.633752
10.776069
10.716701
10.939747
10.505404
10.598667
10.844855
10.982788
10.822044
10.714465
10.426024
10.735154
10.894377
10.641475
10.567569
10.636928
10.781975
10.545894
10.546132
10.676195
10.714663
10.631482
10.690736
10.604772
10.706176
10.966182
10.785697
10.695414
10.739081
10.769829
10.682642
10.683711
10.566268
10.665366
10.735901
10.847803
10.642505
10.923842
10.776020
10.656210
10.572929
10.851970
10.532614
10.549707
10.522432
10.743272
10.639667
10.557078
10.733683
10.595406
10.660073
10.514922
10.611126
10.579724
10.632371
10.484993
10.695471
10.805330
10.555727
10.751146
10.747927
10.636322
10.693868
10.729809
10.516625
10.564065
10.859964
10.616075
10.965056
10.595151
10.606475
10.648999
10.786789
10.923296
10.557241
10.528161
10.871097
10.697734
10.793457
10.694112
10.967487
10.828392
10.567029
10.477027
10.609303
10.640198
10.992525
10.519965
10.404027
10.933373
10.593373
10.632088
10.637310
10.605032
10.705578
10.487015
10.750016
10.729858
10.465115
10.679334
10.603428
10.786613
10.878900
10.737042
10.569322
10.787238
10.726198
10.829395
10.758207
11.096984
10.514251
10.642438
10.691689
10.730877
10.986890
10.620975
10.511664
10.660867
10.779441
10.641938
10.615769
10.606509
10.499460
10.570206
10.739457
10.814898
10.847347
10.617223
10.728290
10.995425
10.637271
10.635362
10.507314
10.811582
10.736873
10.740683
10.691263
11.091673
10.751536
10.872800
10.744979
10.773602
10.645134
10.928015
11.013202
10.737234
10.757911
10.544645
10.658719
10.742215
10.519458
10.645462
10.754531
10.662975
10.644593
10.561366
10.812271
10.497348
10.557282
10.768297
10.631144
10.650512
10.772967
10.845670
10.520514
10.453042
10.634349
10.800565
10.745141
10.686359
10.947700
10.642429
10.893418
10.752821
10.570199
10.625999
10.686644
10.532590
10.596560
10.939850
10.569850
10.850464
10.806126
10.683629
10.637967
10.838379
10.789814
10.763779
10.817698
10.567500
10.633601
10.743370
10.704539
10.414111
10.701825
10.508830
10.834245
10.630784
10.736279
10.623182
10.866841
10.716163
10.742071
10.621884
10.730857
11.047025
10.794526
10.825165
10.511811
10.644657
10.644731
11.172645
10.600460
10.716736
10.803353
10.640201
10.775384
10.659191
10.803179
10.838858
10.655886
10.562280
10.582465
10.677914
10.612868
10.922826
10.671723
10.650646
10.780294
10.691841
10.503273
10.517275
10.685810
10.902948
10.564002
10.934778
10.846514
10.850744
10.582301
10.954760
10.604846
10.750299
10.697398
10.570668
10.777581
10.545962
10.502021
10.758364
10.537861
10.651664
10.702356
10.887805
10.673507
10.500044
10.771019
10.822804
10.572036
10.724544
10.640632
10.773353
10.691397
10.831875
10.725172
10.651862
10.629489
10.670817
10.562520
10.595250
10.607496
10.744592
10.818518
10.969767
10.780952
10.609946
10.640258
10.624570
10.485090
10.528037
10.558939
10.931836
10.681602
10.479193
10.877561
10.653920
10.574616
10.600606
10.866058
10.591887
10.455319
11.044269
10.721635
10.675324
10.872488
10.688406
10.608252
10.743081
10.695544
10.501053
10.882617
10.743985
11.012694
10.731073
10.753462
10.721169
10.714065
10.718051
10.657658
10.704721
10.801373
10.685302
10.722650
10.737004
10.637852
10.368206
10.712042
10.809431
10.857681
10.708649
10.719925
10.589145
10.596421
10.578619
10.548720
10.570590
10.709030
10.678608
10.827634
10.778663
10.847972
10.658975
10.751670
10.634389
10.446954
10.845946
10.607043
10.494483
10.576419
10.615948
10.763890
10.697525
10.614577
10.863878
10.802517
10.558933
11.078789
10.802311
10.677654
10.572669
10.566256
10.868512
10.755372
10.775398
10.570213
10.599174
10.568778
10.726426
10.765861
10.605620
10.842270
10.687141
10.699789
10.711718
10.587367
10.663730
10.791932
10.775612
10.810406
10.763973
10.535241
10.699488
10.692311
10.709849
10.703879
10.567994
10.567708
10.575368
10.474497
10.709256
10.820011
10.627697
10.728355
10.677122
10.587665
10.688453
10.523010
10.597630
10.594422
10.755611
10.559370
10.670755
10.727249
10.709935
10.699531
10.550579
10.688375
10.725660
10.592480
10.673464
10.654981
10.649550
10.627495
10.625957
10.861252
10.595879
10.624465
10.797173
10.847649
10.613860
10.630676
10.652250
10.956852
10.559210
10.366806
10.660083
10.775217
10.777114
10.710226
10.644057
10.910508
10.597273
10.814125
10.786677
10.811250
10.526034
10.718042
10.636574
10.905270
10.715247
11.137241
10.596774
10.502334
10.723200
10.616098
10.825868
10.806268
10.694976
10.799527
10.688994
10.594187
10.798786
10.530101
10.812357
10.578720
10.960453
10.363228
10.598145
10.465532
10.751539
10.771458
10.618527
10.620747
10.607922
10.803798
10.547571
10.683445
10.667291
10.802674
10.950032
10.621792
10.804392
10.718872
10.751162
10.537851
10.859495
10.762703
11.021344
10.856265
10.527501
10.627080
10.877849
10.674125
10.674738
10.614037
10.470398
10.869706
10.559277
10.833257
10.617518
10.792428
10.577747
10.675294
10.744194
10.603654
10.606624
10.883881
10.712645
10.786903
10.834115
10.538735
10.636503
10.779780
11.102085
10.843771
10.790787
10.646631
10.751496
10.693050
10.694582
10.870978
10.614189
10.626555
10.654410
10.798656
10.641912
10.720773
10.630406
10.627863
10.837094
10.698689
10.749810
11.023806
10.644484
10.951774
10.732557
10.800729
11.263293
10.568228
10.691542
10.645838
10.665504
10.761622
10.558679
10.476235
10.758094
10.617874
10.706125
10.883740
10.661421
10.617249
10.777992
10.594881
11.021990
10.558138
10.641675
10.762850
10.543962
10.573322
10.818998
10.552613
10.715712
10.525610
10.772064
10.558964
10.567752
10.654508
10.919991
10.533631
10.698661
10.777281
10.956944
10.725891
10.724884
10.509371
10.910814
10.465494
10.782610
10.698031
10.546901
10.625839
10.746244
10.802726
10.949951
10.864139
10.669021
10.757638
10.672302
10.569384
10.468978
10.485782
10.739217
10.632512
10.626602
10.671019
10.784420
10.723444
10.611687
10.772734
10.412627
10.834648
10.600438
10.606777
10.551741
10.692886
10.591450
10.636321
10.730866
10.626742
10.683677
10.669568
10.779486
11.084110
10.564385
10.741197
10.576586
10.589010
11.224140
10.668202
10.836294
10.736895
10.739709
10.753259
10.789385
10.890261
10.666342
10.720947
10.474918
10.642249
10.677033
10.767635
10.678412
10.549346
10.720688
10.986608
10.615282
10.688241
10.756277
10.624387
10.685144
10.736411
10.506091
10.759997
10.808402
10.455739
10.669817
10.544492
10.581309
10.839746
10.628352
10.922677
11.014957
10.540115
10.534883
10.887921
10.714886
10.581275
10.716297
10.760727
10.677567
10.477350
10.616073
10.922260
10.643795
10.767861
10.596594
10.425258
11.037690
10.788324
10.556330
10.854103
10.838617
10.685405
10.457602
11.024737
10.663493
10.680360
10.676221
10.582649
10.535277
10.738347
10.587612
10.916297
10.790747
10.589313
10.619708
10.596503
10.807792
10.664405
10.712976
10.649502
10.713375
10.645542
10.696766
10.359177
10.506341
10.848077
10.645941
10.782986
10.694757
10.704907
10.808772
10.473140
10.645228
10.604562
10.741168
10.745758
10.614196
10.896642
10.883916
10.616995
10.428028
10.547530
10.478499
11.011742
10.515783
10.634022
10.665348
10.622606
10.706535
10.767744
10.625339
10.725224
10.783827
10.636112
10.756277
10.659193
10.749071
10.639273
10.688460
10.786007
10.984723
10.809763
10.502439
10.793538
10.776867
10.806859
10.728455
10.499033
10.612814
10.820325
10.683384
10.635081
10.658361
10.705986
10.504461
10.626516
10.649882
10.650800
10.810208
10.601611
11.135360
10.548641
10.674357
10.511813
10.935715
10.686191
10.828250
10.563146
10.704233
11.198146
10.856292
10.819907
10.648131
10.641240
10.755433
10.729581
11.059493
10.525692
10.793228
10.825666
10.803476
10.536299
10.809800
10.722261
10.596815
10.565820
11.008162
10.719764
10.593151
10.728135
10.767664
11.142792
10.725127
10.863080
10.693119
10.808329
10.951557
10.644379
10.557415
10.698489
10.878046
10.565125
10.481392
10.737833
10.759907
10.751369
10.586411
10.683883
10.586527
10.796591
10.739568
10.625042
10.753153
10.780139
10.812061
10.478628
10.939790
10.716212
10.910667
10.571194
10.624599
10.711798
10.760543
10.723057
10.712562
11.061557
10.617318
10.589333
10.479157
10.430349
10.654220
10.687388
10.774125
10.851405
10.773464
10.623393
10.805416
10.916266
10.690379
10.862996
10.739270
10.622556
10.640165
10.571823
10.641695
10.857695
10.790716
10.633556
10.554087
10.737029
10.678768
10.698091
10.709335
10.821784
10.765860
10.493546
10.972438
10.648205
10.955800
10.627705
10.721076
10.574142
10.794360
10.770920
10.590966
10.522153
10.538462
10.863506
10.519158
10.644156
10.644205
10.668118
10.561446
10.887656
10.857453
10.829716
10.684129
10.821283
10.678895
10.688030
10.815469
10.557748
11.000636
10.739151
10.677195
10.747215
10.780648
10.467987
10.563214
10.658801
10.652383
10.525065
10.597198
10.523585
10.566476
10.821238
10.554079
10.661690
10.670097
10.797387
10.672459
10.652658
10.718590
10.577133
10.705119
10.519678
10.817368
10.683205
10.788640
10.611068
10.514321
10.720239
10.633450
10.684402
10.869702
10.728649
10.777474
10.712355
10.796746
10.607413
11.037884
10.826567
10.590233
10.705140
10.552110
10.640225
10.455656
10.768233
10.608251
10.782305
10.874711
10.745464
10.635084
10.668736
10.772930
10.715974
10.659672
10.569193
10.673546
10.573527
10.761397
10.574706
10.764123
10.665184
10.572817
10.779382
10.596879
10.586212
10.663462
10.742954
10.491249
10.604059
10.965130
10.791250
10.608088
10.555895
10.553130
10.555711
10.820611
10.684131
11.360252
10.747975
10.808278
10.821335
10.863315
10.804925
10.965246
10.589632
10.698522
10.751526
10.593010
10.543218
10.665699
10.775016
10.575872
10.790228
10.659019
10.714954
10.693544
10.431199
10.682014
10.768390
10.880156
10.902535
10.568856
10.543456
10.663022
10.664564
10.330762
10.552385
10.800002
10.594389
10.810142
10.620556
10.792300
10.629910
10.863977
10.600240
10.796492
10.794149
10.743641
10.659498
10.787336
10.501893
10.565167
10.834746
10.614786
10.640470
10.647249
10.459577
10.629029
10.625096
10.603455
10.841920
10.868418
10.770146
10.694183
10.554078
10.643576
10.552427
11.088293
10.669241
10.849145
10.653995
10.630072
10.838088
10.597454
10.648775
11.021407
10.686204
10.856416
10.649360
11.020776
10.680960
10.818929
10.685057
10.869496
10.735519
10.390149
10.817968
10.531350
10.757719
10.764080
10.557602
10.695951
10.635568
10.650072
10.766422
10.787740
10.747237
10.721735
10.449900
10.574358
10.664393
10.700104
10.703958
10.690231
10.603644
10.618370
10.861324
10.474523
10.544853
10.786747
10.576851
10.964582
10.730790
10.709852
10.427064
10.581134
10.802704
10.861251
10.797370
10.480162
10.673171
10.793284
10.638168
10.684003
10.795999
10.436044
10.590295
10.730786
10.881306
10.695158
10.797064
10.588600
10.786703
10.459308
10.582059
10.465651
10.834974
10.694920
10.849227
10.534512
10.681391
10.789862
10.628461
10.822174
10.671792
10.700190
10.840268
10.779824
10.554057
10.547931
10.731215
10.733171
10.754932
10.745300
10.741332
10.715029
10.707458
10.631004
10.598953
10.821993
10.583035
10.706596
10.714130
10.633418
10.528699
10.627264
10.679099
10.725185
10.873839
10.832041
10.832903
10.782620
10.555830
10.861152
10.526655
10.703621
10.663892
10.664071
10.590407
10.725783
10.781862
10.798446
10.444139
10.831356
10.688312
10.822072
10.619766
10.551613
10.764161
10.654656
10.525009
11.069409
10.917007
10.482497
10.698314
10.855673
10.687436
11.029223
10.778014
10.680793
10.658286
10.740346
10.748314
10.640895
10.400851
10.636680
10.794816
10.628096
10.840173
10.830689
11.031160
10.600157
10.572919
10.697992
10.575239
10.600656
11.056071
10.647874
10.694449
10.575053
10.732450
10.574990
10.753669
11.004368
10.745749
10.590760
10.887656
10.781727
10.725819
10.810367
10.742068
10.617974
10.792475
10.736644
11.053900
10.997423
10.779821
10.637348
10.847448
10.785041
10.931971
10.701211
10.664855
10.710304
10.606389
10.767337
10.778764
10.821050
10.595303
10.778076
10.948948
10.733825
10.776227
10.756842
10.741937
10.566461
10.663750
10.531546
10.890122
10.715772
10.518609
10.637895
10.681681
10.768373
10.808901
10.588978
10.614605
10.734907
10.844925
10.676328
10.655223
10.676891
10.639400
10.751335
10.694540
10.609838
10.921471
10.952861
10.688356
10.682005
10.908706
10.589601
10.590918
10.665217
10.680383
10.497314
10.675740
10.850806
10.977269
11.065604
10.721351
10.413204
10.787874
10.679655
10.577158
10.643240
10.673959
10.751688
10.654570
10.459302
10.764569
10.644608
10.486512
10.573458
10.671377
10.815424
10.512016
11.001156
10.618930
10.676443
10.670825
10.779786
10.818525
10.591127
10.506439
10.718701
10.653131
10.762078
10.717089
10.534793
10.831257
10.488316
10.651577
10.697310
10.664362
10.715654
10.718928
10.463672
10.623332
10.747929
10.801258
10.655798
10.703378
10.545194
10.538302
11.042440
10.777058
10.854992
10.729238
10.633838
10.617847
10.718339
10.926348
10.705992
10.807423
10.612047
10.847009
11.010814
10.819514
10.549062
10.715133
10.585362
10.738687
10.723551
10.736803
10.530937
10.661313
10.579220
10.710540
10.605199
10.852506
10.600889
10.693323
10.417711
10.931763
11.025377
10.727881
10.615832
10.675285
10.639317
10.785845
10.502672
10.664484
10.724063
10.748055
10.579718
10.499718
10.433717
10.847006
10.650708
10.560681
10.727521
10.560202
10.695064
10.879959
10.715513
10.876062
10.523300
10.571949
10.610618
10.810408
10.570883
10.704061
10.535005
10.809429
10.618635
10.846590
10.822359
10.720494
10.503447
10.577869
10.611841
10.569353
10.374418
10.859084
10.771170
10.782251
10.678865
10.678938
10.728921
10.887361
10.810300
10.586833
10.597535
10.801710
11.107817
10.835729
10.733351
10.617640
10.689654
10.652452
10.974253
10.905099
10.733957
10.825606
10.677617
10.575295
10.883003
10.658249
10.733419
10.653953
10.751570
10.474609
10.515704
10.601931
10.682657
10.640258
10.665514
10.671844
10.524857
10.633726
10.848163
10.765102
11.204250
10.691697
10.583169
10.884118
10.724774
10.676980
10.726723
10.545091
10.626586
10.576012
10.600251
10.696326
10.869838
10.614144
10.855468
10.686140
10.470642
10.825236
10.711244
10.631896
10.680865
10.749173
10.585071
10.708910
10.679082
10.764852
10.527274
10.887724
10.745092
10.512782
10.784471
10.702247
10.990276
10.628155
10.522375
10.549216
10.596188
10.725695
10.899451
10.818037
10.654557
10.568244
10.872029
11.063498
10.675253
10.644711
10.682251
10.652385
10.446087
10.852146
10.669780
10.702088
10.666592
10.507176
10.604553
10.554163
10.722377
10.709145
10.906943
10.586579
10.389964
10.501193
10.653647
10.673493
10.517952
10.672193
10.573690
10.657076
10.740340
10.608242
10.707270
10.875936
10.709814
10.679981
10.708532
10.697915
10.624403
10.376007
10.661916
10.680651
10.807261
10.529084
10.666895
10.842514
10.841112
10.484896
10.757172
10.776390
10.679222
10.382726
10.655905
10.675189
10.642968
10.991319
10.636450
10.840871
10.743717
10.463487
10.729758
10.835489
10.636448
10.528475
10.689899
10.831149
10.732170
10.649535
10.561034
10.636542
10.595076
10.780540
10.580657
10.585623
10.501488
10.537748
10.732208
10.592885
10.620020
10.465244
10.751340
10.886468
10.725782
10.627256
10.601479
10.784752
10.787027
10.624920
10.844637
10.711925
10.857553
10.575196
10.648555
10.596668
10.621356
10.658566
10.657863
11.093626
10.827789
10.591714
10.808329
10.750688
10.620434
10.556637
10.640457
10.723351
10.495397
10.827724
10.696437
10.754567
10.664702
10.789434
10.854034
10.528674
10.877981
10.705888
10.617942
10.675082
10.496940
10.766057
10.595775
10.609491
10.658249
10.739248
10.718720
10.608094
10.877560
10.660063
10.663478
10.749525
10.738978
10.619146
10.707032
10.689800
10.883826
10.572160
10.689179
10.739506
10.689940
10.466186
10.751638
10.771791
10.673297
10.642586
10.744988
10.758807
10.807289
10.699623
10.708948
10.772534
10.611532
10.941483
10.874213
10.575438
10.931438
10.798087
10.758605
10.885575
10.725534
10.442669
10.719008
10.780081
10.749009
10.830344
10.408992
10.510765
10.766033
10.702545
10.549569
10.684189
10.330356
10.672539
10.804074
10.793219
10.886233
10.592376
10.440121
10.687939
10.769961
10.628563
10.377217
10.752290
10.812162
10.647537
10.778098
10.717829
10.574129
10.655710
10.694609
10.659454
10.793631
10.773768
10.283780
10.674414
10.793687
10.510387
10.791536
10.714246
10.688685
10.671077
10.718396
10.854922
10.838345
10.587756
10.627578
10.642175
10.768813
10.625561
10.665472
10.712313
10.746687
10.744931
10.632111
10.506809
10.853142
10.634623
10.543813
10.752724
10.672480
10.540514
10.615935
10.791407
10.679281
10.750367
10.839524
10.702939
10.727231
10.978897
10.746010
11.076716
10.782766
10.628272
10.797683
10.448494
10.771264
10.623934
10.661528
10.711792
10.690115
10.540353
10.813726
10.644600
10.863414
10.713630
10.827202
10.665077
11.019575
10.594834
10.563855
10.625789
10.936984
10.744204
10.729737
10.537311
10.733759
10.693381
10.632369
10.595240
10.939210
10.671286
10.796093
10.737137
11.189270
10.599313
10.672267
10.554908
10.570520
10.772909
10.685908
10.724327
11.165586
10.783411
10.700866
10.852109
11.130967
10.562979
10.733536
10.638742
10.828167
10.605076
10.827726
10.493665
10.740243
10.644416
10.646973
10.559613
10.760752
10.675791
10.719160
10.508230
10.693676
10.717997
10.598141
10.780561
10.746962
10.534514
10.481980
10.946782
10.680405
10.663680
10.686036
10.766123
10.602311
10.436873
10.608926
10.689812
10.593606
10.647425
10.538154
10.769049
10.664782
10.632014
10.655024
11.009937
10.810085
11.026641
10.709201
10.573072
10.629309
10.910450
10.922305
10.589880
10.549024
10.644494
10.516543
10.888708
10.672411
10.646839
10.716160
10.637403
10.737622
10.688707
10.823523
10.736671
10.647999
10.658348
10.864723
10.663361
10.624928
10.639385
10.749484
10.710685
10.653193
10.525241
10.559032
10.998149
10.989711
10.719095
10.999016
10.894831
10.646354
10.533805
10.700202
11.183696
10.728651
10.658818
10.661493
10.495349
10.856066
10.582717
10.852887
10.891829
10.597543
10.679856
10.669741
10.709384
10.753303
10.715564
10.584673
10.792640
10.427098
10.870217
10.634468
10.713431
10.623566
10.717290
10.714268
10.694032
10.646764
10.859586
10.907587
10.742500
10.849010
10.663548
10.666933
10.706108
10.564401
10.631829
10.668082
10.657507
10.931991
10.688952
10.619368
10.818862
10.589148
10.695897
10.639734
10.518025
10.479104
10.799811
10.881648
10.559063
10.650028
10.509568
10.690834
10.672278
10.562403
10.786735
10.791294
10.656743
10.761786
10.707723
10.764421
10.874886
10.680303
10.801741
11.008855
10.669578
10.709786
10.587091
10.457000
10.480292
11.033563
10.892643
10.587389
10.657945
10.500757
10.581654
10.724622
10.607062
10.817730
10.712577
10.631388
10.438061
10.810877
10.865709
10.548120
10.788529
10.617930
10.524213
10.792410
10.659509
10.666563
10.666766
10.596342
10.560226
10.665649
10.540224
10.680079
10.676346
10.790541
10.643757
10.647970
10.896231
10.724130
10.629067
10.737281
10.739931
10.701334
10.721064
10.737119
10.634999
10.561510
10.681524
10.699304
10.590354
10.697477
10.995415
10.744495
10.651376
10.627585
10.919814
10.495241
10.728321
10.437627
10.681153
10.676015
10.720182
10.860155
10.902113
10.537338
10.788475
10.413951
10.630261
10.704097
10.640107
10.690516
10.661110
10.739119
10.930244
10.808857
11.023539
10.769130
10.672087
10.640487
10.693148
10.774249
10.917969
10.399936
10.636323
10.762264
10.490924
10.579673
10.601781
10.694058
10.510206
10.527095
10.888890
10.671198
10.605027
10.615279
10.838898
11.072661
10.715616
11.040837
10.807781
11.243206
10.720563
10.553851
10.691830
10.709153
10.796797
10.672172
10.808272
10.417284
10.478282
10.688219
10.495198
10.611820
10.775832
10.678059
10.859457
10.649205
10.676494
10.490977
10.520132
10.681666
10.718969
10.846501
10.471468
10.599684
10.667452
10.659328
10.730251
10.594371
10.710824
10.555360
10.771850
10.802912
10.555785
10.628310
10.679469
10.797738
10.756130
10.741094
10.593659
10.790027
10.742894
10.887859
10.554505
10.647465
10.535857
10.731398
10.717589
10.771439
10.914536
10.928733
10.541040
10.418044
11.026025
10.762192
10.616800
10.626248
10.712444
11.156377
10.705311
10.760573
10.740825
10.713294
10.606219
10.606807
10.467505
10.955134
10.811831
10.790226
10.553359
10.825035
10.451270
10.629865
10.617497
10.578550
10.646766
10.687092
10.910949
10.897973
10.623738
10.588757
10.687905
10.473999
10.565131
10.743296
10.584431
10.741572
10.675111
10.745212
10.750517
10.862241
10.639432
10.606902
10.568536
10.693520
10.726712
10.679905
10.877673
10.817700
10.628908
10.930000
10.797508
10.906120
10.633042
10.651665
10.617080
11.135192
10.562228
10.656439
10.771335
10.632098
10.622854
10.958603
10.625341
10.683721
10.862660
10.920106
10.482902
10.908917
10.626876
10.668607
11.025760
10.749188
10.786493
10.575735
10.645629
10.780228
10.725399
10.559318
10.641909
10.493623
10.505360
10.855598
10.740763
10.687589
10.675499
10.775730
10.445824
10.789243
10.464726
10.745474
10.534890
10.682414
10.682231
10.918800
10.617680
10.780954
10.531212
10.602145
10.624688
10.593391
10.734995
10.705707
10.596958
10.420812
10.669072
10.692893
10.891319
10.774927
10.740184
10.722871
10.590009
11.029455
10.708797
10.751233
10.775541
10.690410
10.694661
10.681874
10.693290
10.711867
10.715009
10.874820
10.651311
10.731475
10.697473
10.720582
10.748161
10.591179
10.838982
10.747629
10.556200
10.661626
10.635985
10.816881
11.078482
10.686467
10.755652
10.509114
10.799381
10.565079
10.672400
10.823732
10.539690
10.686204
10.833351
10.740568
10.562070
10.679695
10.734820
10.627306
10.719414
10.748906
10.587386
10.825021
10.695166
10.665994
10.584747
10.800421
10.788318
10.552720
10.684211
10.886578
10.848675
10.601508
10.840879
10.583711
10.773575
10.732977
10.934205
10.640039
10.916808
10.659864
10.765302
10.486640
10.918866
10.534894
10.621028
10.670811
10.580630
10.930832
10.675901
10.707466
10.563269
10.869410
10.792221
10.692020
10.719333
10.635160
10.620375
10.608320
10.755028
10.886297
10.812769
10.921422
10.624032
10.755321
10.563747
10.556714
10.501498
10.929721
10.665817
10.804833
10.838555
10.629713
10.712259
10.905258
10.666876
10.575166
10.570752
10.794753
10.840055
10.763418
10.786146
10.660783
10.722944
10.639767
10.923926
10.717952
10.821222
10.942504
10.827093
11.237599
10.514270
10.598516
10.638315
10.906915
10.891859
10.561811
10.756224
10.660855
10.622692
10.715983
10.726260
10.802245
10.711412
10.903272
10.655286
10.726364
10.597718
10.838391
10.674229
10.696673
10.665458
10.694133
10.996447
10.416921
10.918380
10.718231
10.700091
10.694917
10.667738
10.694318
10.820846
10.646308
10.644728
10.844838
10.689545
10.845592
10.640727
10.666190
10.621854
10.734765
10.819429
10.566910
10.721878
10.568962
10.468107
10.884938
10.599025
10.666091
10.565313
10.760097
10.688723
10.549559
10.692722
10.778060
10.599153
10.633660
10.766987
10.753012
10.551934
10.646507
10.397801
10.718907
10.786995
10.622098
10.727637
10.643847
10.479925
10.653387
10.547010
10.782767
10.617951
10.744108
10.667620
10.835270
10.851606
10.797166
10.535196
10.717322
10.746035
10.857954
10.803733
10.608154
10.718178
10.578902
10.548578
10.678477
10.717528
10.686821
10.773113
10.644362
10.847850
10.670912
10.724526
10.721020
10.619653
10.609769
10.582647
10.650821
10.734129
10.682895
10.554352
10.715687
10.641847
10.851058
10.663155
10.703740
10.914498
10.696511
10.798978
10.586497
10.827219
10.822126
10.804399
10.629791
10.764794
10.652794
10.709638
10.799564
10.710795
10.758447
10.876055
10.660890
10.769458
10.870255
10.270063
10.713221
10.730709
10.641868
10.634719
10.543156
10.682621
10.784080
10.651078
10.589790
10.787877
10.787970
10.579334
10.673408
10.974176
10.694304
10.689339
10.821383
10.642565
10.747293
10.626468
10.742384
10.638417
10.729445
10.627646
10.550312
10.546117
10.487090
10.585634
10.528741
10.690005
10.815352
10.683149
10.768078
11.166584
10.891052
10.885061
10.704733
10.611961
10.596414
10.627157
10.743553
10.548274
10.561485
10.749281
10.653111
10.610955
10.961170
10.968236
10.845508
10.723739
10.821894
10.537705
10.756200
10.753345
10.596153
10.844504
10.741544
10.732680
10.750850
10.562625
10.855654
10.768540
10.789737
10.852702
10.820807
11.078430
10.625865
11.093717
10.540006
10.729141
10.720981
10.742980
10.672329
10.560176
10.769910
10.797159
10.672325
10.474196
10.953661
10.691222
10.886207
10.762960
10.788269
10.547994
10.769362
10.971906
10.609671
10.566837
10.627563
10.637853
10.515801
10.699407
10.576587
10.632275
10.540048
10.699272
10.530626
10.803230
10.833650
10.812744
10.736113
10.806981
10.895757
10.727668
10.770600
10.998662
10.571486
10.906849
10.631779
10.670415
10.752883
10.787751
10.734079
10.541201
10.614177
10.598893
10.550820
10.525516
10.563351
10.743518
11.016985
10.836402
10.885893
10.745095
10.708418
10.574773
10.737577
10.591345
10.762794
10.709620
10.731576
10.954772
10.647483
10.645626
10.767829
10.626970
10.769543
10.463385
10.607151
10.572079
10.761114
11.165155
10.682656
10.474642
10.672676
10.697419
10.582289
10.741749
10.774587
10.602675
10.789098
11.218223
10.638091
10.948068
10.614406
10.532355
10.972381
10.541264
10.740830
10.560675
10.921790
10.704325
10.814801
10.566282
10.753113
10.607657
10.868341
10.467945
10.822448
10.625550
10.580600
10.661236
10.542419
10.636796
10.706238
10.654887
10.676012
10.571066
10.714618
10.582798
10.635704
11.019323
10.632151
10.775518
10.561151
10.640158
10.880946
10.675424
10.952730
10.620316
10.635449
10.645293
10.479239
10.889384
10.500116
10.687953
10.609467
10.590331
10.664946
10.519854
10.624552
10.795883
10.680794
10.738339
10.629624
10.796909
10.817906
10.697624
10.829714
10.967370
10.972374
10.879093
11.133587
10.554613
10.696567
10.923371
10.739655
10.838352
10.572909
10.677550
10.662015
10.669955
10.625173
10.472773
10.722790
10.537004
10.620392
10.602901
10.750227
10.635725
10.891889
10.692215
10.452803
10.712842
10.832489
10.515100
10.861506
10.770179
10.696577
10.575245
10.634104
10.511590
10.693045
10.567023
10.814700
10.729429
10.903967
10.713703
10.376894
10.678198
10.764303
10.497796
10.813292
10.706175
10.507361
10.846439
10.571943
10.620424
10.933392
10.838562
10.748757
10.734681
10.881819
10.625739
10.394044
10.548607
10.767683
10.810048
10.660699
10.724988
11.093718
10.723475
10.509969
10.937363
10.503101
10.820243
10.818364
10.591158
10.691518
10.633731
10.465020
10.715006
10.740186
10.528725
10.527619
10.674082
10.756804
10.821710
10.571986
10.625935
10.586098
10.886779
10.558995
10.787844
11.043170
10.600593
10.823100
10.557834
11.084794
10.788281
10.702659
10.653996
10.608393
10.824421
10.652096
10.711792
10.835417
10.584672
10.666199
10.629165
10.648284
10.614182
10.720047
10.603575
10.641487
10.793689
10.756925
10.743755
10.677989
10.616076
10.612499
10.863102
10.901121
10.578688
10.761173
10.677371
10.665399
10.683266
10.715060
10.545561
10.620194
10.570894
10.641462
10.615333
10.657066
10.701426
10.916503
10.756276
10.651970
10.893886
10.833108
10.728654
10.501215
10.664032
10.545674
10.395191
11.082313
10.840110
10.670664
10.656125
10.642189
10.649001
10.716572
10.801425
10.683978
10.512968
10.625602
10.760659
10.620919
10.795502
10.846349
10.800422
10.509565
10.646257
10.947166
10.562315
10.590367
10.674563
10.775142
10.645625
10.637028
10.530288
10.931397
10.772187
10.606483
10.462234
10.629851
10.823083
10.514293
10.641455
10.777917
10.700611
10.617209
10.677953
10.775244
10.602605
10.774078
10.682568
10.811315
10.741079
10.791999
10.748668
10.923008
10.605991
10.921337
10.667039
10.911437
10.502899
10.863152
10.690951
10.585126
10.752566
10.709816
10.378445
10.750088
10.909035
10.623059
10.708260
10.513487
10.785419
10.593362
10.681706
10.620631
10.523282
10.764690
10.617407
10.545366
10.615467
10.833694
10.943937
10.741403
10.526590
10.624016
10.507934
11.166573
10.821455
10.887009
10.640541
10.570250
10.690622
10.564925
10.902436
10.550614
10.488678
10.607370
10.598627
10.894014
10.549309
10.553544
11.064198
10.843982
10.645189
10.815873
10.940144
10.578886
10.649152
10.545044
10.602157
10.568012
10.631977
10.719898
10.664116
10.570654
10.641625
10.567967
10.634982
10.715217
10.730831
10.623238
10.566890
10.969747
10.817638
11.014045
10.750122
10.685716
10.764155
10.691194
10.640909
10.693491
10.552385
10.759385
10.872627
10.813266
11.050476
10.655566
10.532743
10.500800
10.822337
10.805496
10.887940
11.034970
10.582280
10.584455
10.717647
10.571403
10.666172
10.600918
10.610665
10.613886
10.679158
10.715219
10.654725
10.835592
10.475325
10.731295
10.662030
10.920983
10.777374
10.890293
10.732327
10.818921
10.716138
10.645125
10.682509
10.652278
10.701414
10.984952
10.690593
10.567522
10.760146
10.704012
10.799764
10.648392
10.425667
10.914046
10.548407
10.820296
10.907645
10.398590
10.734032
10.823183
10.987797
10.583799
10.987116
10.661029
10.666591
10.663632
10.733933
10.397510
10.729768
10.771752
10.656675
10.805209
10.755711
10.689266
10.889507
10.768334
10.662791
10.712457
10.939389
10.875547
11.064007
10.731401
10.784773
10.601528
10.647873
10.600521
10.574097
10.499823
10.716268
10.751231
10.727400
10.744259
10.551430
10.616473
10.724466
10.587773
10.701525
10.606594
10.546547
10.554953
10.905365
10.788745
10.736542
10.565639
10.636860
10.800896
10.620280
10.562500
10.830837
10.854545
10.597048
10.727041
10.610369
10.593443
10.833301
10.560746
10.902605
10.887697
10.669181
10.546551
10.503407
10.788707
10.677388
10.730074
10.724892
10.598141
10.486995
10.819734
10.887202
10.866357
10.667662
10.772064
10.478592
10.640854
10.661018
10.701811
10.791777
10.727084
10.700044
10.589622
10.725004
10.832723
10.737190
10.619439
10.776244
10.482118
10.718296
10.814117
10.598061
10.762286
10.749408
10.838438
10.591708
10.791211
10.756617
10.868898
10.582710
10.852085
10.444585
10.642977
10.741119
10.493661
10.830823
10.691794
10.907419
10.776495
10.599304
10.720880
10.440367
10.726276
10.774891
10.853213
10.630273
10.417879
10.911873
10.731573
10.879553
10.581948
10.286567
10.663284
10.585360
10.627042
10.598431
10.836948
10.751687
10.807202
10.682079
10.813084
10.511075
10.761034
10.730137
10.522193
10.887273
10.744236
10.693664
10.762430
10.723178
10.654130
10.713023
10.496130
10.780537
10.535092
10.700713
10.734403
10.648269
10.570998
10.743276
10.618919
10.428586
10.821821
10.580757
10.571512
10.576903
10.744588
10.799384
10.471965
10.862444
10.518888
10.871848
10.523680
10.768749
10.733637
10.712156
10.881979
10.667300
10.670043
10.682827
10.732927
10.678935
10.742958
10.556023
10.783755
10.681598
10.683239
10.608084
10.720289
11.116530
10.679316
10.817937
10.850202
10.630904
10.853105
10.577753
10.510495
10.975115
10.844884
10.638702
10.651837
10.609276
10.798109
10.521138
10.760373
10.632861
10.506918
10.722056
10.683198
10.721090
10.697966
10.721662
10.731949
10.546369
10.588422
10.520972
10.667149
10.701100
10.584528
10.446153
10.599800
10.722669
10.727642
10.919899
10.891310
10.437784
10.719170
10.722592
10.614249
10.639397
10.809680
10.657016
10.719093
10.567628
10.610355
10.549227
10.857986
10.638253
10.625141
10.779248
10.529679
10.698757
10.726337
10.699566
11.013961
10.815874
10.864316
10.775585
10.590332
10.480803
10.637253
10.527367
10.491040
10.699861
10.697537
10.659325
10.706325
10.676348
10.559060
10.619916
10.670336
10.738615
10.683720
10.980128
10.597988
10.773924
10.944737
10.698476
10.718693
10.527617
10.536604
10.516339
10.584831
10.542435
10.428947
10.716224
10.698471
10.917497
10.680510
10.735111
10.590286
10.435775
10.557785
10.827081
10.376652
10.600270
10.754689
10.834534
10.670729
10.515869
10.551521
10.722489
10.426997
10.773722
10.738822
10.735308
10.825457
10.683789
10.711322
10.430273
10.775488
10.824136
10.719165
10.775900
10.744859
10.687854
10.665375
10.715242
10.751839
10.668072
10.695473
10.746367
10.767252
10.826809
10.643528
11.139447
10.455927
10.676043
10.613010
10.631653
10.699526
10.709937
10.746187
10.455808
10.756183
10.850727
10.696249
10.635077
10.409182
10.987106
10.766886
10.824774
10.847766
10.674629
10.644656
10.496812
10.617316
10.600013
10.468132
10.588736
10.702580
10.672161
10.649682
10.738495
10.768413
10.734946
10.842175
10.931321
10.714846
10.729233
10.731397
10.618232
10.425070
10.603310
10.662667
10.460164
10.632524
10.888026
10.552193
10.672187
10.576576
10.516930
10.689998
10.578539
10.678633
10.899301
10.646152
10.488173
10.701556
10.664649
10.795425
10.624227
10.643704
10.653296
10.659970
10.631753
10.653549
10.585575
10.829219
10.714832
10.745729
10.571245
10.752416
11.081421
10.979277
10.851379
10.664570
10.652805
10.968828
10.775409
10.649229
10.721061
10.720935
10.875633
10.717011
10.769309
10.880576
10.780690
10.790184
10.571794
10.742373
10.688025
10.569930
10.749434
10.659053
10.802940
10.568988
10.659670
10.684133
10.616629
10.525454
10.693706
10.743616
10.697591
10.699670
10.674738
10.695641
10.859249
10.527751
10.805356
10.687884
10.835670
10.798633
10.685613
10.517506
10.775513
10.955267
10.651607
10.556248
10.639378
10.918949
10.724992
10.884570
10.871420
10.741804
10.638251
10.670451
10.637607
10.615231
10.562264
10.839419
10.648865
10.587107
10.647580
10.899199
10.738146
11.128430
10.578012
10.729424
10.836550
10.623345
10.594563
10.744606
10.839098
10.495800
10.618276
10.689935
10.660438
10.729655
10.648876
10.688186
10.739286
10.698693
10.551541
10.659173
10.762735
10.776732
10.831169
10.584245
11.047672
10.601842
10.681200
10.922584
10.754140
10.602691
10.676381
10.557762
10.812713
10.825267
10.926341
10.715562
10.670862
10.853518
10.382494
10.983767
10.677060
10.649829
10.820090
11.093034
10.774573
10.734663
10.674618
10.665140
10.599429
10.717334
10.585662
10.812990
10.538658
10.875708
10.690741
10.575992
10.495742
10.694563
10.575344
10.660980
10.738818
10.668381
10.730249
10.668993
10.732871
10.631107
10.837061
10.497070
10.788177
10.500175
10.446553
10.559025
10.653393
10.751028
10.693117
10.844854
10.762650
10.824229
10.476387
10.588528
10.800901
10.596383
10.656244
10.598047
10.555229
10.737516
10.704064
10.601471
10.485750
10.974584
10.477631
10.947347
10.678663
10.769186
10.643893
10.696647
10.629362
10.960677
10.804074
10.609040
10.948686
10.431175
10.474141
10.561971
10.633141
10.742438
10.718464
10.581206
10.636740
10.658160
10.704180
10.737227
10.590860
10.687526
10.594043
10.775653
10.608069
10.845473
10.737201
10.950728
10.454565
10.597264
10.685478
10.746671
10.800277
10.672585
10.700198
10.667520
10.690896
10.657694
10.684889
10.665211
10.772209
10.659175
10.460264
10.867821
10.556937
10.886648
11.035657
10.795686
10.425695
11.075294
10.545093
10.763866
10.640448
10.542362
10.743707
10.551514
10.819054
10.622960
10.731790
10.676146
10.741404
10.401866
10.738950
10.691933
10.971059
10.574927
10.540024
10.744231
10.760771
10.579841
10.698063
10.644054
10.417084
10.574257
10.879513
10.593970
10.733235
10.655692
10.673679
10.621768
10.810501
10.815160
10.561495
10.677955
10.730505
10.749637
10.922331
10.803280
10.688621
10.663510
10.805412
10.669354
10.681978
10.959263
10.558005
10.452526
10.702643
10.503024
10.730925
10.611591
10.713946
10.598919
10.590190
10.875931
10.982921
10.690286
10.723735
10.684845
10.685726
10.437504
10.669107
10.698376
10.695480
10.753423
10.759539
10.859589
10.710555
10.742484
10.584712
10.705655
10.715006
10.731882
10.577908
10.661501
10.770531
10.677640
10.475574
10.667868
10.607326
10.948860
10.762999
10.620135
10.739716
10.570358
10.510808
10.781562
10.677765
10.730466
10.768427
10.822473
10.676390
10.626108
11.068333
10.923439
10.913954
10.658034
10.895451
10.816236
10.444349
10.689527
11.205493
10.895677
10.761062
10.788415
10.603193
10.852850
10.791997
10.615140
10.498140
10.891980
10.733037
10.653043
10.616662
10.893650
10.487874
10.886984
10.754712
10.810720
10.732573
10.665659
10.657857
10.630703
10.634192
10.582114
10.880712
10.618007
10.839050
10.801323
10.616034
10.725431
10.819948
10.741706
10.805545
10.639343
10.728812
10.687753
10.812423
10.581753
10.995806
10.753271
10.673164
10.598025
10.615537
10.662891
10.897047
10.475874
10.491178
10.768706
10.905236
10.698201
10.711307
10.638397
10.635192
10.720166
10.774284
10.869485
10.590302
10.742913
10.838786
10.651183
10.707793
10.597386
10.677274
10.720332
10.783143
10.664611
10.790311
10.589762
10.802935
10.649162
10.383430
10.642158
10.565589
10.539353
10.911341
11.052140
10.680790
10.412013
10.878079
10.536392
10.771300
10.566199
10.799324
10.686732
10.571699
10.763574
10.715502
10.810098
10.720745
10.671915
10.626456
10.614617
10.809387
10.710280
10.949210
10.796697
10.661915
10.870643
10.548809
10.667717
10.702072
10.862577
10.775088
10.647819
10.772182
10.859926
10.806364
10.835943
10.937593
10.546347
10.708755
10.545585
10.805248
10.706532
10.548406
10.532265
10.888686
10.802742
10.756678
10.731791
10.744111
10.555268
10.758140
10.980331
10.618491
10.719687
10.956698
10.889081
10.724062
10.667328
10.737590
10.869209
10.766832
10.687463
11.057382
10.628327
10.700010
10.679527
10.544664
10.651960
10.783662
10.616966
10.700894
10.862376
10.654684
10.538142
10.569555
10.565308
10.862346
10.569524
10.741456
10.750932
10.705758
10.666740
10.722060
10.702382
10.720666
10.447078
10.914025
10.913322
10.826968
10.836490
10.908860
10.766303
10.719763
10.731973
10.871038
10.725162
10.694857
10.797146
10.604357
10.806515
10.860872
10.738724
10.735533
10.660683
10.665848
10.499132
10.690808
10.405233
10.738527
10.812059
10.629548
10.724789
10.679306
10.646537
10.778771
10.698575
10.634884
10.766688
10.810188
10.572677
10.767564
11.049459
10.704385
10.640378
10.710643
10.912382
10.778762
10.853243
10.690174
10.574107
10.572231
10.741485
10.671175
10.716719
10.659448
10.692600
10.866864
10.524570
10.659644
10.725832
10.632269
10.515340
10.630779
10.816746
10.696085
10.557830
10.775987
10.735509
10.620580
10.839723
10.680527
10.687968
10.628978
10.494355
10.695875
10.681268
10.723820
10.459900
10.645994
10.884398
10.574622
10.574759
10.681971
10.622364
10.906800
10.710123
10.622002
10.935691
10.724119
10.661888
11.051507
11.162860
10.980618
10.751431
11.024712
10.708697
10.689565
10.572934
10.575961
10.722255
10.958104
10.975425
10.579641
10.700263
10.626659
10.660879
10.893355
10.686588
10.841296
10.538985
10.839178
10.576762
10.787766
10.548860
10.744115
10.722559
10.827047
10.709791
10.605425
10.837434
10.616378
10.588490
10.635933
10.716848
10.756397
10.770304
10.789059
10.692733
10.615319
11.043978
10.908674
10.660280
10.871593
10.834604
10.628600
10.640647
10.790820
10.738256
10.636022
10.712899
10.922479
11.063999
10.652299
10.658458
10.753365
10.772387
10.609464
10.959973
10.885993
10.755581
10.668600
10.651410
10.760522
10.680931
10.836019
10.675234
10.938015
10.632884
10.796433
10.670541
10.826699
10.736238
10.838644
10.539150
10.516200
10.931613
10.726372
10.485311
10.677764
11.013504
10.568372
10.933963
10.605134
10.851364
10.603587
10.621478
10.458609
10.664593
10.590980
11.099132
10.694125
10.661103
11.103913
10.867632
10.940235
10.689821
10.781805
10.741632
10.624527
10.685758
10.977777
10.564895
10.905253
10.703119
11.016221
10.581960
10.483683
10.715183
10.714684
10.612688
10.546000
10.660168
10.500250
10.441660
10.633389
10.657533
10.774224
10.508204
10.417977
10.651296
10.679161
10.644543
10.542699
10.700211
10.570379
10.589231
10.850401
10.960325
10.603845
10.901267
10.556157
10.627883
10.723484
10.786215
10.572388
10.643794
10.549917
10.831681
10.987265
10.738539
10.514900
10.693846
10.765823
10.575363
10.713611
10.927106
10.755724
10.856854
10.700455
10.682511
10.788220
10.684216
10.723771
10.600617
10.671940
10.722101
10.604539
10.657215
10.602001
10.657875
10.502113
10.718983
10.632407
10.912296
10.641681
10.479943
10.778025
10.564853
10.618128
10.852248
10.632072
10.647248
10.661686
10.538918
10.682349
10.683889
10.609865
10.604452
10.826505
10.527459
10.541366
10.807318
10.942242
10.767568
10.695111
10.646866
10.447036
10.609226
10.805575
11.088294
10.677974
10.647930
10.717805
10.566387
10.465076
10.689030
10.647071
10.624515
10.809061
10.713965
10.978755
10.797884
10.673967
10.609895
10.637745
10.738814
10.586998
10.645024
10.575115
10.622072
10.699887
10.641097
10.713301
10.784550
10.791375
11.100793
10.620378
10.530965
10.642800
10.589625
10.698845
10.524888
10.639956
10.823583
10.730763
10.621443
10.745501
10.663002
10.723786
10.745055
10.586292
10.789997
10.701991
10.879700
10.631884
10.841071
10.677189
10.621109
10.644739
10.559671
10.753486
10.633257
10.722819
10.717886
10.991720
10.738319
10.555563
10.657248
10.758015
10.548996
10.745399
10.505494
10.634398
10.862942
10.723220
10.444260
10.243036
10.804585
10.573758
10.762210
10.821259
10.697533
10.522968
10.726663
10.676672
10.843616
10.857479
10.811242
10.620436
10.804799
10.646292
10.612732
10.865190
10.614098
10.765382
10.650148
10.677952
10.753168
10.689436
10.677708
10.638556
10.684176
10.621411
10.568620
10.545691
10.793693
11.025396
10.785882
10.606051
10.637771
10.839099
11.018189
10.822392
10.602225
10.896821
10.489755
10.595579
10.560676
10.724678
10.543104
10.753672
10.870881
10.479798
10.576624
10.716486
10.473879
10.684458
10.607673
10.500867
10.653073
10.679051
11.026689
10.571231
10.529366
10.546461
10.754175
10.842235
10.880203
10.492363
10.532784
10.657376
10.948391
10.570624
10.535275
11.044922
10.481810
10.767946
10.716116
10.911553
10.614408
10.460578
10.667469
10.742117
10.649989
10.594154
10.548028
10.715237
10.732478
10.581517
10.877986
10.420653
10.824452
10.663245
10.597371
10.649210
10.746730
10.674158
10.748264
10.640166
10.816186
10.756641
10.719050
10.580322
10.526796
10.727691
10.810732
10.662913
10.640318
10.797682
10.697263
10.556352
10.512419
10.747240
10.714962
10.693169
10.831787
10.750861
10.701960
10.605110
10.575200
10.691559
10.643553
10.655001
10.674471
10.845701
10.800398
10.797288
10.603807
10.654443
10.749314
10.787120
10.809482
10.687980
10.652482
10.947708
10.791370
10.602552
10.712705
10.570990
10.607943
10.579397
10.936496
10.701939
10.480146
10.672381
10.736444
10.617247
10.802966
10.590928
10.838894
10.670241
10.953732
10.757952
10.554563
10.782465
10.769181
10.584870
10.738605
10.647185
10.841571
10.619404
10.517912
10.635328
10.400021
10.711422
10.574647
10.663894
10.864624
10.995848
10.615646
10.623038
10.557466
10.717290
10.590603
10.699492
10.505215
10.704728
10.517175
11.030721
10.584658
10.623885
11.031601
10.570352
10.641823
10.756655
10.862235
10.622861
10.523458
10.743433
10.810387
10.830071
10.580189
10.643498
10.695743
10.674985
10.642685
10.610642
10.716959
10.553106
10.680715
10.533176
10.624951
10.821152
10.908244
10.732415
11.186913
10.826273
10.762049
10.918205
10.758178
10.570347
10.604854
10.984660
10.543247
10.659531
10.559098
10.777192
10.697289
10.600734
10.680887
10.821312
10.642574
10.678368
10.612268
10.593361
10.610888
10.566443
10.671361
10.785376
10.849372
10.814871
10.544983
10.935731
10.660966
10.715141
10.610241
10.621356
10.881222
10.632819
10.587151
11.039856
10.555284
10.610708
10.808522
10.552788
10.415187
10.861634
10.660078
10.687898
10.706525
10.637029
10.539771
10.659623
10.631603
10.887941
10.647126
10.647395
10.660044
10.640259
10.793732
10.666479
10.519155
10.780865
10.620671
10.740089
10.855380
10.677288
10.668510
10.643103
10.560883
10.683016
10.568927
10.996813
10.731700
10.741889
10.733557
10.842833
10.425051
10.472683
10.834599
10.637990
10.541270
10.887202
10.594973
10.477902
10.754749
10.710414
10.650640
10.739064
10.804491
10.634460
10.735446
10.759791
10.637587
10.630688
10.913055
10.857221
10.582917
10.542953
10.850840
10.650576
10.659023
10.565731
11.036946
10.505439
10.849212
10.594428
10.793780
10.706161
10.823401
10.679866
11.091813
10.833664
10.636718
10.919918
10.508648
10.665189
10.676680
10.930377
10.713626
10.516404
11.138006
10.592501
10.768269
10.918272
10.502596
10.955340
10.684357
10.548850
10.690042
10.515125
11.049167
10.659979
10.927955
10.623580
10.586733
10.590051
10.580482
11.002709
10.806346
10.737336
10.788367
10.663060
10.733369
10.706268
10.719040
10.666753
10.711056
10.498106
10.632332
10.455129
10.684871
10.723324
10.601086
10.714354
10.759152
10.441946
10.688702
10.607226
10.556219
10.758164
10.805608
10.616076
10.749865
10.682094
10.717653
10.616171
10.672618
10.900488
10.761463
10.590548
10.575322
10.687567
10.765480
10.474283
10.845634
10.816714
10.550889
10.554916
10.787569
10.753966
10.753878
10.779456
10.604892
10.756165
10.599243
10.667040
10.554631
10.568141
10.715428
10.621849
11.021779
10.595166
10.595844
10.636119
10.590244
10.654018
10.628361
10.575164
10.697475
11.004991
10.620816
10.611274
10.782125
10.552844
10.815199
10.610356
10.821667
10.777421
10.781622
10.505112
10.739202
10.915708
10.861816
10.613613
10.645650
10.476165
10.656823
10.317931
10.621617
10.791734
10.485420
10.591680
10.944457
10.683406
10.514086
10.653857
10.669186
10.570044
10.667882
10.629329
10.766851
10.515798
10.588156
10.610022
10.769683
10.598931
10.663221
10.693965
10.938471
10.729154
10.997718
10.752211
10.568681
10.705762
10.582563
10.723562
11.121788
10.575616
10.551377
10.744605
10.593018
10.528000
10.707926
10.597935
10.550051
10.651271
10.709662
10.774323
10.781573
10.671074
10.641458
10.763741
10.731707
10.860931
10.577931
10.580270
10.953891
10.971131
10.677868
10.568652
10.815630
10.761791
10.537756
10.796293
10.548058
10.668320
10.863097
10.782226
10.699740
10.884556
10.747308
10.666147
10.930992
10.858817
10.775912
10.561114
10.641091
10.681485
10.635040
10.821903
10.783705
10.718307
10.556508
10.675212
10.601184
10.692389
10.650131
10.858569
10.739474
10.633982
10.949641
10.744209
10.730422
10.587737
10.775629
10.866169
10.817431
10.704571
10.728267
10.593118
10.593524
10.467116
10.893421
10.688846
10.560204
10.761936
10.788176
10.507398
10.673398
10.609319
10.650674
10.841512
10.740796
10.804688
10.869868
10.578633
10.722885
10.687357
10.531635
10.494148
10.867957
10.710645
10.593400
10.447136
10.855907
10.672618
10.510583
10.885440
10.651699
10.741822
10.442223
10.761758
10.557860
10.754591
10.684068
10.556104
10.482410
10.515268
10.991012
10.991978
10.708167
10.748069
10.732263
10.797886
10.765393
10.842833
10.864652
10.507161
10.661209
10.671620
10.549876
10.905633
10.747958
10.755069
10.655048
10.662258
10.415963
10.985165
10.750273
10.557230
10.552316
10.772383
10.693974
10.726365
10.818771
10.618814
10.745127
10.546807
10.666325
10.798859
10.702381
10.390662
11.146023
10.664776
10.836300
10.618869
10.551058
10.590830
10.669476
10.644342
10.507187
10.762303
10.636328
10.817079
10.674247
10.807442
10.922703
10.467857
10.772619
10.514018
10.593042
10.527310
10.623977
10.674316
10.695603
10.779478
10.756567
10.783539
10.656300
11.143332
10.684443
10.546333
10.718216
10.730106
10.527619
10.548613
10.583155
10.637477
10.678212
10.684865
10.665905
10.822772
10.708462
10.587055
10.657021
10.606777
10.712148
10.634253
10.792715
11.119913
10.521138
10.700472
10.657839
10.661656
10.603324
10.639128
10.482434
10.612141
10.751726
10.732472
10.720396
10.939585
10.664400
10.697125
10.639627
10.695781
10.545520
10.799007
10.796141
10.681559
10.668264
10.804316
10.686641
10.825708
10.977504
10.726961
11.112882
10.450782
10.493992
10.626856
10.740415
10.630361
10.638458
10.678742
10.655178
10.702609
10.807161
10.783900
10.905920
10.717123
10.815642
10.512984
10.985265
10.520505
10.649804
10.704277
10.785994
10.745309
10.457815
10.547025
10.565745
10.631215
10.684332
10.620993
10.682137
10.466308
11.005109
10.725887
10.794653
10.763528
10.844858
10.700857
10.846624
10.791141
10.759747
10.879533
10.689140
10.707603
11.395173
10.961879
10.725116
10.573793
10.611174
10.700899
10.824265
10.584599
10.599074
10.712234
10.549034
10.678684
10.576943
10.661858
10.725071
10.567565
10.869096
10.694732
10.848937
10.787173
10.690051
10.735532
10.707782
10.556656
10.957271
10.689434
10.616079
10.466105
10.828148
10.671843
10.601439
10.448044
10.597289
10.634777
10.678827
10.586820
10.858247
10.762771
10.621721
10.874581
10.927109
10.704473
10.871239
10.552602
10.627668
10.636041
10.584013
11.124845
10.544387
10.647161
10.611478
10.648500
10.649179
10.688559
10.618528
10.785338
10.586432
10.993846
10.855991
10.657594
10.668681
10.605280
10.692947
10.957108
10.542470
10.577499
10.842693
10.719384
10.624809
10.822044
10.684809
10.654115
10.644869
11.137249
10.698951
10.649752
10.749925
10.686315
10.604778
10.652542
10.705639
11.012380
10.845085
10.612583
10.864889
10.767895
10.514510
10.722775
10.637144
10.651195
10.692063
10.952515
10.682805
10.642335
10.799982
10.810761
10.739186
10.512097
10.602637
10.594240
10.658736
10.819991
10.691392
10.657654
10.504896
10.511295
10.804618
10.826021
10.669640
10.640989
10.664982
10.700272
10.780016
10.621258
10.912372
10.598853
10.710788
10.990702
10.794113
10.814940
10.764296
10.585157
10.381074
10.573032
10.689195
10.661388
10.701890
10.690665
10.596188
10.760604
10.640596
10.824687
10.602969
10.851863
10.683499
10.795279
10.560907
10.571667
10.780169
10.610321
10.581612
10.714914
10.740285
10.872144
10.872144
