11.072638
10.761128
10.544667
10.652175
10.713326
10.791381
10.698273
10.813038
10.572060
10.700938
10.623125
10.729405
10.652489
10.784527
10.706525
10.622334
10.699321
10.480971
10.912922
11.181212
10.672648
11.020216
10.858307
10.665588
10.747834
10.775286
10.586005
10.605741
10.483821
10.741723
10.915336
10.795398
10.938779
10.628982
10.511781
10.709933
10.750331
10.792779
10.585782
10.585599
10.557397
11.117358
10.772268
10.698104
10.576139
10.619342
10.505749
10.794138
10.641175
10.617667
10.682097
10.995501
10.701898
10.576246
10.679166
10.678634
10.750773
10.598913
11.006421
10.681246
10.810410
10.731886
10.680145
10.942961
10.654304
10.675823
10.866677
10.673626
10.679684
10.737170
10.766214
10.725524
10.383550
10.520887
10.686567
10.727132
10.811049
10.611076
10.877829
10.586084
10.742322
10.714143
10.669665
10.711808
10.714006
10.727416
10.505711
10.855129
10.661503
10.561520
10.782738
10.828269
10.707650
10.847350
10.776285
10.903490
10.684591
10.712868
10.874808
10.642996
10.670735
10.997573
10.997234
10.601643
10.720539
10.505194
10.788550
10.889103
10.663082
10.755886
11.096289
10.681125
10.497344
11.179690
10.739461
10.926855
10.772891
10.655985
10.630328
10.750691
10.791189
10.835842
10.753142
10.600186
10.432379
10.537638
10.531662
10.535094
10.823540
10.749818
10.729076
10.752711
10.658816
10.689184
10.679926
10.480437
10.820951
10.947235
10.684405
10.567860
10.426440
10.700303
10.456192
10.548068
10.840362
10.823292
10.760723
10.762837
10.598301
10.648291
10.594216
10.736830
11.011440
10.691521
10.868773
10.733755
10.574241
10.666489
10.437682
10.424503
10.857885
10.569443
10.590889
10.742801
10.543578
10.862999
10.777491
10.836378
10.863948
10.511800
10.869312
10.546527
10.609224
10.620200
10.690286
10.577974
10.594139
10.608496
10.616088
10.689503
10.787026
10.859997
10.760159
10.725784
11.016130
10.549659
10.781793
10.660406
10.745876
10.610068
10.651147
10.784357
10.653582
10.704490
10.605868
10.682831
10.814104
10.686283
10.631969
10.710112
10.615697
10.753055
10.634363
10.789433
10.601686
10.507684
10.737310
10.582620
10.895932
10.729209
10.719384
10.864592
10.665799
10.756809
10.909416
10.903484
10.586465
10.868641
10.644126
10.666264
10.626910
10.722404
10.758648
10.817155
10.787461
10.592195
10.585181
10.572176
10.699233
10.623881
10.751650
10.705752
10.849318
10.606731
10.552438
10.792028
10.809184
10.642931
10.818204
10.824635
10.801521
10.774902
10.634345
10.819730
10.591262
10.601492
10.567146
10.597808
10.700546
10.607732
10.531003
10.637412
10.696462
10.435350
10.649173
10.659226
10.550982
10.606165
10.714502
10.675827
11.012052
11.209390
10.684591
10.829344
10.819224
10.775692
10.729609
10.816991
10.767928
10.554206
10.715928
10.748902
10.626351
10.747935
10.606965
10.684896
10.756562
10.653773
10.617004
11.032161
10.747872
10.493240
10.604781
10.773839
10.822143
10.762014
10.727786
10.925830
10.561272
10.570976
10.656601
10.893984
10.591930
10.669679
10.772520
10.827449
10.579073
10.855812
10.560613
10.901014
10.550095
10.683223
10.853500
10.743974
10.584877
10.761038
10.625061
10.624391
10.785771
10.481679
10.654031
10.675888
10.615201
10.775737
10.579021
10.891769
10.786575
10.642041
10.642714
10.616096
10.520502
10.872158
10.678752
10.699200
10.687837
10.785677
10.518424
10.698344
10.871213
10.687721
10.557046
10.804822
10.505829
10.799530
10.719363
10.709222
10.631151
10.733021
10.735981
10.846846
10.715262
10.508811
10.607944
10.834721
10.616947
10.836727
10.857672
10.620134
10.685811
10.780202
10.633576
10.623359
10.710703
10.803934
10.927141
10.732489
10.505787
10.823084
10.671068
10.641750
10.752340
10.823572
10.944821
10.812184
10.617528
10.596933
10.752144
10.675864
11.085851
10.821274
10.549130
10.738326
10.545309
10.690361
10.616141
10.819115
10.954728
10.746668
10.690599
10.835768
10.717298
10.725414
10.531866
10.654430
10.639212
10.740837
10.787499
10.963734
10.617032
10.892905
10.609730
10.526076
10.805492
10.708439
10.477307
10.745917
10.529113
10.716311
10.761496
10.538361
10.596475
10.850033
10.505324
10.585779
10.977621
10.899392
10.645264
10.985405
10.739104
11.251337
10.747876
10.632618
10.813907
10.581164
10.689059
10.638966
10.793511
10.457685
10.653632
10.682489
10.821002
10.761195
10.741749
10.659069
10.783319
10.998455
10.571574
10.655582
10.574983
10.643257
10.764104
10.708963
10.610665
10.731961
10.944118
10.815392
10.737534
10.728882
10.879978
10.556324
10.590706
10.787981
10.778579
10.756409
10.744783
11.276024
10.544174
10.639511
10.702210
10.845097
10.601752
10.611594
10.884708
10.768044
10.785236
10.667098
10.532745
10.715972
10.657580
10.829278
10.715347
10.814974
10.835023
10.844145
10.764310
10.617157
10.632491
10.684551
10.812420
10.606796
10.676493
10.600232
10.625922
10.576675
10.755808
10.673651
10.753786
10.721694
10.990627
10.520584
10.810121
10.867342
10.835286
10.737665
10.907945
10.682516
10.773745
10.556538
10.523722
10.579803
10.871815
10.742231
10.576926
10.530248
10.789224
10.533681
10.800056
10.684070
10.618488
10.617376
10.712774
10.525222
10.947080
10.676607
10.772779
10.754263
10.518307
10.713991
10.927963
10.731253
10.704847
10.840660
10.481376
10.717726
10.596481
10.647969
10.627392
10.777297
10.627932
10.647032
10.628063
10.670037
10.728847
10.900104
10.959557
10.544653
10.576056
10.641201
10.598871
10.762101
10.770372
10.923295
10.543520
10.656156
10.894331
10.700912
10.551685
10.739309
10.642605
10.605300
10.575904
10.601560
10.818199
10.631104
10.571690
10.619430
10.937412
10.774636
10.660379
10.897499
10.670285
10.625347
10.765896
10.669913
10.612557
10.706035
10.712012
10.774139
10.508716
10.738355
10.774825
10.837102
10.863805
10.844184
10.596150
10.690076
10.744582
10.595114
10.539222
10.752126
10.613375
10.714402
10.609655
10.947548
10.569911
10.641121
10.646018
10.538652
10.597926
10.627573
10.559449
10.495208
10.798116
10.744832
10.811896
10.657829
10.890810
10.680713
10.681230
10.798223
10.580527
10.668281
10.564267
10.656230
10.602604
10.782536
10.685945
10.755263
10.709119
10.690800
10.577054
10.516480
10.861929
10.674820
10.761515
10.932462
10.912877
10.732312
11.159931
10.685817
10.665438
10.781680
10.610430
10.795695
11.236859
10.591849
10.583257
10.684430
10.685075
10.647442
10.829493
10.830825
10.662573
10.677517
10.502158
10.596225
10.622093
10.407041
10.771908
10.984857
10.770811
10.594622
10.799490
10.535281
10.770267
10.806320
10.865101
10.608924
10.634507
10.680562
10.609983
10.644757
10.925798
10.629550
10.604709
10.685491
10.737016
10.481566
10.828573
10.841660
10.587323
10.521826
10.982216
10.739302
10.937943
10.731659
10.821269
10.833654
10.783914
10.785992
10.746960
10.862887
10.708438
10.525325
10.521187
10.569801
10.844220
10.727944
10.805952
10.751882
10.676530
10.762758
10.784743
10.790529
10.777481
10.661492
10.733727
10.611043
10.786472
10.666063
10.744462
10.936865
10.655478
10.580272
10.584850
10.770197
10.511358
10.771445
10.701550
10.615397
10.783477
10.724343
10.551655
10.776445
10.605532
10.656939
10.882200
10.730274
10.884763
10.609822
10.721660
10.637825
10.507188
10.474301
10.957173
10.462299
10.710173
10.548698
10.681775
10.619405
10.739391
10.514064
10.688055
10.830092
10.671374
10.848442
10.850129
10.837969
10.815778
10.579278
10.641553
10.711551
10.862790
10.746131
10.679205
10.876633
11.192153
10.683061
10.865978
10.697439
10.756190
10.738934
10.745905
10.866763
10.506824
10.605505
10.595035
10.754077
10.731813
10.463524
10.509554
10.537575
10.609792
10.520612
10.660158
10.748424
10.769061
10.481515
10.681920
10.706678
10.773258
11.002430
10.771229
10.584760
10.511052
10.519951
10.723249
10.798242
10.596465
10.692926
10.578267
10.710213
10.613261
10.719030
10.572090
10.966217
10.797712
10.643291
10.630902
10.739610
10.599667
10.891207
10.558571
10.789010
10.602644
10.739671
10.695044
10.897120
10.463022
10.802346
11.047605
10.536856
10.808384
10.719748
10.846176
10.666006
10.724887
10.860097
10.675894
10.632835
10.781541
10.349571
10.503542
10.598616
10.669574
10.735913
10.858748
10.709296
10.584942
10.562414
10.540170
10.667272
10.686065
10.649005
10.858389
10.970939
10.578922
10.494398
10.737631
10.595324
10.551979
10.513414
10.761723
10.618067
10.427152
10.721439
10.608706
10.765288
10.419652
10.895795
10.646029
10.627760
10.647755
10.617242
10.711826
10.653809
10.754621
10.809610
10.606416
10.648428
10.707961
10.584612
10.436798
11.109082
10.643510
10.576163
10.638922
10.646615
10.728355
10.662851
10.917529
10.508163
11.179630
10.843847
10.511964
10.770155
10.586564
10.680162
10.856963
10.695391
10.802893
11.155316
10.701169
10.773414
11.058925
10.834076
10.684134
10.661869
10.668521
10.642102
10.812276
10.630389
10.566276
10.666005
10.944590
10.781096
10.625686
10.523544
10.612052
10.657703
10.750621
10.745129
10.665046
10.620393
10.882479
10.791551
10.522946
10.431013
10.528252
10.495825
10.501212
10.581679
10.615820
10.641721
10.644205
10.671383
10.654993
10.782143
10.775122
10.450031
10.776436
10.948676
10.949971
10.765777
10.508949
10.433624
10.557907
11.004421
10.570413
10.643379
10.558624
10.787284
10.778746
10.498944
10.447526
10.858247
10.528139
10.700305
10.613650
10.570852
10.694432
10.646656
10.523286
10.866036
10.709676
10.689975
10.786546
10.699290
10.900259
10.905384
10.518251
10.670178
10.668131
10.649476
10.662383
10.606385
10.917946
10.709576
10.783818
10.668867
10.845684
10.629442
10.493338
10.766130
10.791082
10.643559
10.837199
10.720649
10.740313
10.667666
10.744814
10.728379
10.708198
10.806608
10.689572
10.804589
11.085541
10.754165
10.799200
10.826697
10.543016
10.440876
10.616040
10.526180
10.517137
10.743672
10.776311
10.662663
10.856407
10.472361
10.773144
10.816139
10.782837
10.863398
10.798829
10.686233
10.737498
10.766190
10.675610
10.547163
10.420094
10.571879
10.721863
10.710723
10.794422
10.768020
10.949293
10.562738
10.650155
10.707879
10.868476
10.675518
10.865908
10.700888
10.693271
10.761882
10.916897
10.798986
10.818650
10.683030
10.716964
10.856408
10.587049
10.451420
10.833759
10.870502
10.813064
10.639146
10.829256
10.518103
10.837469
10.753000
10.655075
10.799280
10.756460
10.800338
10.662607
10.488035
10.845826
10.685000
10.614801
10.622429
10.868200
10.782749
10.772945
10.708638
10.409225
10.514910
10.594438
10.554910
10.582586
10.756577
10.739719
10.868803
10.732593
10.684847
10.420625
10.677336
10.719641
10.564286
10.777535
10.447504
10.615129
10.655755
10.990270
10.828732
10.720989
10.610678
10.659938
10.500475
10.637999
10.600300
10.662089
10.830158
10.549793
10.646214
10.700582
10.811481
10.822346
10.684451
10.582275
10.892942
10.709804
10.531818
10.782202
10.656160
10.768234
10.556073
10.616037
10.538139
10.877428
10.934736
10.543694
10.578696
10.674598
10.578823
10.663391
10.600686
10.444336
10.643493
10.657537
10.820173
10.613440
10.648283
10.928643
10.775617
10.460249
10.633790
10.781891
10.749598
10.876478
10.399162
10.648307
10.594473
10.634862
10.725890
10.648392
10.613776
10.781005
10.622167
10.589019
10.773373
11.006938
10.508189
11.035266
11.214085
10.782840
10.638483
10.592545
10.749577
10.735227
10.626904
10.965515
10.591408
10.801277
10.619021
10.608878
10.567558
11.048209
10.807114
10.872040
10.922720
10.705639
10.658192
10.650656
10.885891
11.102220
10.814639
10.752009
10.671917
10.935851
10.821188
10.664964
10.515577
10.656841
10.849021
10.489544
10.561068
10.838788
10.821152
10.542675
10.644296
10.975920
10.641672
10.656455
10.733542
10.566531
10.757549
10.860369
10.715504
10.558944
10.703329
10.813476
10.685294
10.562140
10.869234
10.631054
10.801716
10.624433
10.573153
10.635438
10.639409
10.587389
10.429633
10.655916
10.781877
10.656113
10.624651
10.645401
10.568470
10.594328
10.609961
10.736922
10.715462
10.596824
10.586077
10.629379
10.837076
10.792155
10.925836
10.747893
10.659154
10.798630
10.639328
10.671269
10.759229
10.559553
10.660939
10.757069
10.518630
10.695278
10.680461
10.719242
10.550803
10.521090
10.555217
10.653732
10.780824
10.794615
10.558683
10.499016
10.665230
10.586631
10.980812
10.598519
10.726795
10.630640
10.719603
10.614876
10.726225
10.708473
10.807598
10.703186
10.765039
10.718336
10.690588
10.654631
10.674148
10.810081
10.739737
10.706671
10.756209
10.702000
10.595802
10.699759
10.619988
10.499795
10.521934
11.036440
10.854767
10.780780
10.735448
10.681976
10.783524
10.676239
10.745506
10.421906
10.795986
10.844444
10.816162
10.565768
10.677873
10.560948
10.584662
10.636652
10.461714
10.892727
10.574847
10.445142
10.694133
10.529561
10.674675
10.857971
10.687069
10.865900
10.828546
10.628624
10.547421
10.480673
10.644006
10.706723
10.725373
10.656341
10.563193
10.601558
10.649051
10.588984
10.756440
11.072407
10.726254
10.849090
10.774829
10.680458
10.439105
10.768138
10.787247
10.877629
10.760304
10.730347
10.774393
10.707404
10.810637
10.829786
10.668571
10.618095
10.810220
10.821256
10.574430
10.632600
10.703270
10.553013
10.652265
10.689013
10.779023
10.772594
10.479998
10.908338
10.654988
10.626408
10.870911
10.435679
10.491873
10.594559
10.821464
10.711890
10.553380
10.742311
10.742209
10.653136
10.584060
11.145675
10.714876
10.640603
10.632283
10.650128
10.849403
10.642918
10.559011
10.700773
10.598285
10.748304
10.666406
10.803768
10.555787
10.831350
10.585136
10.815803
10.785496
11.127044
11.009154
10.551159
10.902855
10.617237
10.634991
10.893547
10.807555
11.047852
10.803603
10.517699
10.642376
10.605136
10.664440
10.536929
10.569970
10.761894
10.913617
10.656324
10.656702
10.602939
10.519193
10.562324
10.671858
10.887314
10.971557
10.730285
10.756075
10.726032
10.685170
10.501382
10.704680
10.651380
10.785835
10.535180
10.932641
10.671728
10.728827
10.530829
10.671657
10.886114
10.793492
10.801930
10.771232
11.156958
10.763210
11.184488
10.780646
10.442109
10.693687
10.668841
10.616649
10.586807
10.432047
10.735970
10.728511
10.764722
10.871467
10.841149
10.648708
10.665562
10.650006
10.712466
10.576199
10.605966
10.458263
10.632372
10.590299
10.618093
10.797778
10.584133
10.855622
10.710692
10.681569
10.706512
10.663542
10.690402
10.636710
10.450697
10.663107
10.627220
10.512262
10.762812
10.648994
10.755392
11.066851
10.593379
10.663844
10.724896
10.693376
10.825702
10.694729
10.485143
10.521654
10.523382
10.627946
10.815854
10.604981
10.914879
10.679870
10.636170
10.486541
10.539039
10.968377
10.592618
10.405856
10.587948
10.894202
10.664862
10.703426
10.389003
10.666916
10.682086
10.674293
10.498486
10.708294
10.571575
10.589892
10.633214
10.797453
10.780721
10.698647
10.735439
10.691183
10.577239
10.987102
10.712177
10.861206
10.732883
10.571120
10.541466
10.598373
10.841897
10.787793
10.740165
10.697966
10.733148
10.832303
10.952327
10.938780
10.598250
10.819186
10.734331
10.656112
10.791353
10.627248
10.565672
10.723991
10.611649
10.624614
10.619824
10.599733
10.662779
10.842679
10.771278
10.947466
10.785523
10.623217
10.552469
10.793077
10.651408
10.769051
10.817054
10.756625
10.701418
10.607711
10.561054
10.703566
10.709280
10.778937
10.594420
10.620562
10.586325
10.690089
10.668873
10.626029
10.815819
10.806119
10.658371
10.793177
10.676730
10.718817
10.973547
10.585756
10.795402
10.660902
10.828668
10.848356
10.504034
10.637920
10.749298
10.457033
10.828359
10.632043
10.744681
10.806836
10.536633
10.621928
10.799759
10.522009
10.519935
10.873582
10.595522
10.724682
10.689916
10.514166
10.639098
10.755632
10.468233
10.783266
10.754125
10.781778
10.822431
10.532911
10.724374
11.024751
10.735390
10.627851
10.562456
10.573007
10.661093
10.718199
10.748822
10.603781
10.775986
10.809374
10.821804
10.798728
10.522490
10.721956
10.625290
10.700246
11.157762
10.723269
10.648111
10.544151
10.675939
10.456366
10.835580
10.784977
10.770922
10.692268
10.911069
10.557933
10.760149
10.631598
10.883136
10.793656
10.611716
10.534041
10.578749
10.593819
10.853898
10.645428
10.636150
10.730997
10.706800
10.638230
10.658218
10.755336
10.605258
10.508268
10.597450
10.629044
10.823386
10.654418
10.841762
10.664743
10.666279
10.631696
10.642404
10.732026
10.492489
10.631561
10.696963
10.744949
10.559787
10.952808
10.752428
10.662680
10.895146
10.721945
10.560383
10.641051
10.750802
10.939738
10.797787
10.742806
10.897988
10.677936
10.855251
10.629581
10.717905
10.644940
10.703320
10.583602
11.034427
10.526953
10.718683
10.698861
10.614234
10.618858
10.830577
10.908620
10.658926
10.424908
10.707011
10.628615
10.565050
10.436147
10.599461
10.716510
10.782196
10.768334
10.658432
10.607262
10.694964
10.715233
10.623798
10.550673
10.593927
10.732215
10.614101
10.714666
10.475968
10.522661
10.560551
10.690176
10.731691
10.535912
10.605913
10.642247
10.673265
10.728889
10.558553
10.842336
10.751420
10.679389
10.923274
11.004665
10.416985
10.670241
10.663207
10.542228
10.779295
11.152151
10.702051
10.608976
10.657561
10.611569
10.696060
10.800611
10.708696
10.719542
10.561118
10.751954
10.696225
10.687856
10.654720
10.854790
10.682739
10.983496
10.914886
10.739070
10.652760
10.707446
10.616217
10.795959
10.609438
10.501430
10.699689
10.463769
10.770699
10.765282
10.933174
10.757805
10.719067
10.718481
10.430952
10.548703
10.542012
10.699615
10.546205
10.783965
10.763871
10.769515
10.600293
10.612638
10.702598
10.634970
10.678545
10.616169
11.147270
10.589180
10.723327
10.702286
10.638767
10.895374
10.760350
10.581708
10.742867
10.838757
10.756990
10.682789
10.995779
10.835850
10.846052
10.729236
10.420245
10.592331
10.682392
10.635795
10.472979
10.958061
10.510335
10.585482
10.748126
10.544186
10.758541
10.738188
10.822384
10.472904
10.639561
10.769366
10.428862
10.458542
11.003916
11.067027
10.799660
10.628600
10.723946
10.708285
10.789256
10.551828
11.037033
10.661415
10.679432
10.440389
10.634945
10.521364
10.755316
10.539457
10.815997
10.905185
10.726883
10.800508
10.575249
10.743223
10.686273
10.553883
10.464721
10.633495
10.632124
10.512068
10.710864
10.545566
10.576932
10.744202
10.569985
10.645001
10.682115
10.649572
10.771165
10.612836
10.822093
10.600793
10.662376
10.687328
10.798333
10.615725
10.741321
10.604024
10.904106
10.554777
10.551451
10.602491
10.655520
10.864787
10.790416
10.842593
10.608713
10.618407
10.612617
10.716003
10.637408
10.592496
10.619163
10.371163
10.532402
10.708562
10.962549
10.667361
10.510155
10.753052
10.582884
10.738392
10.668284
10.571455
10.673369
10.557841
10.559715
10.677523
10.774370
10.548562
10.692050
10.991253
10.711434
10.644613
11.116584
10.816002
10.645162
10.704670
10.668863
10.631500
10.649262
10.748794
10.633497
10.512813
10.742683
10.321233
10.562959
10.590486
10.801242
10.873823
10.870211
10.773224
10.736467
10.631809
10.710963
10.784925
11.009378
10.605213
10.644033
10.690561
10.469670
10.781015
10.788417
10.627954
10.812754
10.749112
10.685498
10.569743
10.644677
10.849189
10.717832
10.450544
10.631871
10.636088
10.660046
10.580672
10.725325
10.894082
10.932402
10.679511
10.441278
10.669413
10.648680
10.519193
10.716164
10.664486
10.704373
10.700764
10.631384
10.778353
10.611516
10.990553
10.650225
10.690605
10.614323
10.636697
10.596983
10.182241
10.377567
10.444505
10.721170
10.662997
11.005545
10.797945
10.644691
10.403214
10.843310
10.566964
10.773679
10.798365
10.838458
10.765943
10.660903
10.653626
10.689855
10.922760
10.814406
10.426752
10.646755
10.769290
10.617793
10.694887
10.758491
10.574384
10.815822
10.846888
10.557897
10.496903
10.836267
10.691610
10.580817
10.513932
10.644698
10.692029
10.633582
10.691472
10.678835
10.539857
10.644289
10.605699
10.604132
10.694444
10.859100
10.683351
10.852748
10.479314
10.596335
10.727490
10.660791
11.190732
10.776170
10.667584
10.681586
10.649512
10.498120
10.708899
10.624690
10.903130
10.675006
10.727563
10.535629
10.737554
10.646706
10.629283
10.612431
10.606894
10.638592
10.641998
10.618853
10.640031
10.617046
10.678579
10.481940
10.539549
10.646393
10.863483
10.654441
10.575981
10.943306
10.482900
10.535770
10.729185
10.619669
10.486919
10.621390
10.785938
10.773458
10.558380
10.789280
10.920913
10.517927
10.566282
10.498819
10.467128
10.432702
10.771557
10.878827
10.578587
10.784623
10.748189
10.737536
10.980153
10.629124
10.837186
10.926636
10.508591
10.656926
10.698848
10.710384
10.735485
10.503537
10.721376
10.537824
10.715441
10.772992
10.667550
10.650280
10.848925
10.580187
10.741134
10.400265
10.729606
10.585217
10.607944
10.571990
10.661803
10.682759
10.825494
10.692029
10.862713
10.910025
10.736796
10.726109
10.757884
10.682888
10.611018
10.702123
10.750294
10.545034
10.931109
10.735962
10.754397
10.586180
10.966528
10.696288
10.629787
10.724648
11.007290
10.693396
10.566414
10.716254
10.846892
10.694954
10.517327
11.020153
10.669142
10.758961
10.722743
10.677566
10.635893
10.849078
10.882591
10.874516
10.673107
10.740390
10.726579
10.795531
10.725655
10.656758
10.617090
10.594952
10.601861
10.686631
10.705849
10.690560
10.759540
10.866024
10.674512
11.081880
10.718418
10.772139
10.626306
10.789677
10.577233
10.560251
10.692389
10.532951
10.623108
10.808208
10.642229
10.726385
10.663304
10.867921
10.643225
10.609825
10.647669
10.626255
10.834327
10.550563
10.950267
10.718881
10.600658
11.187361
10.635091
10.553583
10.631338
10.669677
10.743111
10.568709
10.640566
10.618578
10.685313
10.732646
10.807342
10.642319
10.662709
10.579684
10.620716
10.727855
10.806012
10.778590
10.527494
10.491610
10.633779
10.767616
10.636329
10.734650
10.868510
10.862868
10.872714
10.645826
10.700966
10.767073
10.727653
10.517720
11.042239
10.712449
10.763443
10.547757
10.705800
10.735724
10.711568
10.508108
10.537244
10.772926
10.583278
10.701415
10.615085
10.661891
10.766613
10.460694
10.637883
10.894762
10.583937
10.606270
10.681032
10.561381
10.484960
11.073407
10.604844
10.554012
10.776256
10.618328
11.002361
11.013685
10.733554
11.022254
11.062530
10.654454
10.699172
10.769283
10.768781
10.775106
10.518617
10.706893
10.779499
10.562405
10.829276
10.710402
10.704195
10.907739
10.592805
10.770285
10.667516
10.506635
10.785440
10.498629
10.733039
10.632075
10.713440
10.780808
10.737808
10.630216
10.493962
10.830906
10.776912
10.519817
10.722507
10.852183
10.613525
10.834310
10.778780
10.667378
10.535240
10.821142
10.644330
10.709559
10.615212
10.804129
10.617643
10.702685
10.618614
11.010359
10.696388
10.591148
10.535931
10.791761
10.755478
10.531830
10.606882
10.762223
10.569331
11.370209
10.530190
10.915923
10.679002
10.778606
10.731616
10.491618
10.564259
10.771336
10.887213
10.852289
10.961065
10.682835
10.760998
10.714156
10.528544
10.668345
10.905156
10.521596
10.595919
10.723357
10.685570
10.761412
10.870618
10.702085
10.675561
10.533544
10.623355
11.000064
10.539201
10.887687
10.799677
10.526923
10.898029
10.587723
10.586627
10.661407
10.469877
10.687623
10.794707
10.590330
10.770042
10.708851
10.707946
10.528049
10.565536
11.006358
10.872905
10.776667
10.466246
10.701251
10.652495
10.659592
10.656204
10.638495
10.816279
10.519625
10.752223
10.702542
10.502496
10.525875
10.867925
10.731994
10.769399
10.951050
10.753497
10.784921
11.018730
10.533891
10.919142
10.871627
10.911884
10.783987
10.890922
10.788260
10.838300
10.471261
10.762741
10.385859
10.830892
10.643608
10.720882
10.583381
10.641213
10.577036
10.426008
10.607427
10.751867
10.819857
10.708415
10.746555
10.649494
10.621481
10.599080
10.841332
10.758606
10.688724
10.621964
10.761029
10.748355
10.571380
10.709886
10.795249
10.634184
10.662606
10.884993
10.681729
10.724276
10.924123
10.906287
10.697470
10.771647
10.868547
10.348697
10.736440
10.675875
10.729069
10.376093
10.675649
10.624560
10.703496
10.701400
10.727075
10.545067
10.765766
10.719125
10.756881
11.105088
10.794034
10.655534
10.607230
10.694291
10.667708
10.559762
10.383085
10.711519
10.646776
10.750389
10.735887
10.653700
10.507569
10.532356
10.536012
10.841372
10.974356
10.765801
10.840625
10.522609
10.699946
10.666872
10.681434
10.663379
10.781410
10.633664
10.633484
10.765454
10.729889
10.487100
10.779845
10.452903
10.709285
10.564242
10.578234
10.579012
10.729941
10.529072
10.596102
10.790458
10.865980
10.775358
10.621644
10.674535
10.605080
11.108086
10.631518
10.733569
10.519545
10.740044
10.690233
10.561725
10.974501
10.702756
10.810078
10.542441
10.518420
10.570668
10.717063
10.639031
10.880409
10.710013
10.654969
10.568744
10.640704
10.749656
10.749691
10.616836
10.707845
10.648025
10.694470
10.754383
10.816590
10.603623
10.857610
10.729986
10.734141
10.577273
10.647159
10.757118
11.055213
10.666983
10.767962
10.871881
11.007566
10.664191
10.649701
10.732818
10.786442
10.605822
10.686651
10.583788
10.740639
10.747871
10.635667
10.943242
10.607817
10.849783
10.808067
10.538447
10.755661
10.629078
10.967610
10.634734
10.790734
10.785302
10.737717
10.619981
10.688135
10.816199
10.613220
10.683173
10.651328
10.563572
10.827005
10.664895
10.552193
10.713637
10.642087
10.825569
10.830408
10.639362
10.666759
11.110583
10.705966
11.044354
10.681419
10.608236
10.579984
10.625146
10.784952
10.674173
10.766710
10.561220
10.944396
10.798282
10.668451
10.829672
10.525223
10.627586
10.702013
10.639039
10.671151
10.874134
10.833822
10.704285
10.606724
10.689055
10.744001
10.521625
10.572423
10.731087
10.535651
11.013315
10.600214
10.750292
10.547173
10.568163
10.918835
10.988186
10.566586
10.614705
10.858983
10.751953
10.739983
10.780367
10.498717
10.767684
10.779019
10.701816
10.949042
10.989074
11.248348
10.611016
10.825054
10.571552
10.748584
10.796910
10.674749
10.768227
10.977706
10.725745
10.744121
10.617359
10.688920
10.556201
10.572471
10.480787
10.715336
10.733931
10.618244
10.403250
10.763598
10.845851
10.686427
10.583347
10.576616
10.774439
10.732049
10.987781
10.776351
10.855672
10.602304
10.614151
10.676498
10.618584
10.554041
10.555995
10.635155
10.436927
10.752208
10.671804
10.782401
10.517244
10.805555
10.649557
10.904828
10.977626
10.674086
10.630320
10.591929
10.922766
10.475661
10.646218
10.724678
10.662216
10.622380
10.752337
10.668066
10.697310
10.686658
10.509897
10.977548
10.620353
10.928330
10.831087
10.713284
10.605676
10.597612
10.527034
10.990987
10.829639
10.667769
10.650226
10.830963
10.603475
10.945909
10.739106
10.663749
10.658369
10.774436
10.712821
10.648328
10.639289
10.620823
10.598340
10.653634
10.870870
10.785897
10.585342
11.229565
10.909772
10.765681
10.626992
10.722494
10.779351
10.750109
10.682640
10.550456
10.735583
10.715666
10.594262
10.721523
10.967083
10.682840
10.636095
10.821482
10.573514
10.663708
10.761894
10.347792
10.538999
10.730272
10.651737
10.479087
10.593860
10.651529
11.006001
10.661922
10.597501
10.644957
10.723686
10.750133
10.870760
10.767463
10.487903
10.683888
10.543453
10.517703
10.774274
10.571035
10.402859
10.739908
10.590074
10.678999
10.729873
10.703025
10.861641
10.761559
10.778843
10.882814
10.652286
10.552443
10.893068
10.741726
10.644965
10.674753
10.766320
10.566744
10.736991
10.560741
10.446295
10.834897
10.736430
10.747673
10.791497
10.682008
10.675469
10.564592
10.515811
10.884701
10.674271
10.663622
10.761937
10.663433
10.608487
10.703234
10.741108
10.860252
10.730636
10.736117
10.487835
10.667011
10.843778
10.791999
10.655200
10.807004
10.698999
10.663583
10.710147
10.631169
10.667634
10.743718
11.045814
10.828915
10.646117
11.030917
11.048666
10.691625
10.602361
11.125516
10.753590
10.499397
10.713479
10.599453
10.442865
10.619839
10.796550
10.603955
10.721980
10.627541
10.560647
10.583597
10.557731
10.690571
10.866984
10.697869
10.597730
10.848774
10.958332
10.646311
10.569947
10.592380
10.882163
10.656343
10.900709
10.717712
10.661203
10.722433
10.679910
10.743299
10.642959
10.730277
10.709779
10.801937
10.796557
10.631641
10.558427
10.761960
10.867448
10.493339
10.489394
10.679997
10.809643
10.770629
10.793908
10.909493
10.633561
10.707154
10.663504
10.723952
10.737851
10.866900
10.824369
10.624037
10.695349
10.543667
10.788461
10.636026
10.796440
10.669832
10.724646
10.781240
11.050409
10.635593
10.709341
10.660034
10.315321
10.469714
10.996571
10.867259
10.557700
10.524163
10.808207
10.636094
10.645413
10.769690
10.622386
10.678903
10.756053
10.879534
10.785266
10.866620
10.705224
10.534626
10.514627
10.776410
10.728683
10.527913
10.613265
10.781409
10.573310
10.695970
11.045502
10.711374
10.713610
10.918653
10.556981
10.628517
10.766029
11.053002
10.774527
10.696381
10.685721
10.822682
10.470821
10.578330
10.680096
10.928098
10.722765
10.708229
10.581305
10.765812
10.802853
10.709691
10.915975
10.547745
10.656634
10.600491
10.828930
10.697155
10.536397
10.513465
10.825382
10.700410
10.758619
10.553466
10.843200
10.678852
10.570220
10.611049
10.924982
10.630027
10.551251
10.665279
10.611436
10.741703
10.793677
10.428291
10.551340
11.059601
11.056429
10.556247
11.096732
10.619038
10.661911
10.721504
10.560783
10.575353
10.608504
10.804715
10.710300
10.600808
10.572209
10.575160
10.671987
11.117005
10.757223
10.447222
11.263830
10.617734
10.492106
10.617843
10.587429
10.717668
10.497940
10.699163
10.588980
10.730596
10.733687
10.535330
10.464710
10.641204
10.568341
10.908384
10.598516
10.818118
11.290522
11.461964
10.665117
10.848647
10.806922
10.650107
10.805107
10.783455
10.813624
10.705070
10.686579
10.532880
10.647298
10.904745
10.855630
10.703323
10.847029
10.623150
10.624617
10.628121
10.697712
10.856436
10.842562
10.851921
10.593854
10.767871
10.655416
10.798099
10.712711
10.464473
10.730485
11.079163
10.792830
10.461916
10.761413
10.726690
10.783087
10.740629
10.656198
10.462067
10.778938
10.732066
10.851117
10.485808
10.736622
10.538707
10.821155
10.601461
10.642034
10.689245
10.818212
10.697582
10.646178
10.399581
10.793353
10.468312
10.609729
10.364167
10.631476
10.818027
10.837007
10.615786
10.763720
10.918725
10.733498
10.709231
10.769109
10.492624
10.769782
10.639498
10.549665
10.911570
10.986672
10.784395
10.588974
10.732271
10.556015
10.487219
10.617263
10.677232
10.646471
10.428150
10.841925
10.620907
10.598488
10.595515
10.536286
10.823076
10.820999
10.683699
10.789832
10.502947
10.825764
10.540545
10.635622
11.019683
10.899819
10.620581
10.668519
10.489443
10.724557
10.561201
10.913190
11.277751
10.492400
10.665064
10.618569
10.721687
10.715399
10.600408
10.759691
10.571896
10.990283
11.198421
10.425158
10.632080
10.559292
10.649318
10.813647
10.731460
10.530436
10.689180
10.820106
10.581093
10.658297
10.756382
10.652078
10.811692
10.805030
10.805089
10.635382
10.493084
10.670358
10.861766
10.693422
10.883227
10.722104
10.554583
10.662950
10.401406
10.694504
10.722429
10.717674
10.973347
10.521815
10.522253
10.742268
10.777787
10.727696
10.598460
10.812657
10.736294
10.919105
10.644587
10.500528
10.926874
10.291301
10.723029
10.581598
10.718355
10.753656
10.957350
10.661407
10.719009
10.670829
10.492842
10.442341
10.588359
10.567379
10.629000
10.872585
10.626099
10.845084
10.823054
10.675475
10.815100
10.807270
10.767472
10.854676
10.788439
10.777366
10.765584
10.722226
10.500727
10.651528
10.824277
10.620946
10.410353
10.613756
10.551099
10.699528
10.523527
10.831813
10.562984
10.805976
10.829909
10.653095
10.916407
10.879535
10.873558
10.555659
10.733990
10.591684
10.739614
10.653264
10.711156
10.579410
10.755898
10.916896
10.349464
10.569156
10.838871
10.628174
10.688582
10.970169
10.799667
10.660185
10.584413
10.549388
11.164329
10.657652
10.790476
10.654364
10.717744
10.859354
10.626847
10.715874
10.812184
10.957244
10.787954
10.858810
10.587497
10.817145
10.563450
10.651091
10.706633
10.811833
10.730912
10.565803
10.593021
10.614484
10.859832
10.725637
10.690091
10.826801
10.575535
10.802251
10.640451
10.639431
10.671617
10.930741
10.716450
10.764369
10.665721
10.664443
10.588699
10.883430
10.642540
10.658562
10.720372
10.736662
10.622919
10.649982
10.546193
10.737914
10.783577
10.668338
10.622695
10.750026
10.438927
10.561049
10.465617
10.559720
10.872555
10.558823
10.788932
10.672829
10.832797
10.969823
10.691965
10.647406
10.451683
10.753232
10.690971
10.717637
10.496272
10.743526
10.824806
10.943804
10.657769
10.545629
10.637555
10.799141
10.704423
10.692755
10.609216
10.697294
10.658742
10.578341
10.729504
10.895364
10.678328
10.887981
10.646376
10.602178
10.561277
10.829580
10.707853
10.540981
10.946792
10.818922
10.507320
10.829680
10.791906
10.673261
10.616920
10.757139
10.648349
10.760748
10.851333
10.807660
10.852259
10.661425
10.837018
10.484580
10.594503
10.560488
10.749143
10.857777
10.658699
10.743546
10.767813
10.599292
10.712060
10.886544
10.744885
10.731093
10.822732
10.864154
10.787379
10.784104
10.708027
10.586147
10.975638
10.931502
10.645185
10.728395
10.837222
10.623085
10.588235
10.660447
10.786028
10.748069
10.802755
10.750581
10.776492
10.559523
10.737132
10.609871
10.687557
10.731177
10.474042
10.966017
10.691129
10.743694
10.913363
10.705867
10.652041
10.672237
10.723128
10.770273
10.811216
10.589448
10.637001
10.768488
10.870929
10.856910
10.638722
10.749489
10.872339
10.570944
10.748909
10.576515
10.744582
10.685469
10.860451
10.620683
10.633983
10.835953
10.567502
10.904303
10.699563
10.800640
10.725791
10.475180
10.650853
10.638306
10.744790
10.592280
10.721783
10.631556
10.801733
10.557489
10.634753
10.625985
10.593672
10.585475
10.606117
10.805161
10.416557
10.650504
11.038582
10.825883
10.739854
10.706852
10.673517
10.555249
10.768753
10.671633
10.668923
10.766540
10.584789
10.684469
10.740404
10.714449
10.712395
10.708744
10.540572
10.705875
10.729252
10.671097
10.747239
10.722911
10.560579
10.663988
10.689105
10.861501
10.749909
10.818561
10.600082
10.790327
10.605489
10.941714
10.690407
10.828933
11.011188
10.589963
10.623358
10.859003
10.792881
10.790628
10.720748
10.585588
10.637493
10.863061
10.806061
10.636519
10.716023
10.543944
10.517665
10.640536
10.556793
10.753290
10.602303
10.659082
10.703393
10.643777
10.699485
11.072675
10.709158
10.814417
10.527651
10.441838
10.670760
10.808600
10.756398
10.795911
10.650606
10.668470
10.718876
10.546908
10.861524
10.843292
10.682372
10.702560
10.640706
10.647916
10.604331
10.726791
10.733450
10.798515
10.756222
10.740657
10.877731
10.876634
10.654642
11.091592
10.576283
10.956185
10.583494
10.747614
10.628850
10.733248
10.910201
10.710319
10.883404
10.638008
11.044285
10.889302
10.746188
10.581644
10.751029
10.949087
10.851531
10.731019
10.571134
10.578962
10.630653
10.657512
10.887957
10.639872
10.642830
10.597493
10.640578
10.585688
10.969388
10.811142
10.663944
10.859399
10.530553
10.591957
10.839165
10.581365
10.561552
10.598648
10.713536
10.802718
10.573634
10.665964
10.637755
10.683559
10.709111
10.826687
10.624851
10.735566
10.628698
10.716663
10.647132
10.540469
10.637663
10.820889
10.929030
10.582818
10.640276
10.815313
10.630764
10.656228
10.500138
10.681967
10.669825
10.732468
10.510232
10.731769
10.663180
10.575806
10.845077
11.000065
10.501190
10.750404
10.817916
10.666830
10.813900
10.643619
10.562276
10.603555
10.694904
10.790769
10.678111
10.691759
10.705606
10.762389
10.670907
10.570328
10.737610
10.616982
10.465435
10.724262
10.728313
10.809293
10.552780
10.594999
10.728612
10.693156
10.657207
10.681242
10.650736
10.663094
10.835603
10.624137
10.886729
10.835561
10.799165
10.696786
10.468435
10.625393
10.799271
10.609274
10.969071
10.614737
10.715675
10.578383
10.834654
10.754810
10.803371
10.557751
10.785961
10.819210
10.665089
10.755805
10.806270
10.781126
10.577061
10.827528
10.803674
10.733369
10.519733
10.596745
10.469201
10.789020
10.551891
10.659603
10.660944
10.630120
10.676729
10.744436
10.572486
10.709633
10.945862
10.637774
10.655228
10.687541
10.601818
10.834158
10.673274
10.892003
10.899248
10.599809
10.755857
10.697593
10.791827
10.790996
10.666828
10.833531
10.530346
10.803404
10.537007
10.815522
10.854978
10.751955
10.777855
10.715045
10.607717
10.722605
10.624662
10.872676
10.783976
10.603698
10.393227
10.721321
10.767443
10.725758
10.772725
10.671590
10.584163
10.572904
10.511821
10.805632
10.728233
10.988369
10.635959
10.620403
10.691446
10.749987
10.703966
10.536064
10.641224
10.629715
10.514382
10.545696
10.748216
10.700559
10.833814
10.710668
10.651786
10.641369
10.504277
10.814135
10.910337
10.743925
10.574406
10.735234
10.666006
10.958224
11.257520
10.655607
10.724874
10.512086
10.586482
10.722014
10.833216
10.669438
10.790497
10.567296
10.750829
10.571841
10.735725
10.537602
10.810064
10.950143
10.703154
10.429177
10.372305
10.648100
10.960548
10.719156
10.659037
10.701973
10.922218
10.621577
10.602937
10.760618
10.565342
10.617409
10.815979
10.677773
10.676254
10.825430
10.575247
10.745247
10.751140
10.571076
10.723034
10.718865
10.660940
10.632574
10.679927
10.753858
10.798797
10.618130
10.561403
10.681706
10.618380
10.554391
10.683882
10.663053
10.721156
10.675464
10.531608
10.917311
11.022965
10.669783
10.585986
10.485065
10.637922
10.571383
10.810452
10.754078
10.642902
10.629778
10.882235
10.615229
10.817800
10.851391
10.961469
10.610072
10.766282
10.831186
10.751134
10.696458
10.682912
10.678617
10.702935
10.801374
10.832148
10.673403
10.586142
10.713396
10.770094
10.638531
10.552721
10.598319
10.833659
10.877899
10.966929
10.702912
10.703671
10.608629
10.573858
10.886354
10.604846
10.424433
10.717786
10.641994
10.836876
10.708202
10.808458
10.665854
10.745677
10.779200
10.631675
10.535630
10.491258
10.653099
10.584045
10.555026
10.702130
10.729699
10.626755
10.820428
10.659224
10.710805
10.902516
10.891179
10.700145
10.588492
10.740203
10.964062
10.813511
10.493174
10.873220
10.904417
10.671515
10.747612
10.598779
10.658677
10.691850
10.708555
10.617159
10.731838
10.709491
10.848684
10.710227
10.679798
10.556151
10.572998
10.632563
10.501442
10.620442
10.657514
10.449266
10.691704
10.903064
10.797900
10.680827
10.619995
10.381849
10.726406
10.707245
10.813715
10.639008
10.769993
10.645937
10.570875
10.892545
10.654887
10.638418
10.612648
10.889147
10.549541
10.742356
10.489136
10.859435
10.657698
10.778173
10.745725
10.543036
10.676178
10.791099
10.594175
10.706594
10.464764
10.608081
10.609016
10.627685
10.890319
10.757781
10.522638
10.862207
10.490030
10.723402
10.921645
10.657806
10.700748
10.639454
10.521429
11.104944
10.916126
10.836880
10.798067
10.863352
10.461404
10.632355
10.778150
10.587956
10.758263
10.704685
10.704187
10.643780
10.654454
10.586182
10.579113
10.610431
10.667838
10.756140
10.571503
10.642208
10.690254
10.664703
10.742848
10.626119
10.838808
10.589774
10.537355
10.576875
10.836913
10.736212
10.633098
10.672109
10.689617
10.790395
10.812851
10.808858
10.623278
10.706295
10.542492
10.625845
11.005493
10.678879
10.612107
10.819150
10.646585
10.632412
10.887679
10.750827
10.902126
10.662732
10.533581
10.624145
10.816954
10.691827
10.691811
10.726188
10.713795
10.823254
10.688669
10.698574
10.695314
10.797118
10.838223
10.747823
10.657385
10.849570
10.656661
10.674218
10.904410
10.968690
10.824458
10.520283
10.695243
10.647453
10.493750
10.663780
10.746837
10.806966
10.670592
10.530535
10.588188
10.640401
11.039940
10.553247
10.591464
10.673559
10.552732
10.706491
10.643308
10.851073
10.470257
10.809936
10.920779
10.623454
10.474842
10.834000
10.809179
10.694917
10.976567
10.773307
10.965853
10.821041
10.422364
10.533304
11.010487
10.800636
10.810643
10.747094
10.655638
10.761860
10.667756
10.703494
10.609618
10.561894
10.912790
10.571673
10.751823
10.505043
10.789091
10.843339
10.639382
10.797759
10.858009
10.644526
10.647646
10.592861
10.855377
10.610535
10.675543
10.675116
10.704310
10.622350
10.826262
10.568412
10.670854
10.866015
10.643091
10.840266
10.600981
10.885192
10.565121
10.740531
10.412439
10.596727
10.716880
10.937212
10.776434
10.909055
10.658706
10.709844
10.728779
10.792132
10.785544
10.544183
10.583226
10.673184
11.020018
10.579678
10.733745
10.517253
10.501776
10.858546
10.730173
10.729114
10.706732
10.520627
10.739949
10.776760
10.631395
11.017326
10.609858
10.774090
10.753808
10.809143
10.563481
10.546010
10.723236
10.839508
11.085840
10.668452
10.677130
10.795814
10.932789
10.995285
10.950625
10.920821
10.732215
10.692459
10.738671
10.683323
10.711129
10.928056
10.733306
10.627926
10.568775
10.640311
10.717223
10.600966
10.814942
10.621872
10.737941
10.659716
10.721354
10.661756
10.678102
10.824368
10.796611
10.754941
10.752338
10.647900
10.681361
10.761766
10.873502
10.708970
10.826670
10.519009
10.932341
10.638734
10.791710
10.632791
10.954718
10.821158
10.522582
10.667047
10.719879
10.513053
10.611018
10.865139
10.772185
10.671947
10.545609
10.687784
10.605208
10.704736
10.426844
10.613069
10.640047
10.730392
10.656698
10.659078
10.853777
10.813187
10.528374
10.769738
10.394648
10.641915
10.889485
10.799537
11.137293
10.726340
10.689648
10.819298
11.586654
10.794091
10.515962
10.782200
10.760566
10.620006
10.698950
10.883941
10.509121
10.885796
10.717513
10.675069
10.637520
10.734409
10.648864
10.275445
10.909550
10.829649
10.573383
10.822693
10.690612
10.532663
10.604703
10.725151
10.669221
10.665892
10.645065
10.721444
10.697438
10.580864
10.438834
10.520638
10.579831
10.698412
10.709933
10.709360
10.596734
11.010056
10.838446
10.565994
10.544382
10.702643
10.743266
10.851294
10.602810
10.741092
10.760726
10.686391
10.730404
10.487966
10.643684
10.822232
10.543964
11.140206
10.504994
10.795364
10.905268
10.735233
10.814238
10.681272
10.569302
10.551142
10.709086
10.732101
10.706133
10.643483
10.897868
10.694502
10.699205
11.007211
10.730269
10.655984
10.734801
10.628766
10.960863
10.594085
10.605179
10.680853
10.750760
10.766395
10.686290
10.537273
10.726019
10.810927
10.910327
10.815994
10.733087
10.958709
10.739492
10.614948
10.551917
10.834827
10.760357
10.791252
10.505253
10.607798
10.708745
10.654586
10.818948
10.549702
10.712217
11.103916
10.632871
10.784248
10.656194
10.640877
10.599089
10.697122
10.798362
10.702569
10.715087
10.729931
10.562260
10.697033
10.822253
10.749463
10.701184
10.832636
10.673349
10.725513
10.585216
10.675481
10.777071
10.702872
10.480692
10.500199
10.648661
10.749705
10.300316
10.636129
10.753743
10.729398
10.904621
10.621285
10.581859
10.754082
10.913675
10.710591
10.634156
10.795644
10.632493
10.726518
10.768407
10.917490
10.566339
10.709751
10.739512
10.687880
10.812894
10.865952
10.769687
10.686779
10.864610
10.589261
10.749865
10.946441
10.782794
10.843512
10.902712
10.779309
10.823418
10.998365
10.780810
10.780134
10.716636
10.576000
10.840978
10.659653
10.694848
10.716830
10.623664
10.527184
10.701837
10.801542
10.539878
10.707906
10.825726
10.587003
10.607747
10.759002
10.719883
10.666453
10.599202
10.557289
10.805655
10.624411
10.681344
10.663482
10.839268
10.783398
10.868243
10.603514
10.795073
10.566996
10.696344
11.100975
10.838207
10.668398
10.748517
10.745564
10.923449
10.711871
10.966644
10.679865
10.919426
10.729849
11.109503
10.484001
10.793589
10.776214
10.751309
10.760665
10.683715
10.840416
10.615427
10.715618
10.729011
10.823508
10.618419
10.546914
10.538071
10.754451
10.779987
10.959106
10.601670
10.553830
10.532112
10.831397
10.766595
10.751121
10.861539
10.666127
10.503466
10.769881
10.695046
10.684283
10.763115
10.646598
10.775925
10.743407
10.739843
10.596738
10.654890
10.669802
10.702103
10.917393
10.711952
10.706051
10.686088
10.731761
10.496073
10.692384
10.731905
10.853917
10.698321
10.952506
10.624536
10.623150
11.015264
10.905314
10.729582
10.642821
10.735144
10.647789
10.796680
10.678694
10.719631
10.687364
10.757766
10.629820
10.783040
10.588415
10.739362
11.031373
10.630764
10.706152
10.886669
10.764093
10.992177
10.874566
10.627297
10.852573
10.987729
10.861510
10.777360
10.775208
10.734636
10.480501
10.544775
10.739525
10.699244
10.544430
10.694807
10.692678
10.663733
11.101225
10.748361
10.796028
10.596271
11.004645
10.520731
10.775392
10.681377
10.592186
10.644060
10.817374
10.747953
11.047658
10.708440
10.856934
10.628779
10.561296
10.702303
10.758902
10.634302
10.411552
10.909345
10.725751
10.751715
10.622974
10.692892
10.625339
10.772317
10.858160
10.813571
10.863703
10.742215
10.724353
10.888946
10.554827
10.565555
10.583510
10.647161
10.989931
10.525723
10.601880
10.565332
10.643832
10.893095
10.698074
10.453746
10.596603
10.633548
10.814113
10.878709
10.650041
10.775377
10.810863
10.837747
10.932433
10.692485
10.545278
10.606951
10.935091
10.653595
10.604345
10.626042
10.663576
10.653310
10.692509
10.634641
10.606877
10.602118
10.663619
10.878331
10.909504
10.686156
10.538530
10.704897
10.694760
10.917892
10.515676
11.030108
10.652250
10.561054
10.827091
10.504552
10.742585
10.827690
10.525085
10.691831
10.712015
10.651690
10.805299
10.666341
10.555701
10.561087
10.593056
10.604097
10.528214
10.596702
10.590769
10.718070
10.782947
10.581619
10.750085
10.631577
10.664520
11.069326
10.714177
10.664241
10.841298
10.761612
10.762992
10.713812
10.701458
10.712824
10.677923
10.895599
10.763020
10.786414
10.415713
10.589444
10.807408
10.708437
10.694042
10.804017
10.765673
10.847044
11.114140
10.712021
10.663699
10.617418
10.679034
10.789027
10.780657
10.445036
10.701326
10.899017
10.674267
10.713405
11.234637
10.999996
10.802825
10.632096
10.630134
10.639393
10.871390
10.828010
10.662830
10.742039
10.727855
10.787427
10.695234
10.550572
10.669059
10.575773
10.799700
10.744260
10.700670
10.756594
10.701423
10.849865
10.778064
10.888468
10.682825
10.717356
10.647531
10.851350
10.837931
10.725729
10.914671
10.646681
10.627975
10.543716
10.696048
10.742114
10.675723
10.847307
10.799744
10.590978
10.687347
10.760387
10.911465
10.789329
10.648974
10.577829
10.735473
10.671427
10.505315
10.507990
10.649320
10.608003
10.693827
10.672530
10.823745
10.702407
10.682027
10.742082
10.900112
10.563316
10.523879
10.376114
10.577704
10.610495
10.509439
10.811287
10.721962
10.628452
10.732638
10.757110
10.655251
10.531556
10.789660
10.838120
10.544377
10.691221
10.630109
10.727469
10.780509
10.592589
10.441108
10.585115
10.650838
10.653983
10.830530
10.663936
10.911383
10.695475
10.622153
10.581810
10.911484
10.706911
10.624277
10.694205
10.807611
10.530673
10.652187
11.119101
10.970884
10.530859
10.423019
10.686571
10.693132
10.796569
10.659851
10.862040
10.707833
10.598670
10.660904
10.813451
10.762081
11.125035
10.734583
10.662094
10.707887
10.990726
10.762249
11.234353
10.766905
11.146924
11.076845
10.832015
10.691326
10.915073
10.573131
10.767189
10.521558
10.594719
10.589983
10.619207
10.796873
10.431397
10.816959
10.883071
10.638972
11.026770
10.494692
10.681357
10.656639
10.683158
10.717535
10.916452
10.601901
10.414284
10.619736
10.781622
10.672072
10.607817
10.639584
10.903732
10.565243
10.620538
10.730205
10.663673
10.375714
10.601003
10.671976
10.531132
10.853033
10.592826
10.575081
10.473213
10.825641
10.714465
10.602874
10.800856
10.545785
10.503524
10.712073
10.816743
10.694133
10.723724
10.401739
10.764853
10.614225
10.692730
10.796119
10.897829
10.876578
11.224515
10.671638
10.859347
10.707962
11.045404
10.913282
10.791340
10.775821
10.698892
10.641994
10.697953
10.648536
10.587186
10.727963
10.671843
10.930129
10.566940
10.645341
10.673946
10.711265
10.739562
10.697380
10.729235
10.653027
10.813108
10.849097
10.677368
10.796136
10.838912
10.794230
10.790986
10.662395
10.805139
10.685753
10.823691
10.646783
10.612184
10.643567
10.763907
10.447962
10.619760
10.914135
10.767862
10.505076
10.756026
10.501999
10.795612
10.801958
11.229208
10.878518
10.568758
10.594857
10.708016
11.003312
10.826384
10.748606
10.470733
10.603934
10.675160
10.752712
10.686319
10.679669
10.594833
10.883137
10.606013
10.598797
10.614345
10.811049
10.520964
10.515582
10.702134
10.631815
10.688282
10.580509
10.651543
10.648234
10.550078
10.732054
10.812078
10.719471
10.480046
10.869252
10.586956
10.745923
10.683180
10.655575
10.799580
10.777033
10.753762
10.558628
10.687912
10.817439
10.697260
10.753787
10.662729
10.670674
10.569701
10.887364
10.760747
10.666819
10.674614
10.622721
10.771185
10.755619
10.893961
10.526748
10.912897
10.626636
10.730148
10.528254
10.650481
10.832068
10.637802
10.559936
10.840831
10.800670
10.606771
10.724571
10.412336
10.672317
10.390522
10.911906
10.851173
10.534682
10.544204
11.089044
10.755477
10.807495
10.802870
10.589355
10.746380
10.655973
10.447715
10.560980
10.774989
10.633406
10.601269
10.692461
10.700521
10.871234
10.459987
10.871036
10.491853
10.560868
10.688520
10.613055
10.877617
10.720087
10.575391
10.823595
10.746832
10.814235
10.926660
11.102549
10.715246
10.711483
10.518129
10.846478
10.737911
10.806226
10.837714
10.728843
10.822928
10.652220
10.692873
10.498622
10.624785
10.582414
10.847966
10.777040
10.743411
10.878076
10.788628
10.763505
11.053981
10.832599
10.658105
10.754741
10.629902
10.585759
10.849844
10.622456
10.616868
10.472710
10.649363
10.811804
10.843445
10.875162
10.869651
10.817927
10.628217
10.669736
10.851168
10.665031
10.507586
10.738404
10.826241
10.740554
10.766719
10.729611
10.752530
10.839591
10.645355
10.789432
10.676590
10.605460
10.717794
10.625249
10.840073
10.711775
10.605790
10.854715
10.750587
10.772169
10.740451
10.664921
10.724553
10.623596
10.564130
10.563554
10.763481
10.742438
10.654886
10.925847
10.698728
10.658739
10.636597
10.670808
10.939240
10.812701
10.734406
10.764561
10.552092
10.551646
10.751431
10.784731
10.679085
10.957230
10.787630
10.658746
10.768559
10.914248
10.597147
10.585520
10.785212
10.637253
10.893712
10.920902
10.767151
10.557752
10.680997
10.736766
10.588375
10.890559
10.660913
10.695029
10.549230
10.634599
10.761836
10.473715
10.736488
10.768209
10.668455
10.593533
10.612646
10.832617
10.720783
10.715217
10.574523
10.831800
10.553001
11.235350
10.745956
10.775916
11.213182
10.650006
10.901029
10.599806
10.498009
10.509951
11.006852
10.761093
10.733293
10.510003
10.805054
10.743961
10.698087
10.683648
10.807813
10.816133
10.598592
10.788021
10.910703
10.537576
10.578991
10.691602
10.770378
10.859560
10.585700
10.698554
10.567767
10.651785
10.632791
10.759327
10.823723
10.690784
10.615380
10.701689
11.042526
10.603210
10.691978
10.905289
10.842647
10.709620
10.768869
10.825890
10.636340
10.583176
10.655298
10.571118
10.802086
10.696633
10.719848
10.715063
10.554724
10.466052
10.816867
10.742104
10.729887
10.791740
10.763326
10.562341
10.673511
11.071958
10.663132
10.622666
10.938040
10.769450
10.737994
10.592241
10.774244
10.868378
10.579760
10.736620
10.715492
10.666745
10.587515
10.773537
10.682782
10.788092
10.710483
10.493443
10.776358
10.683848
10.783073
10.712640
10.697955
10.611241
10.819878
10.573736
10.731573
10.731573
