12.094630
11.317475
12.271054
12.444227
11.945851
10.735089
11.795714
10.693450
12.131869
12.084659
11.020389
10.816957
11.148932
12.522036
12.010737
12.031440
10.796788
10.609816
12.122964
12.091732
12.241140
10.820198
12.340501
11.562001
11.662738
11.481691
11.188042
11.430908
11.185967
11.636257
11.619358
12.325878
11.959375
10.983796
12.028459
12.305772
12.176030
12.435608
11.072849
12.172196
11.569155
11.037967
12.214429
11.782421
11.157912
11.995991
12.362751
12.345624
11.031044
10.641367
11.607609
10.444504
12.026303
12.289581
11.082656
12.149105
12.330975
11.275315
10.715133
12.307950
12.143558
10.691786
11.003068
11.071187
10.970861
11.343279
12.468276
12.340674
11.488789
11.873809
11.676499
11.813129
11.557094
11.084202
11.590731
10.639665
12.088253
10.776861
12.315226
10.773097
11.052559
11.000123
12.010056
10.731157
11.806707
10.721672
10.649428
11.845322
11.046001
11.811733
11.639822
11.219637
10.980660
11.707648
10.709790
11.454656
12.187257
11.214142
12.334057
10.747261
10.824309
11.818083
11.757628
11.135171
10.739143
12.087989
10.983358
11.555317
12.048148
11.238894
11.632971
11.724790
11.820227
12.216246
11.751949
11.318233
12.357189
11.989156
11.791452
12.357254
11.279349
12.093535
11.988989
11.741631
12.566049
12.322499
10.940941
11.264951
11.050675
12.374099
11.949135
11.310754
10.942133
11.573283
11.395306
10.705586
12.279356
10.961058
12.174951
11.276075
11.635537
11.925738
11.971606
11.934077
11.707187
10.988530
12.278240
10.945861
11.380470
11.585492
12.382110
12.467431
11.810067
12.187751
11.993482
12.386017
12.127228
10.975176
12.037340
11.403645
11.778212
11.426933
12.366260
11.682906
11.090809
11.921849
11.543427
12.279566
12.281682
11.541920
12.325706
10.797708
12.308034
11.108899
12.350053
12.014682
10.742289
11.347496
12.391632
10.837918
12.451392
10.683286
12.490088
11.487875
10.744208
11.417024
11.489497
10.848961
11.681674
12.215679
11.205610
11.071132
12.398912
12.383426
12.225795
11.923343
11.532817
11.368835
11.203728
11.886967
11.391547
10.992702
12.248225
11.015952
12.334428
12.246232
12.357577
10.826966
11.612616
12.058499
12.011840
11.576429
12.269580
12.410520
12.089391
12.433546
11.812711
11.196516
11.911386
10.666561
10.807529
11.239290
11.677399
11.633737
11.115530
11.211077
11.079057
11.934657
11.943138
11.492992
10.941196
11.842479
11.412556
10.784350
11.214203
12.236923
11.704340
10.591980
12.066973
12.321678
11.264872
11.548771
11.777720
12.137136
12.238781
10.932807
12.257981
12.278251
10.652560
12.241570
11.689460
11.719346
12.341748
11.136880
11.477766
11.860451
12.144089
10.717592
10.976125
11.584247
11.235064
11.234030
12.002397
11.140823
11.672016
11.560006
11.885978
11.275707
11.162882
11.496372
11.542173
10.845924
12.215278
11.484061
11.087927
11.838290
11.840517
11.989566
11.858199
11.479824
12.101287
12.067566
11.312098
12.320720
12.363648
12.335476
11.794352
12.360987
11.629933
11.875448
11.543372
11.109359
11.487823
11.171970
12.258635
11.025206
12.323970
11.646996
11.680828
11.084137
11.481046
11.195053
12.371968
11.347122
11.260484
12.424610
12.261592
12.029120
11.539814
11.831499
11.556257
11.587096
12.365018
12.146021
11.644671
12.445140
12.098132
11.418111
12.337588
11.545777
12.167449
11.034754
11.603960
12.227492
11.374412
11.741480
12.172060
12.127759
12.266052
11.343925
11.433739
12.389933
10.697308
11.706147
11.121161
11.663268
11.041054
11.768452
11.339572
11.184133
11.297090
11.401928
12.337900
11.902235
11.932600
12.244688
12.195909
11.386243
11.927626
11.945124
10.906179
11.665349
11.121037
11.867771
12.401385
11.390785
11.854336
12.107153
12.282565
11.777117
11.987374
11.858696
11.187021
10.849183
11.677569
10.832311
10.744853
12.079596
11.509933
12.044841
12.361669
11.891852
12.178882
11.866495
10.792440
10.766269
10.941425
11.295661
11.281033
12.246481
10.964389
12.464568
11.574241
11.787836
11.500831
11.882544
12.266687
11.890893
11.471770
12.357781
10.548832
11.246298
12.513616
10.642689
11.014209
11.947568
12.111287
12.085092
10.841888
11.924334
11.471117
11.837528
11.377515
12.051143
11.422364
12.104155
11.708883
11.376342
11.228296
11.935905
12.007726
12.099714
10.863548
10.923355
10.788006
12.064601
11.073066
11.047867
10.911237
11.424739
12.108440
11.516687
11.306839
11.971626
12.244808
10.974030
11.713573
11.308969
11.414693
11.783937
12.061961
12.051345
11.119961
12.070383
11.670550
11.500293
11.169354
11.113584
11.911326
11.259291
11.396191
10.591468
11.113860
11.409713
11.048112
10.586981
11.991398
11.250871
11.005493
10.834031
11.040496
12.275634
11.868897
12.312788
12.324949
11.385309
11.695123
12.065208
11.197392
11.100186
11.933468
11.612126
11.975519
11.476690
11.179410
12.097657
10.753708
12.017491
11.746709
12.435008
11.980438
11.831761
10.877404
11.144948
12.044797
12.341951
10.879535
12.044555
12.333856
11.232664
11.172370
11.498212
11.725812
12.273665
11.067683
11.769400
11.882337
11.546087
12.374167
11.453625
11.783177
11.030989
12.356337
11.426462
12.425465
12.377718
11.549581
12.104104
12.062390
12.438007
12.411406
12.517220
11.756716
11.794164
11.269453
10.874899
12.209690
11.988903
11.475829
10.710179
11.641459
12.175597
12.330067
11.890665
10.837047
11.547523
10.568951
10.591470
11.298086
12.234636
12.187668
11.773871
11.110036
11.023036
11.407615
12.175309
11.737675
11.896814
11.677438
10.657166
11.464520
11.655419
11.909662
10.952652
12.015563
10.886544
11.075000
11.947293
12.140472
10.974272
10.808157
11.883909
11.060491
11.383064
10.950991
12.209808
11.849700
11.609297
10.489786
11.903716
11.614607
12.315374
11.710880
12.244901
12.243445
12.039681
11.259649
11.348331
11.156114
11.492874
12.198452
11.710221
11.218378
11.669770
11.880427
12.206773
11.311252
12.475073
11.321771
10.993638
10.883093
12.295028
11.344539
10.744648
12.435085
12.316829
12.484042
11.437960
11.700176
11.970133
11.758408
11.084629
11.713826
11.450251
12.301871
10.562442
11.494884
11.073682
11.804585
11.470307
11.172613
11.043157
10.767196
11.943586
11.421796
11.952682
12.419312
11.624172
11.967724
10.793117
12.478288
11.382667
10.934891
12.137007
11.984392
11.536773
10.680800
11.427868
10.812896
10.684240
12.338783
11.851273
11.023779
10.834560
11.440844
12.358429
11.665237
11.890193
11.890104
10.671231
10.977661
10.881500
11.948358
11.574165
11.099213
10.741203
11.337725
11.242527
11.135652
10.970035
11.775463
12.027213
12.060747
11.167405
11.266753
11.040244
10.653264
10.875460
12.452163
10.880168
11.428908
11.721058
11.955859
10.795403
12.257205
11.707109
11.013443
11.532997
11.926291
11.816291
11.995124
10.776300
11.473557
11.243061
11.037156
11.167517
12.146768
11.135842
11.922276
11.143874
10.660807
11.371101
12.106458
10.816367
11.149133
11.350663
10.923672
11.443348
11.146757
11.365503
10.629234
11.402812
12.335395
11.434142
12.226924
11.177419
12.189578
11.425551
12.225061
11.897542
10.827000
12.048834
12.031610
10.857668
11.271615
11.693218
11.927097
11.218951
11.303563
12.063170
11.088293
11.074350
12.344227
12.300982
11.202621
12.320220
11.049897
12.232616
11.938257
11.183703
12.274034
10.971448
11.005917
10.827862
10.664701
12.013483
11.407804
12.196381
11.662319
10.792626
12.471685
12.116393
10.750504
12.111861
10.893737
11.146777
11.540960
11.129458
11.532478
11.149177
11.653384
10.698897
11.894389
11.309583
11.512261
10.554542
12.185275
11.847086
12.448992
10.992867
11.796347
11.594559
12.119610
11.912624
11.149975
12.426496
11.220861
11.947869
12.382994
10.992353
11.332289
11.798724
11.956691
11.629728
11.622027
11.029721
12.159169
12.067949
10.523827
10.864956
11.183042
11.454069
11.763983
12.134810
11.017027
11.318367
10.688105
10.949894
11.968204
12.221752
11.216419
12.301775
11.881690
11.104701
11.905914
11.461449
11.754628
11.499902
11.709921
11.938136
12.023614
12.262604
11.747930
11.512659
12.176055
10.630998
10.658005
10.980580
11.215678
12.101594
11.821111
11.614750
10.997512
10.925199
12.205531
12.003306
11.284489
11.590706
11.904180
10.926478
10.859378
12.346511
11.861360
11.796808
12.139750
11.646627
12.011735
10.580885
11.339652
11.331345
12.353005
10.835610
12.299976
10.763942
12.164811
11.430125
11.015030
11.033283
12.375686
10.831125
12.416925
11.610330
11.665300
11.083846
11.160980
10.889013
11.640805
12.409329
11.534895
11.290951
10.996589
12.020055
10.923292
11.303295
11.319502
10.972538
12.036548
12.370682
12.115280
10.887257
12.073356
10.878876
11.728383
11.272819
11.460098
11.060638
10.814492
12.058950
11.557931
10.880498
10.940832
11.712924
11.966008
10.973627
12.122552
10.733163
12.179843
12.313764
11.415602
12.084043
12.203872
10.546560
11.113708
10.834294
11.098805
11.741436
11.791601
11.128012
11.976588
12.333586
11.470003
11.114907
12.153757
11.875999
12.136546
11.963953
11.865321
11.795657
11.679416
10.851689
12.220660
12.421534
11.293688
11.007028
11.382487
11.189760
12.310850
11.827013
11.955721
12.243792
11.584355
11.091262
12.144523
11.153080
10.856971
10.895492
11.885923
11.562134
12.187326
12.129602
11.994732
11.249183
11.370517
10.716559
12.224803
11.220866
12.459147
11.500134
12.412630
11.867691
12.252235
11.244237
11.028057
11.106266
12.241513
11.819479
11.780288
10.619561
12.163692
10.751115
11.621984
10.992580
11.820579
11.830932
11.196391
11.828186
12.342246
12.298493
11.283624
11.364030
10.622082
12.301247
11.469031
12.299442
12.065360
11.060996
12.197225
11.629436
11.229302
11.518948
10.912253
11.449418
11.469946
11.840069
11.910193
12.157422
11.557512
11.256271
12.032862
10.931003
12.227951
11.187422
11.147825
10.761731
11.826149
12.173479
11.331596
11.570344
10.990058
10.890940
11.654823
11.369452
11.805098
10.807276
11.769326
11.369985
12.248280
11.694424
10.768147
10.985006
11.704855
12.157401
11.803952
11.592907
11.190257
10.625711
11.794023
12.110908
10.906154
11.684279
11.651823
12.363755
11.941750
10.956927
12.156953
11.953300
11.780270
11.455343
12.172962
11.645375
11.445922
10.770176
11.164041
12.160851
11.570201
11.082191
11.097515
11.131440
11.166885
11.296055
10.914888
12.330239
12.477639
11.951974
11.374474
11.124832
11.255609
12.361526
11.776681
11.601867
12.130870
12.201117
11.558189
10.679276
12.005939
11.604114
11.404148
11.977846
11.990747
10.844300
11.861778
11.419833
11.049624
11.097318
11.702000
11.727140
12.455289
11.556376
11.062798
11.063456
12.451677
11.647089
10.803290
10.898496
11.745930
11.957343
11.015411
11.853286
11.553790
11.795722
11.060344
11.387180
12.001428
11.457485
11.651269
11.626227
11.467137
12.346516
11.781875
11.901843
11.383953
12.276932
11.712874
12.140284
11.661411
10.791133
11.648463
11.647596
12.052319
11.796304
11.394877
11.779922
10.855902
10.669460
11.999530
12.418514
10.882050
11.897855
11.136840
10.814154
12.462382
11.773393
11.463211
11.885173
11.965580
12.019062
10.943591
11.693398
11.374974
10.994613
11.149088
11.089494
12.361269
12.253712
11.809335
11.557211
12.333722
11.666624
11.246442
12.198040
11.692495
10.924766
12.039417
10.785808
11.670726
11.780966
12.290298
11.367615
11.860683
11.279991
12.130187
11.032815
12.425949
11.111429
11.802310
11.754716
10.747858
12.105792
10.943534
11.351443
10.892542
11.020401
11.501148
12.161177
12.210081
12.159838
11.299023
10.732468
11.488009
12.236402
10.801939
11.990044
10.697867
11.146129
10.950132
10.927744
11.152324
12.185498
12.359192
12.042311
12.020328
11.488238
12.378098
12.141358
12.093593
11.510992
12.285749
11.007090
10.883523
11.940835
11.545049
10.591861
12.059390
11.783951
11.646889
12.183082
11.119159
11.182525
11.726402
11.709838
12.046892
11.999309
12.126022
12.144368
11.546710
11.094909
12.130782
12.219585
11.931405
11.850934
12.211286
11.650623
11.282957
11.615503
11.287017
11.042115
11.324858
12.213500
10.803631
11.626071
10.670584
11.763446
11.004328
12.067645
12.068378
12.465701
11.380803
12.077570
11.276780
11.966769
12.037671
10.534477
12.305464
12.220842
11.687005
11.453140
11.814398
12.344125
11.378240
11.776511
11.151793
11.854956
12.176286
11.707283
11.152277
10.820648
10.954209
10.892032
12.439898
11.663071
11.485554
11.188670
11.474679
12.365184
12.292960
11.483220
11.354151
10.953051
11.837883
12.134787
11.513404
11.084445
12.253321
12.232540
11.120003
11.070367
12.336435
11.176194
11.333280
12.026160
11.054075
11.457946
10.751840
11.847602
12.172164
11.137462
12.126068
11.667229
11.582551
12.023395
10.663778
11.600792
12.355137
12.036820
11.903057
11.670261
11.111882
11.670067
12.182031
10.616645
12.372978
10.724900
11.672290
11.393181
11.542903
12.110386
11.049902
12.286731
11.915267
11.840341
11.912119
11.844272
11.275067
11.689573
12.385460
11.446732
12.386547
11.632588
11.131404
11.900426
11.351414
11.285725
11.213205
12.401654
11.236384
11.675140
12.390133
11.337797
11.616055
11.126655
12.431189
12.371996
11.290853
10.921531
12.325111
12.288818
11.390636
11.220517
10.989921
11.854672
11.416529
11.009549
12.133957
11.535988
11.163841
12.168103
10.967531
12.016598
11.736192
10.782976
11.766106
11.661240
11.304107
10.807551
11.341894
11.391040
11.935900
11.589768
11.967148
12.262377
11.997080
10.803684
12.087763
12.120040
12.526757
11.991579
11.759043
10.795495
11.418450
10.911491
12.068592
11.243102
11.606015
11.068463
11.479689
11.279389
10.906010
10.963166
11.283851
12.026311
11.672078
11.104309
11.546614
11.502094
11.789438
11.359974
11.977356
10.733409
11.855276
11.515310
11.718214
12.104064
11.354937
12.431115
12.350333
11.157598
10.734701
11.503417
11.457866
11.003617
11.363449
11.154233
11.731183
10.970305
11.662074
10.785646
12.423530
11.389088
12.238680
12.438193
11.061733
11.715818
11.480381
12.384818
10.722452
10.659286
11.350611
11.614697
11.684814
11.601565
12.372427
11.880839
10.731334
12.106235
12.326687
12.193084
10.858350
12.170662
11.198572
10.757973
12.385946
10.981763
11.281525
12.041910
11.694077
11.606247
11.899694
11.422289
11.217700
10.896092
10.766665
11.971433
10.795569
11.540223
12.211913
11.627545
11.152428
11.573075
10.809489
11.293177
12.401920
11.592140
10.699232
11.304834
10.691526
10.977075
11.313764
11.724180
12.505345
12.061240
11.960726
10.899546
10.977078
11.944612
12.456639
12.348134
10.618721
11.295740
10.877645
12.522053
11.222066
11.962278
12.239822
11.002072
11.931028
11.411106
11.827730
11.942944
10.998359
12.331224
10.872415
11.374811
10.915842
12.452585
11.067681
10.721978
12.031697
10.970125
10.909979
11.874743
11.474857
12.190422
11.489389
11.835673
12.386837
11.835910
11.620932
12.135375
11.232632
11.579567
12.320993
11.275112
11.745725
12.316969
11.220980
11.621406
10.879534
12.408346
10.823409
11.979632
11.099439
11.764976
12.261116
12.245209
11.404640
12.353070
12.128027
10.768079
11.409580
11.359834
12.251102
11.189273
12.035290
11.845717
11.931655
11.737430
12.418731
11.517013
12.411121
12.050936
12.321486
11.398344
11.366019
11.611773
10.932117
10.682336
12.370493
11.642263
10.941250
12.442740
10.582203
12.360565
12.216649
10.829003
11.437796
12.153790
10.976192
12.151405
12.157664
11.844447
11.650795
10.775776
11.153180
11.153097
11.855249
10.982927
12.307740
11.115645
12.002107
12.299143
10.982290
12.412241
11.053244
10.674433
12.054926
11.900968
10.730319
11.044204
12.015670
11.129902
11.160628
11.416787
11.197995
11.537217
12.122262
10.887044
10.814313
11.502729
12.280521
12.201595
11.992942
10.701013
10.728687
11.958284
11.088185
11.276427
12.202603
11.064008
11.641470
12.243133
12.179943
11.156375
10.747667
11.801154
11.927776
11.186285
11.297668
11.395801
10.996693
12.212108
11.833896
11.029136
11.430932
10.875015
11.126720
10.736786
10.791104
11.582457
12.103177
11.657755
11.973474
12.423826
12.418981
12.390335
12.053436
11.014063
10.725720
10.894599
11.657627
11.310264
11.874539
11.882054
10.761279
12.308716
11.824576
11.483925
10.569339
11.958936
10.849802
11.237513
12.329748
11.874715
11.050964
11.298805
11.566821
11.308568
11.481372
12.344481
11.283288
12.177404
11.672097
11.061027
12.286805
11.463462
12.338540
12.544189
12.060260
10.962669
11.510363
11.980649
11.184340
11.922433
11.129249
11.204109
10.853691
11.221585
12.033134
12.146416
10.651766
12.090701
10.997116
11.051170
11.241615
11.396730
11.850040
12.437186
12.013307
11.128130
11.559435
11.365422
12.405520
12.091983
11.853468
11.204647
11.478344
10.686721
12.307986
12.219578
11.584499
12.183838
11.246348
10.684056
11.546895
11.414857
10.803708
11.349864
11.045598
11.263851
11.898905
11.600853
11.664224
12.284720
11.447779
12.417597
11.629940
12.161287
11.139151
11.318847
11.441799
11.463362
11.838133
11.891444
10.761898
12.185095
11.003704
10.892680
11.809598
12.159757
10.839510
11.758693
11.729256
12.322365
12.028820
11.108689
11.997517
12.302522
12.146996
11.912489
11.329794
11.645883
11.780019
12.120435
10.809889
12.094056
11.674507
11.957841
11.749362
12.334099
11.387950
11.121410
12.039783
11.852671
11.403755
11.757655
12.150492
11.119428
11.410168
12.270980
10.939644
12.081534
12.484570
11.963473
12.267489
11.289456
11.546105
10.976620
10.929964
10.952267
11.293003
11.729698
10.717702
11.502395
11.231484
12.396796
11.694141
11.798631
11.554012
11.939053
11.007326
11.451389
12.186582
12.146122
11.715573
10.877022
10.803715
11.387159
11.450030
12.413650
11.855000
10.895915
12.225371
11.902386
10.721914
12.204551
10.766189
12.446305
11.627504
11.714224
11.473171
11.646821
11.852729
11.455230
11.091328
11.441979
11.684760
11.809478
11.970531
11.210870
11.369854
11.366095
10.743868
11.031835
12.250573
11.597624
10.757362
11.231803
10.753452
11.536461
10.637832
11.775314
11.461417
11.642134
11.788489
12.268549
10.844454
11.754834
11.091571
11.845351
10.960658
12.481968
11.152319
11.964313
12.339589
11.710816
10.639099
11.687753
12.052981
11.189527
11.885243
10.878256
11.878290
12.426946
10.901207
12.213930
11.021087
11.648383
11.481687
10.756619
11.619960
12.223139
12.477166
11.928030
11.838446
10.910077
11.519934
12.377995
11.205838
10.981165
11.813914
11.432391
11.750328
11.588229
11.936431
10.738040
11.932103
12.174337
12.346738
11.262925
11.002150
11.029863
11.578290
11.062831
12.037536
10.890088
11.935181
12.387399
11.344697
12.023213
12.094513
12.081635
12.072775
11.853825
11.410448
11.813385
12.337535
12.368854
10.602793
11.442973
11.903191
11.011439
11.616814
11.999694
11.106027
11.063559
12.236644
12.416334
10.727556
12.463412
12.167047
11.485673
11.315265
10.823314
11.367153
11.235501
12.211704
12.100085
11.484411
11.091624
11.582521
10.706972
11.865356
11.224884
10.714264
12.038115
11.307751
12.076479
11.806726
12.334062
12.212941
11.700270
11.512160
10.912065
12.366080
11.571647
11.583665
12.025332
10.640090
11.845628
11.075318
10.794272
11.578390
11.554003
11.407717
12.428602
11.200644
11.475981
12.086251
10.795625
12.052812
11.944377
12.185571
10.780339
11.524163
12.383915
10.807437
12.120000
11.418884
11.856019
10.798477
11.688951
12.187734
11.236468
10.985444
10.703906
11.115991
12.277682
10.718925
11.426140
11.303992
11.407797
12.106233
12.163045
11.420355
12.101466
12.400756
12.349127
11.584047
10.673438
11.229044
11.744584
10.893163
12.122555
11.825568
11.364943
11.982917
11.476050
12.111241
12.113917
11.572012
11.341239
12.191705
12.353467
12.027585
11.655056
11.315536
11.386458
11.833196
12.130354
10.617653
12.443751
12.365629
11.752927
11.161377
11.550204
12.244137
12.056830
11.238005
11.511053
11.440036
11.384399
11.030662
10.782031
10.678878
11.961689
11.308511
12.259456
11.072917
12.140250
11.183335
11.646122
11.902858
12.125155
11.790764
11.985239
12.015361
11.124552
11.995161
11.247043
11.915535
11.118254
12.081108
11.161794
11.701944
12.023017
10.965285
10.961226
12.171088
11.718962
12.294395
12.259259
11.368475
11.499652
12.015684
11.657725
12.099850
12.026628
11.993371
11.918422
11.759180
10.966611
12.163577
11.031086
10.841321
11.155297
11.010230
11.307237
11.980028
11.114597
11.810208
11.133025
11.464970
11.453914
11.925934
11.024586
12.205061
12.343440
11.519709
10.753315
11.713683
11.834159
11.561241
11.701394
10.532134
12.251536
11.568381
10.955026
12.019863
11.194363
10.988547
12.082212
11.810198
11.748644
10.807114
11.419822
11.052022
10.855700
11.566938
11.776367
11.532835
12.555124
11.028707
12.081499
11.805628
11.854976
12.273383
12.281786
10.733883
11.414118
12.285324
11.447273
12.396111
12.084459
10.842292
12.345798
12.205642
12.398464
11.970992
12.431434
12.095649
11.069353
11.547348
10.991852
12.315679
11.101655
11.530597
11.311388
12.484620
12.494538
11.093124
11.027237
11.304849
11.784640
10.971321
11.471271
11.648346
11.861974
12.361273
12.172190
11.378730
10.819965
11.393635
10.903554
11.560250
11.917390
10.863705
11.355551
12.259598
11.304208
11.287615
11.508098
10.943199
12.048434
10.928169
11.967105
10.907606
11.241493
11.995184
10.901408
11.744868
12.105731
12.125271
11.025382
11.527430
11.547229
11.279081
11.545253
11.865005
10.851668
11.781755
11.275327
11.948148
11.586015
11.152926
11.972116
12.414507
11.647306
10.975373
11.777378
11.395009
11.820964
11.875217
11.534478
12.342575
11.477039
11.704472
11.591008
10.705594
12.112913
12.146398
11.559440
11.550308
10.648420
10.850706
12.048558
11.733657
10.780759
12.282416
11.599716
12.272057
10.670784
12.102146
12.203556
11.966085
12.345173
11.816072
11.179939
11.499584
11.251709
11.626717
11.834356
11.754326
12.068754
12.063946
11.742892
10.668167
12.200006
10.874787
11.193024
11.767865
11.011962
11.401442
10.871514
11.885103
10.806377
11.266817
10.557131
11.207368
12.006131
10.940014
12.188518
11.087716
10.957784
11.457811
11.724877
11.901748
11.578862
10.613206
11.028011
12.315082
11.361474
11.281224
11.679152
11.620184
12.090526
11.579635
12.523548
11.629397
12.176260
10.896663
12.077560
11.925438
12.009774
11.310979
11.365113
11.002305
10.563687
10.901525
11.088652
11.768209
11.090658
12.180561
11.627583
12.291779
12.305109
11.366419
11.050125
11.475412
11.761628
11.244177
10.574909
11.213527
11.503974
12.347818
11.714412
11.332796
11.073419
10.797523
11.381189
11.623154
11.007770
11.500756
10.730002
11.542409
11.691866
10.722067
11.652032
10.753906
10.612070
12.523403
10.725842
10.748874
11.819941
11.434999
11.919921
11.044201
11.180064
11.001992
12.192584
11.789742
12.084633
12.104907
10.801140
11.478010
11.962108
11.703113
11.338082
11.803208
11.618290
10.996323
12.205084
11.273629
11.022293
11.137324
12.218140
12.269800
12.421832
11.304438
11.271730
11.562340
12.215769
11.524310
11.761385
12.076887
11.052224
11.690222
12.109530
10.704421
11.781603
12.177001
11.997386
11.496517
11.311011
11.554202
10.542003
11.027187
12.160776
10.963254
11.332474
10.854052
11.032924
12.459200
10.704431
11.736424
11.438117
11.912169
11.632037
11.289998
12.199971
11.596416
12.100992
11.730762
12.258628
12.387970
11.743468
12.136023
11.756380
10.584244
11.525101
10.863578
10.994530
10.890005
12.226911
12.072047
11.197739
11.773764
11.728465
11.255104
12.218365
11.941241
12.131588
12.276050
10.496832
11.534583
11.254047
11.215229
12.199592
11.807949
11.889814
11.494087
11.578562
11.028885
12.231251
12.260591
11.529341
11.704179
12.269742
10.985128
11.303124
12.476735
10.961770
10.785205
11.181881
11.191496
12.528812
12.251538
11.728825
11.418844
11.490665
11.687120
10.975556
11.975406
12.253265
11.731291
10.681334
10.672710
10.755063
12.368250
11.445281
11.821252
12.165586
11.525376
12.169510
12.395660
11.252048
11.696123
11.568636
12.392868
10.824528
11.222110
12.215261
11.296242
11.604722
11.802769
12.445887
12.166262
11.385821
12.267828
12.058191
11.163059
12.193531
11.061327
12.210520
11.224848
11.574077
11.991087
10.884468
12.305937
11.024210
10.573871
11.614296
11.468732
10.963550
11.936182
11.367892
11.718332
12.317999
11.861986
11.515118
12.336151
11.543462
10.694802
12.103887
10.625492
12.384954
12.456802
11.083317
11.903165
11.504381
12.085323
11.166278
12.115285
12.334101
12.357923
11.489090
11.778800
11.576134
12.193257
11.146595
12.095386
12.091667
11.539436
10.699644
10.585509
11.467094
12.366757
11.496812
11.348388
12.228139
12.321970
11.977109
11.313956
11.133620
11.236499
12.122397
11.102077
11.777812
12.431001
11.849308
11.629453
11.681329
11.132234
12.175539
11.883408
11.629709
11.950424
10.853855
11.084989
12.154042
11.905416
12.065467
12.095030
11.370884
11.646900
11.563412
11.867768
11.209985
10.566989
12.056972
11.969478
11.935785
10.943384
12.031896
11.620491
11.645887
11.585739
11.103757
11.640644
12.259278
12.033441
12.360340
12.094180
10.878251
11.683922
11.115931
11.955845
11.804520
10.914516
11.567335
11.377921
12.418718
10.868467
10.814135
10.618921
12.005982
11.082945
11.039641
12.087539
10.884537
11.060750
10.863328
11.152574
12.264361
12.088992
10.815879
11.074065
11.026247
12.153861
11.297705
10.731045
11.631125
11.320228
11.889534
11.882224
11.632904
12.288343
12.382595
11.175524
10.936558
12.393842
11.842314
11.951348
10.859478
11.539050
11.478170
11.371358
10.770552
12.006050
12.406177
12.231787
11.805942
12.165619
11.149487
12.084351
10.649997
10.998867
11.067768
11.377412
11.381225
11.362971
11.807920
11.049823
11.856737
11.878948
12.154856
11.486903
11.591147
12.046214
12.226490
11.921783
12.248365
11.307976
10.960462
12.231618
12.160115
12.136030
10.996548
11.691897
11.348406
12.239084
10.776607
12.181821
12.041429
12.181865
11.600237
11.973435
11.328371
10.920909
10.785139
11.267115
11.775822
11.269215
11.132167
11.860863
11.535937
11.331686
11.660506
10.668658
11.626877
11.979383
11.812200
10.826317
11.676387
11.178980
12.220296
11.377659
12.277141
12.292567
10.687630
10.976750
10.685565
12.090693
11.269256
11.622113
11.374440
11.328344
10.690695
11.205073
12.127651
11.178164
10.847688
11.559638
11.959049
11.781576
12.160077
11.766512
11.183388
12.110733
12.450029
10.928682
11.906315
11.034724
12.357297
10.949746
12.187646
12.324918
11.161325
11.134988
12.124160
11.036418
12.348241
12.015716
11.457805
11.345645
12.138928
11.315157
10.886031
11.818845
10.948454
12.470948
11.446195
11.883528
11.685050
12.249562
11.425425
12.061930
12.274589
11.601624
11.245966
11.254493
12.482541
12.227457
11.745713
11.066806
10.996588
11.580114
11.362433
12.305170
11.787240
11.236658
12.224037
11.424034
11.992832
12.133520
12.212305
11.633958
11.780077
11.060626
11.260288
12.028547
11.902323
12.033498
11.419358
12.411518
11.529693
10.845681
10.845262
11.981989
11.640341
11.898586
11.126781
11.939209
12.329719
11.413341
11.690199
12.025028
11.619294
10.930651
11.219226
11.086024
11.733219
11.691712
10.762883
12.109073
11.186027
10.734011
11.837503
11.520218
12.427176
12.051450
12.099276
10.963832
10.725627
12.285364
11.566760
11.710223
11.634675
10.911755
11.767631
11.713450
10.960683
12.280137
11.339408
12.072887
11.472697
10.605406
12.390720
11.240413
11.239564
12.084400
12.137321
11.686910
11.458818
11.367240
11.679679
11.484591
11.853240
11.290794
12.259036
11.052893
11.182323
12.353156
12.411105
11.481768
12.386734
12.441225
10.743568
12.410239
11.654522
11.297636
12.374956
11.651051
12.306529
12.273944
12.063195
12.029144
12.335410
10.944917
11.881237
11.997353
11.246131
10.962374
12.409773
12.084476
10.757788
12.455988
11.671981
12.183217
11.734191
11.927248
11.777002
11.474685
11.768638
10.794841
12.293945
11.739054
11.783556
11.080360
11.213946
11.680049
12.002969
11.208176
11.710073
12.030095
12.444830
11.729376
11.494935
12.182272
10.774351
12.293112
11.275118
10.913016
11.264132
12.299451
11.181807
11.207859
11.523744
11.455106
11.799744
10.790535
12.004224
10.706424
11.322393
11.987687
11.978115
12.108521
11.641914
12.269915
11.075962
10.781636
12.379640
10.699725
11.278393
10.930952
11.266214
10.856516
12.050086
11.847598
11.799831
11.655328
11.741388
11.312457
11.319582
12.073166
12.182707
11.956530
11.598734
11.515291
12.207422
10.990430
10.792330
12.289846
11.501254
10.943825
11.860484
10.961712
12.352480
12.049061
10.809222
11.487319
11.155531
12.180719
12.280747
11.721015
11.473325
11.570642
12.172152
10.914560
11.519857
11.645858
11.291534
11.563178
11.581906
11.399206
11.949663
12.192473
11.268770
11.483329
11.728701
11.743398
11.161960
10.544119
11.542285
11.674678
11.807894
11.695263
10.950283
12.295082
11.895453
11.275738
12.142285
10.899833
10.758707
12.199217
11.559721
11.852652
12.327408
10.554836
11.343601
12.135790
11.917444
11.996713
11.156941
10.768008
10.694667
10.763143
11.232383
10.767359
11.750404
11.279483
12.233603
10.599520
11.368236
11.565788
12.089910
11.501051
11.574351
10.932134
10.900202
10.764687
10.984797
11.677903
12.434973
11.986246
11.899943
12.309792
12.229061
11.432066
11.842759
12.417044
11.073176
11.951179
12.123732
11.646214
11.805238
12.466978
12.110390
11.569625
12.246754
12.179883
11.445655
11.443572
11.905941
12.272621
11.919312
12.176083
11.283630
11.995540
12.360098
11.090089
11.131480
11.423450
11.020085
10.939808
11.346094
11.239899
11.543921
11.861001
12.334591
11.662031
11.375793
12.258845
11.040370
11.452075
11.280706
11.494776
11.085993
12.205479
12.333544
11.070611
10.931085
12.029451
11.001194
10.716183
11.205234
12.383029
11.556800
12.031595
11.489851
11.795029
12.207687
11.471100
12.152965
11.470857
11.336193
11.220942
11.592958
11.656895
11.878961
11.059016
11.578997
11.190649
11.525187
11.445753
11.800680
11.232148
10.831444
11.087829
11.606961
11.889976
10.930145
10.690240
12.255241
11.608183
11.672869
11.073365
11.002565
12.364685
11.937319
11.941774
11.757712
12.309267
12.327073
11.947875
10.831364
12.348130
10.921969
11.402414
11.410014
12.001552
12.140476
11.823021
11.305159
12.371014
11.583028
11.121547
10.873794
10.922652
11.602313
11.427317
11.520936
11.539601
12.025545
12.402931
10.875125
11.100301
10.834282
10.950159
12.054860
12.253147
11.220483
10.713417
10.889012
11.453462
12.378888
12.107839
10.891719
10.777571
12.361660
11.239690
11.715336
10.858723
12.239773
10.942187
10.877473
11.601411
10.749952
12.466783
12.326758
10.843610
11.533769
11.969580
10.896318
12.340582
12.369436
11.915615
11.178155
11.699392
12.315070
11.312382
12.325678
12.254525
11.385948
11.701780
11.386190
11.425240
10.859687
11.905222
11.770294
11.933653
12.167080
12.019679
11.165971
12.220232
11.905608
12.125698
10.540483
12.221960
12.124848
10.664480
12.106578
11.385410
11.996452
11.997412
12.347136
11.169483
11.990134
11.116186
12.459845
12.136738
10.954547
12.210653
12.419807
11.871620
12.370671
10.801240
11.536826
11.007393
11.947852
10.933765
11.168316
12.198349
12.238563
11.434023
11.858158
10.821378
11.942386
10.622095
12.122994
11.328439
12.283893
11.369195
11.641895
11.886815
12.210227
10.611409
11.770123
11.001711
10.629792
11.318113
11.958892
11.573942
11.271139
11.888643
10.953016
11.760893
11.638092
12.050889
10.671080
11.190990
11.579026
11.930002
11.691985
11.584683
11.901503
12.302328
11.715783
12.235096
10.921692
12.251639
12.403716
10.911394
11.292092
11.340255
11.666847
10.715327
11.109948
11.565690
10.868404
11.882424
11.695790
12.028783
11.264511
11.591344
12.025712
12.145048
11.604797
10.850054
10.718614
11.269622
10.590063
11.655411
11.965885
12.113312
11.013044
12.117274
11.516635
11.911331
11.641529
12.046703
11.535956
12.452651
10.762317
10.856358
10.979704
11.997572
10.763574
10.915768
11.859818
11.032734
10.780468
12.276765
11.671354
10.615920
12.335465
11.947337
12.207095
11.773468
10.750554
11.441565
10.921453
12.240623
12.093085
11.896507
11.048063
11.603809
12.135302
12.242367
11.547783
11.521069
12.011696
11.238191
10.735604
11.130433
12.408993
10.768136
12.203991
12.392570
12.356643
10.874556
12.041789
11.638248
10.766462
12.285739
11.570350
11.561233
11.261414
11.294577
12.365491
11.994099
10.976147
10.743147
10.976153
11.774515
12.204859
11.773543
10.690175
11.102985
10.762252
11.024895
11.771235
11.604650
11.059071
11.732728
12.138895
11.883641
11.486742
11.671266
12.544721
11.860554
11.208594
11.370791
12.406674
10.781132
11.252400
11.030763
11.832717
12.269618
11.923264
10.937051
11.967365
12.022031
10.874410
12.175579
11.088563
11.701958
11.970320
11.509463
11.868061
11.551063
11.267447
12.251120
11.636113
10.862456
11.705984
11.886744
10.872091
11.398259
11.474419
11.178907
11.650887
12.158918
11.846598
11.436192
11.249363
11.855480
11.900547
11.788417
11.226830
10.869162
11.760436
11.124084
11.094777
10.855021
11.782543
11.697426
11.979247
11.268236
11.860505
12.096642
11.961366
11.986848
10.806028
12.345631
10.507118
10.778619
11.350789
12.112457
11.601678
12.314016
10.813829
10.918697
12.200445
11.449328
11.090770
11.063280
12.233770
11.181775
11.889665
10.757388
11.438207
11.460103
12.357731
11.452650
12.129454
11.709364
12.311872
10.726897
12.288531
11.929403
10.993610
12.459117
11.892485
11.893526
11.907447
11.592237
12.284694
12.309023
12.318508
11.899997
11.719696
11.769520
10.903706
11.674042
10.760237
11.397524
11.697966
11.841149
11.150872
11.299379
12.095475
10.966530
12.176442
11.374419
12.190952
12.430131
11.575602
11.332863
10.796020
10.767648
12.008746
12.118820
11.439459
11.494983
12.036269
11.887567
11.531641
10.975956
11.672296
10.696093
12.118963
12.044411
10.643937
12.239374
11.332441
11.500355
11.740018
10.865531
11.938410
10.997959
11.432342
12.319892
11.570630
12.372784
11.107410
11.767376
12.042219
11.766066
12.344209
11.040116
10.750622
11.243132
10.806231
10.779735
11.668909
10.808917
11.491569
11.365718
11.302215
11.817653
11.636605
11.160807
11.261704
12.098125
10.871028
11.116541
11.010578
12.253860
12.355175
12.311168
11.977719
12.195732
11.313579
12.318464
11.545716
12.412278
12.166117
11.164760
10.913720
11.471567
12.176322
12.344897
11.506725
11.644640
11.588167
11.286455
11.642823
11.804028
11.757609
10.972746
11.321381
11.854610
11.057468
11.549658
12.039865
11.924721
11.492958
11.717676
11.578522
10.770727
11.222369
11.256041
10.977702
12.320256
12.222754
11.831517
12.130802
10.933982
11.488143
12.222273
11.574631
10.813217
11.235208
10.682008
10.524877
12.192586
12.141861
12.315062
10.910923
12.378906
11.410384
10.589891
11.221079
11.075406
11.602010
11.232128
12.241479
10.864482
11.464385
12.250194
11.035451
11.351783
11.237841
11.965531
11.821740
11.900789
12.053300
12.459676
11.054850
11.571663
11.962250
12.315001
12.029328
11.354895
11.133648
11.787003
12.389760
11.624303
11.236295
11.187072
11.675189
11.631734
10.944538
10.940583
11.441390
12.164231
11.780362
11.935302
11.986218
10.914801
11.729781
10.659261
12.358387
11.376506
11.694313
12.189205
10.693381
12.252603
11.759935
11.198283
12.366947
12.159663
11.210806
12.473663
12.225930
12.066409
11.715274
10.654008
12.427856
12.474929
11.263300
10.790204
10.738440
10.948708
11.342921
12.096700
11.983098
11.663517
10.817373
12.009861
11.311935
11.989816
12.048986
11.919401
11.910033
11.776389
11.743980
12.186899
10.654532
11.408564
10.834381
12.325967
11.488019
11.984775
12.299149
11.459301
11.416532
11.332995
12.199395
12.233769
11.566224
11.975487
10.621683
12.157440
12.297383
11.665669
12.255181
11.977646
11.903146
12.102943
11.373774
11.310141
12.063920
11.784416
12.085833
11.920531
11.606006
10.990916
11.186465
11.971557
12.415366
11.242429
11.863722
11.884279
12.386422
11.992833
11.212796
11.878905
10.767156
10.972597
11.918906
11.280807
11.133480
11.309500
11.829153
10.994152
11.771780
11.921672
11.379146
12.111871
12.059917
11.174541
12.163205
12.127291
11.861842
12.087341
11.643513
12.103440
11.495722
11.631296
11.929538
10.989542
11.611703
11.282635
10.715795
12.090433
11.695384
11.063238
12.203737
11.610662
12.065025
12.217824
11.004266
12.071605
11.904427
11.963901
11.142621
11.010132
11.396507
10.836667
10.872264
11.620963
11.616450
10.876772
11.113340
12.143643
11.124466
12.157250
11.252418
10.645037
11.135584
11.971317
11.826831
12.119168
11.930650
11.014364
12.100492
11.181909
11.552404
12.169603
10.708563
10.862008
12.132073
11.709766
11.858185
11.460051
10.792119
12.341962
11.141954
11.167967
11.590258
11.999558
10.854990
11.866829
12.148279
11.482455
11.465613
10.811409
12.307010
11.855058
12.490539
11.179286
12.075124
11.530306
12.446152
12.296176
10.880017
12.388465
11.640914
11.507645
10.843824
11.834435
11.960688
10.614426
10.904842
12.306326
11.257622
10.848360
12.263167
11.502907
11.578244
11.332742
11.256651
11.016777
11.013620
12.269974
12.378646
11.435506
12.429294
11.859923
11.570145
11.841862
11.444784
11.835938
11.967003
11.312110
11.896880
11.109784
11.726280
11.486401
11.875226
11.025458
11.731726
11.131926
11.717022
11.866359
10.870900
10.837740
10.742841
12.096563
12.400934
10.739747
10.939857
11.423394
11.991337
12.126037
12.250740
11.989267
10.840224
12.308669
10.703605
10.926061
10.963248
11.579215
11.205498
10.670810
12.431504
11.306400
12.329524
11.132292
12.332297
11.528256
12.291302
11.901913
12.439717
10.842794
11.864495
10.824717
10.731093
11.327590
12.372567
10.962980
12.258361
12.172605
11.039314
11.992500
12.170256
10.649379
12.387345
11.325734
11.033701
12.380852
11.145354
12.249761
11.171220
11.608694
11.856026
12.207794
10.687451
12.331052
12.065717
12.473503
12.237829
12.274632
11.490161
10.964811
11.109145
11.404148
12.293967
10.911320
11.874240
11.573774
10.930120
11.607202
11.657916
11.410998
11.721952
12.036043
12.353949
11.575027
10.599044
11.553740
10.735959
11.751758
12.276351
12.291734
11.598187
11.435286
12.117472
11.884953
12.137646
11.405455
11.345212
11.847452
12.315932
11.227815
11.276102
11.699194
11.825458
12.053345
11.793985
12.037311
11.136526
12.326223
11.259967
11.851895
11.128743
11.507118
10.840708
10.409382
11.539427
12.020045
11.941124
11.404845
11.176166
10.945786
10.840191
11.897063
10.997820
11.739045
11.038705
11.984040
11.342396
12.019516
10.796915
11.177289
10.725706
12.318574
10.768052
11.156867
10.643392
11.519303
12.206314
12.254483
11.577518
12.190875
11.556733
10.648169
11.519854
12.220251
10.869464
11.472111
12.243741
11.447651
11.130688
12.083496
11.795065
11.516927
10.491382
11.073885
11.088280
12.122247
12.209803
10.774291
12.164172
11.588455
12.117379
11.362685
12.203371
11.195008
11.982102
11.154175
11.522562
12.004351
10.945281
11.347148
12.394747
12.083213
10.994200
11.495073
11.417393
12.397498
11.166344
11.871951
11.912254
12.018187
10.680891
10.880585
12.006080
10.870338
10.968104
10.874568
11.485937
11.933250
12.137835
11.748017
11.563774
12.397741
11.665320
10.939469
11.631233
10.937440
11.913638
12.265547
12.217541
12.059916
10.777161
11.902674
10.926736
11.570724
12.198321
10.931007
11.012673
11.503721
11.338772
11.290794
12.419120
10.929064
12.125885
11.805086
11.837409
11.226943
12.118284
11.071993
11.397678
11.239956
11.368010
10.587739
11.130089
11.511280
11.383881
11.804689
12.422995
10.733025
11.465823
11.699754
11.294245
10.801005
11.999422
11.461735
12.309738
12.060475
12.093328
11.054517
12.374340
11.740818
11.754618
10.592183
12.271496
10.653681
11.677602
11.611183
12.161649
12.364283
12.167349
11.631259
11.764354
12.232714
11.802477
11.482554
10.704636
12.211809
11.849547
12.370918
11.736476
10.977759
11.307659
11.131156
12.378776
11.081929
11.547679
11.955425
12.256898
12.018229
11.511321
12.493985
11.479136
11.173847
11.331612
11.826924
10.926336
10.809622
11.661120
11.065907
12.002935
11.883520
11.493086
12.342927
12.484663
11.201339
11.513813
10.649831
12.286397
10.828207
10.926517
11.809890
11.146704
12.264007
12.047515
11.684603
11.080732
11.944906
11.221540
12.356342
11.362929
11.962421
11.477775
11.538415
11.999254
12.294373
11.514088
11.384724
11.565878
11.471747
11.923383
11.305715
11.273252
11.772670
10.866195
12.346114
11.248052
10.730953
12.178973
12.411561
11.304427
12.152244
12.408237
11.164964
12.278800
12.434139
12.280300
11.786152
12.506238
10.699227
11.607248
12.064760
12.378639
11.934717
11.667791
12.011637
11.456683
11.877226
11.947033
10.834202
10.861533
11.177931
11.046888
10.601098
10.929504
11.200227
10.856203
11.953864
12.058266
10.655541
12.286829
12.087150
12.128509
12.272546
11.432158
11.812985
12.384823
12.380668
12.356706
11.948625
12.119223
11.681088
12.361062
11.498811
11.986612
11.778411
12.281323
11.663072
12.124305
12.155443
11.096651
12.187457
11.899108
12.153242
12.153941
11.937164
11.181711
11.511599
10.795182
10.842962
11.596835
11.644658
11.082989
12.316883
10.735112
11.327212
12.237095
12.396103
11.798021
12.080579
11.388308
11.818930
11.108404
12.049434
11.369647
10.733832
12.456592
11.915070
10.771053
11.643629
11.961857
10.680228
12.138294
11.269598
12.478202
10.757892
12.464097
11.329718
11.724113
11.034851
11.753359
11.515144
12.000614
11.728194
12.421349
11.725735
11.153150
11.184916
10.807014
12.374487
11.318570
11.329547
11.377493
12.052587
11.741719
12.067420
12.382093
11.528496
11.103531
11.971041
12.032192
12.105383
10.765308
11.905599
12.023918
12.031712
12.068081
12.099303
12.072794
12.226158
10.599126
11.242033
10.730926
10.805007
11.369333
11.040152
11.292046
12.053166
11.884221
10.798342
11.918651
11.214537
12.012942
12.307465
12.206601
11.506448
11.527169
12.418960
12.322456
10.813894
11.620704
11.134074
12.188338
10.796853
12.163644
11.080193
12.327786
12.062673
11.828376
11.908043
11.866272
11.717126
11.303778
10.626073
10.757362
12.207264
11.419352
11.048923
11.036556
12.272020
11.238416
12.152476
11.805262
11.311718
11.360339
12.060826
11.583492
12.299824
11.701006
11.614062
11.474934
11.152060
12.352751
11.976569
11.765377
11.693304
12.320391
10.873121
11.398995
11.340032
10.641908
11.980006
11.816760
11.966809
10.923525
10.931644
11.670017
10.811284
11.783012
12.059660
11.289750
11.622476
11.250932
12.186257
11.933788
11.191284
11.583181
12.399525
11.950480
11.167533
10.797126
11.841198
12.055006
11.475945
11.174694
11.706624
11.928743
11.125801
11.948721
12.185326
12.384051
11.929746
11.630689
11.759565
12.053472
11.185651
11.651387
11.942506
11.488427
10.699938
11.413339
12.477589
12.017470
12.537637
12.167909
12.406698
10.854562
11.475822
10.686811
12.386050
12.392981
11.846376
11.693281
11.020033
11.294995
12.226668
12.151182
12.222938
11.335532
11.517346
11.469876
11.639745
12.389236
11.482698
11.569458
12.495906
12.078094
11.445144
12.022226
11.478174
10.874863
11.504513
11.172119
10.876347
10.961746
11.980856
11.164258
10.986013
12.002992
11.605362
11.631907
11.604033
11.267992
10.652823
11.634355
12.274057
11.882163
11.520897
11.546824
12.020613
10.797963
11.314876
11.453181
12.006284
12.384089
11.406347
11.155670
12.389718
11.028375
12.019498
12.130760
12.159197
12.251191
11.576263
10.726993
12.074099
11.197313
12.445996
11.433404
10.945777
10.741076
11.737904
11.558993
12.061886
12.386008
11.268582
11.742284
11.250398
11.942541
11.536854
11.647683
11.634812
12.208282
12.229396
11.402080
11.879981
11.051036
11.477882
10.829557
12.022329
12.211523
11.342711
11.716156
11.472239
12.283297
10.673681
11.314291
10.781168
11.139637
10.763769
10.882456
12.078379
11.809854
12.114401
11.139942
11.702116
11.058795
11.251513
11.797679
10.983669
12.388716
11.478913
11.212413
11.814291
12.392017
11.223998
10.762599
11.960536
12.146902
11.623520
11.621806
10.935615
11.212164
12.183096
11.383116
11.431911
12.350897
12.004055
11.865711
12.287207
11.454943
11.471067
12.146819
11.947465
11.759545
12.043274
12.139755
11.635474
11.926204
11.260299
11.955800
12.116624
11.144371
12.170941
11.294246
10.560650
12.367331
11.179564
11.277489
12.264618
12.231168
10.611201
11.597496
12.054971
11.273962
11.246487
11.902824
11.487108
11.203840
10.675116
11.710499
11.535815
11.907632
10.979564
12.375689
12.079248
11.954724
11.718107
10.834321
10.493913
10.736084
11.745003
10.919196
12.138539
12.397686
11.507613
12.181961
11.473424
12.377102
11.647765
11.805698
10.981728
12.100849
11.172281
12.028532
12.336863
12.216974
11.422065
11.598938
12.371663
12.098296
11.717241
11.777518
11.061504
11.143610
12.406389
11.327248
12.059287
11.140797
11.746847
11.503448
12.127505
11.437122
11.573674
12.000222
10.730458
11.247433
12.287675
11.803378
11.173770
11.903441
11.898191
11.075076
11.614794
12.462961
12.446712
12.266858
11.528666
11.288231
12.353187
11.151006
11.467988
11.834767
11.012171
10.692106
12.043527
10.969525
11.470397
12.240617
11.791761
10.703939
11.672392
11.350503
12.356411
10.746312
11.320422
10.730403
11.588209
10.690830
11.606273
12.214969
11.319897
10.905467
12.254554
10.958414
11.851598
11.907162
11.839780
12.404680
11.655230
10.901944
11.745153
12.077247
11.290072
11.841614
11.497049
11.324210
11.826337
11.788867
12.170634
12.008656
11.319414
11.356053
11.549353
11.162307
11.980302
11.841846
11.577433
11.961496
11.123739
12.383411
11.321243
10.524603
11.750742
11.586308
10.628132
11.756515
12.293898
10.758813
12.199785
11.300217
10.874565
12.378633
12.081212
11.945870
10.720716
12.213625
12.210052
11.239145
11.828929
12.216229
11.073952
12.106540
11.631943
10.851262
12.314737
11.798291
12.345153
10.992773
11.953494
10.641552
12.013831
11.371989
10.975369
11.036453
11.475247
11.158707
11.567436
10.934582
11.154780
11.294576
12.219824
12.381986
11.646866
11.568302
11.998263
12.281891
11.709014
12.027679
12.404033
10.611202
12.132420
10.819102
11.776814
11.499276
10.849973
11.932364
11.808006
11.238420
12.155940
10.707103
11.971919
11.737980
11.451180
11.138451
11.459916
11.419085
11.019779
11.813360
11.287158
12.052596
12.027361
10.702995
10.924735
11.323116
12.272817
11.587884
12.076336
12.043367
10.927438
11.304676
12.259641
12.507709
10.737505
12.158731
11.754251
11.402962
10.993135
11.945996
12.115291
11.120845
10.780825
11.293206
11.978240
10.981220
12.333850
11.742256
11.623130
11.999316
10.780579
12.201685
12.070280
11.548919
11.685264
11.974162
12.289470
12.243494
12.019899
12.082116
10.604227
11.688101
12.167993
10.889703
12.341579
11.448477
12.248666
12.014137
11.980085
10.916924
12.200540
11.354847
10.839681
11.980765
11.984907
11.326153
12.349392
12.462814
11.374158
10.907702
10.809972
11.466410
12.189120
11.290954
12.057515
11.451691
12.328474
12.076458
11.658563
12.138016
11.822817
12.472301
11.384952
11.450894
11.119355
11.236908
12.175643
11.501883
11.134861
12.462804
11.026125
11.941262
10.786772
10.702313
11.033441
12.111040
12.159211
11.719329
11.788629
11.668661
12.158630
11.875854
10.989402
11.921190
11.298829
10.681224
11.891647
11.789518
12.161320
11.371742
11.912177
11.689024
12.365416
11.408257
11.808276
12.302930
11.378800
12.387874
10.694764
12.128787
11.042797
11.233214
12.125138
11.659652
11.733183
11.042395
10.811065
10.975420
10.760524
11.364346
11.847115
11.213375
12.091189
11.059029
10.595540
12.144749
11.296085
10.785604
10.753914
12.204172
12.098937
10.760384
11.099722
10.958516
11.465579
12.197676
11.231309
11.445689
12.076709
10.990135
11.456489
12.132303
11.217171
11.029403
10.697999
10.966461
11.910172
11.714133
11.710747
12.253617
11.636417
11.714199
11.296468
11.303488
11.620304
11.626176
12.097021
10.782353
11.213850
11.916275
10.905105
12.066729
11.855615
11.100636
11.057200
11.632212
12.179865
11.803330
11.005491
11.580778
11.292771
12.087354
11.127608
12.038256
12.005175
11.061374
11.633042
12.254368
11.125970
11.092234
12.226658
10.824486
11.773493
12.286606
10.932087
11.194998
11.642882
10.765249
11.362309
12.478394
12.237752
11.461681
11.907942
11.356258
12.033272
12.141666
11.679422
11.978748
12.011583
12.216723
11.046850
12.112914
10.876119
12.351824
11.573203
11.155130
11.406176
10.870083
12.423814
11.446125
12.200461
11.432379
11.971958
11.326053
11.364516
11.172481
11.772471
11.953840
11.715320
11.344769
12.117721
11.714041
11.612993
12.380334
10.993843
10.932201
10.975482
11.211256
11.097918
11.754650
11.556506
11.322865
11.492211
11.848110
11.448202
11.879720
11.395160
11.776345
10.663929
10.863169
12.341287
10.639820
11.214363
11.386552
10.650436
12.554048
12.298115
10.856846
12.118098
11.451505
11.479894
11.927324
12.420483
10.708208
11.419439
12.177249
11.340098
11.510166
11.378009
12.469717
11.158540
11.165628
11.513070
12.365768
11.793773
11.103379
12.378178
11.899225
12.459712
12.404640
11.221662
12.460072
12.349695
11.956576
12.392429
12.312637
11.610296
11.788808
11.803268
11.139229
12.447901
10.825262
10.940838
11.629182
11.781465
11.611385
10.752077
10.709932
11.983424
12.124606
12.377488
12.318209
10.804209
11.594850
12.406940
12.297850
11.172960
10.652156
12.067871
12.127752
12.157587
11.135011
11.901918
12.368061
11.497688
11.789499
12.366033
12.162750
11.816710
11.470171
11.863861
10.939716
12.208885
12.285238
11.295800
12.360702
11.642920
11.537814
11.013305
10.701101
11.725989
11.184273
11.167639
11.036516
12.388479
11.434027
11.698518
11.557106
11.026752
10.910324
11.610277
10.728743
11.623500
12.272197
11.376202
11.782056
11.427379
11.094445
11.137000
12.155863
11.551460
11.677459
11.685535
11.524247
11.653242
11.546138
10.655880
12.156341
11.352820
11.652328
12.026948
11.132171
11.143871
10.416449
11.997877
11.446630
11.456997
10.989852
12.428208
11.519931
11.376742
11.255470
12.004809
11.343499
11.102988
12.039661
11.920260
11.329555
11.838378
12.295763
11.334883
11.644683
12.282127
11.398364
11.547589
10.961561
12.106954
11.378177
11.351494
12.392117
10.887339
11.442448
12.322098
11.317691
11.108136
11.894038
11.012506
12.462839
11.441635
12.092477
11.861843
11.767210
11.836379
11.835725
11.213029
11.692017
11.097349
12.002118
12.197253
12.107899
11.822225
12.212562
12.079497
10.699167
11.290969
11.881163
11.339431
11.323803
11.647563
10.968274
12.171188
11.031170
12.510739
12.077075
11.772083
12.421892
11.079700
11.047908
11.553270
12.278702
11.274509
11.452582
12.062370
11.945648
12.267913
11.786217
12.183958
11.196559
11.620814
11.033553
11.239307
10.852307
10.971053
11.073809
12.257035
12.061483
11.436684
10.928731
11.530168
10.889304
11.958767
11.779310
11.150100
11.872947
10.998123
11.619790
11.423947
10.833453
11.318415
11.101303
11.375593
12.304106
11.906695
11.206499
11.046234
11.337985
11.366417
12.237426
11.332219
11.680373
10.548694
12.346899
11.245517
12.210018
11.386427
10.986793
11.365595
11.728494
12.036674
12.093472
11.761990
11.162600
11.016962
11.182406
11.991172
10.721148
11.454999
12.296935
12.406439
11.658061
11.021423
12.324146
12.340388
11.179397
11.114777
12.169305
12.056481
11.759854
11.583450
11.615896
11.266841
11.899316
12.323991
11.849245
12.189977
12.316508
10.713107
11.499253
12.384684
11.326644
11.639658
12.408227
12.334843
12.211142
11.481533
11.345858
12.041537
11.923900
12.039737
11.597404
10.818449
11.718064
11.825722
10.686437
11.988664
10.929004
10.575419
11.242871
11.309359
11.982611
11.700622
11.141296
12.206678
10.864406
11.597728
11.785046
11.181072
11.150518
12.009318
11.979533
11.380007
11.347085
11.441850
12.120119
12.295461
12.055389
12.055389
