12.055383
12.021256
11.959820
11.393661
11.994655
11.580792
12.327120
10.855013
10.576826
11.496089
11.923460
12.346177
12.250566
12.356100
11.041643
11.926376
12.038244
12.242756
10.865310
10.909395
12.053592
11.486525
12.110739
10.925695
10.867356
11.133665
10.675057
11.924102
12.114590
11.192018
12.412744
10.629878
10.773767
11.350035
10.652745
11.984118
11.602169
11.061094
12.376712
10.986003
11.825945
11.110509
11.962495
11.808916
10.759187
11.006482
11.623590
10.804654
10.998861
12.235555
10.973728
12.398038
12.102035
10.997579
11.671595
12.377704
11.803213
12.186198
11.663572
11.733635
12.432040
11.067307
10.938148
11.169279
11.682383
11.033747
12.431851
10.733845
12.291041
12.213370
12.177824
11.694657
11.922414
11.763283
11.836092
12.174225
12.236569
12.197330
11.223829
11.335815
12.156476
10.845197
10.954363
11.061324
11.861811
12.339345
10.913784
11.864991
12.115113
10.582845
11.604722
11.520858
12.106145
12.113938
12.022967
12.343047
11.674918
11.454631
12.086383
12.231450
11.322028
11.465217
12.206002
10.899807
12.312965
11.533554
10.769290
12.031104
12.279049
12.434768
11.790274
11.666279
10.840727
12.257743
12.110907
12.332983
12.423457
10.894337
12.204811
12.202519
11.790281
11.686736
11.552181
11.650175
12.258354
12.063473
10.739501
12.253383
12.377906
10.861400
11.932119
11.336470
11.065274
12.262459
12.401822
12.323695
10.682729
10.730023
11.033837
10.770303
12.053549
12.471384
10.618180
10.711812
10.824815
11.763838
11.377582
11.875819
12.383989
11.306967
12.469969
11.424697
11.334868
11.673543
10.999446
10.907691
11.449226
11.031487
12.206020
11.781844
11.856189
11.152869
12.057679
10.939051
11.246159
11.335644
11.931448
11.352134
11.002470
12.157593
12.080367
11.148513
12.332831
11.141053
11.848019
11.125264
12.329459
12.088977
11.997071
12.404064
11.954713
12.211484
11.645535
11.540852
11.473654
12.365247
11.140480
11.381094
12.457737
11.196355
11.128855
11.619003
11.783550
11.483818
12.179217
12.354111
11.286438
10.639333
11.096934
12.291932
11.137366
11.988734
11.507864
10.684382
11.891860
12.256873
10.602659
11.929767
10.663110
10.618978
12.158441
12.268744
12.192596
12.231690
12.306843
10.745951
12.335946
11.502294
12.223228
12.116631
12.288248
10.921884
12.178202
11.599161
12.123464
12.182484
12.138290
12.449073
12.319925
12.268355
12.280103
10.877388
11.625621
11.145307
11.687746
11.198398
11.036692
11.738813
11.788040
11.282656
12.055681
11.390744
10.750147
11.102167
12.217101
11.649408
11.545767
11.833682
11.233570
11.757109
11.773851
12.088443
10.741798
10.724832
11.626882
11.744172
11.524935
11.356786
12.163123
12.025608
11.456553
11.459595
12.020530
10.494398
12.210097
10.976563
11.300815
11.311724
12.029711
11.813112
10.789516
11.278932
12.099742
11.372722
11.080295
11.969019
12.228691
11.184592
12.213131
11.403931
11.679176
12.007955
12.215049
11.800717
11.826786
12.133016
10.931321
11.727973
11.441998
12.328215
12.387147
12.088681
11.068343
11.803527
11.910076
11.126236
11.725051
12.008244
11.405012
12.160976
11.850735
11.516036
12.062594
11.720449
12.463625
10.956158
10.844535
12.347343
11.376180
12.131653
11.513367
12.299771
11.800935
11.420669
11.545595
11.990554
10.739064
12.389393
11.407897
11.465773
12.457475
12.133597
11.076826
10.825439
12.484612
10.981016
10.716154
10.981881
11.859572
12.337768
10.597751
11.468585
11.402246
12.292849
12.285295
11.368038
11.626757
10.704721
11.295820
11.972740
10.717743
10.973864
12.255098
11.944547
11.992096
11.531386
10.964894
11.050398
10.787557
11.637269
11.778605
12.157066
12.370571
11.215474
10.994144
12.214995
12.169162
12.342259
12.330756
12.017217
11.162273
11.691366
12.312000
11.725304
12.424235
10.735716
10.786763
10.627069
11.121096
11.617576
12.533873
11.162715
12.191025
11.024934
12.339711
11.875767
10.719502
11.510386
12.016641
11.642163
10.932206
11.309964
11.428486
11.550927
11.178160
10.986585
11.569419
11.499742
11.814031
10.750952
11.408153
11.014163
11.003964
11.280991
11.342581
12.435269
11.423377
11.297260
11.720146
11.934237
10.796787
11.399236
10.702158
11.464231
11.883449
11.595954
11.217472
12.408540
11.034626
11.537868
11.855388
12.209370
11.255560
12.314416
11.138466
11.829947
11.777278
10.870276
11.262211
12.058386
10.773078
11.955422
11.338388
11.108628
11.472775
11.664355
12.075223
11.093503
11.966378
11.116829
11.963879
12.268412
11.865611
12.410542
10.773135
11.470694
11.917578
10.637294
11.237531
11.927988
10.989205
11.323748
11.626954
11.826077
11.225080
11.368293
12.406776
11.349853
11.327173
11.402306
11.874761
12.090629
12.317688
10.917385
11.597006
12.408779
11.795481
11.617848
11.980708
11.973051
11.469729
11.896369
11.791689
12.012797
12.091243
11.788825
11.603276
10.640574
10.974587
10.736114
11.355451
11.919740
11.476244
12.266064
11.556862
11.766660
10.776360
10.613387
11.128831
10.641009
11.829268
11.715658
11.595964
11.636818
11.372813
11.537032
10.864315
11.666026
11.525170
11.396084
11.460241
11.787530
12.022010
12.319357
10.780192
11.676003
11.582542
10.830073
12.322268
12.397418
11.277446
11.939082
11.686652
12.151739
12.266187
11.145179
12.450448
10.613342
12.007058
11.985635
12.015159
11.223527
11.273050
11.793927
12.149148
11.636203
10.985016
12.119351
11.039343
11.039007
10.976472
11.895851
12.102595
11.051785
12.066084
11.861612
11.133186
12.197951
10.759701
11.893404
12.065940
11.557514
11.040241
11.272117
11.170643
12.023109
11.020167
10.929119
12.172959
12.032924
12.340111
11.687034
11.927677
11.709603
11.777844
11.660068
12.018796
12.386700
11.873517
10.757301
11.945107
11.835440
12.214457
11.297993
11.924251
10.915386
11.263252
11.382418
12.476374
11.427910
10.780386
11.567730
10.671730
11.635379
11.878088
11.116607
11.990418
12.409362
12.171682
12.202868
10.816863
12.177068
12.118275
11.994124
11.191862
11.430007
11.256619
10.843494
11.357158
11.054051
11.565641
11.320480
11.006202
11.516835
11.150909
11.686345
12.217568
12.315934
12.372996
12.142199
11.303561
10.918491
10.686009
12.330716
11.964085
12.150552
11.790955
12.046185
11.793147
10.691681
12.334911
12.394661
11.308834
12.208036
11.261672
11.150076
11.399031
12.066842
12.335795
12.066070
10.792468
12.254821
11.193945
12.255605
12.383762
11.613275
11.262948
11.426390
11.050336
12.361624
12.185861
12.047996
11.826665
11.697600
10.809488
12.299064
12.201088
11.727981
11.126175
11.656293
12.218621
11.473613
11.259202
11.839489
11.505388
10.918171
11.850184
10.906482
10.793704
12.254078
11.601598
11.745746
12.154082
12.328622
10.994412
10.863724
12.021523
11.725593
12.077956
12.028464
11.013493
10.767306
11.380838
12.322874
12.192925
11.236351
10.729322
11.206982
11.065945
10.995471
11.213889
10.828085
12.001952
10.709669
11.662733
12.315489
11.767390
11.278402
10.788155
11.621167
11.007564
12.128003
12.304667
11.593936
11.725378
12.060672
11.716292
11.798585
10.967413
11.981572
12.054426
11.842126
12.202328
11.627442
12.242696
10.616826
11.486628
11.758783
12.046552
11.535538
11.797571
12.202052
10.852726
11.701336
11.334065
11.439048
12.296819
12.277845
11.781670
11.048988
12.205756
11.387498
11.098733
12.316200
10.693301
11.670281
11.425465
11.237348
11.607773
11.789523
12.050550
11.500920
12.281184
12.130290
11.888559
12.199266
12.391416
11.829212
10.889350
11.439751
12.312954
12.192696
11.234626
11.654053
12.118923
10.940200
11.906900
11.846194
11.717043
10.588921
11.183556
11.535149
10.671154
11.526327
12.343365
11.096103
11.803489
12.482601
12.134049
11.398281
12.405587
11.147683
11.291697
11.382153
11.493596
11.579986
11.350729
10.810054
11.394086
12.250925
10.672388
11.550780
12.075853
12.248360
11.135097
11.470339
11.253399
10.991489
11.921571
12.338963
11.274959
12.358599
11.810619
12.223986
12.171382
10.706976
11.416134
11.525588
12.406924
10.629054
12.411414
10.728750
12.203516
11.898475
12.320412
12.441945
12.038596
12.010629
11.700055
11.430219
11.667059
11.588456
11.256189
11.560328
11.827562
11.797058
11.308942
10.739237
12.037963
10.993647
11.268336
11.824959
11.647252
11.754228
11.219190
10.996809
12.391836
11.835471
11.258541
11.650158
12.255427
11.869931
11.832303
11.513530
11.477295
11.075872
12.027601
11.227171
10.850063
11.141196
11.527934
10.625110
12.348683
11.060246
12.207387
11.972210
11.481388
11.927546
11.006296
11.035072
12.048867
10.669964
11.913811
12.313373
10.705175
12.312841
11.939643
12.534209
11.282925
10.949242
11.586199
11.230470
11.566909
11.655194
12.268738
11.769962
11.689664
11.862752
11.081096
11.887662
10.915259
12.303511
11.405663
10.619226
11.868783
12.434086
11.074478
11.956020
11.587720
11.564949
10.973151
12.251251
11.807093
11.775905
11.112104
11.745151
11.778753
12.425739
11.716209
12.193981
11.508256
11.531450
11.252663
10.817389
12.308307
11.247881
12.078492
10.863968
12.252145
11.160368
11.763184
12.233772
11.649227
11.787906
10.863777
11.390613
11.929138
11.389153
11.419511
11.806956
11.214850
11.518141
11.641014
11.970356
12.148684
11.924452
11.635386
11.578156
10.945871
11.561764
12.509171
12.259034
11.198711
12.261392
11.871237
11.522798
11.171799
11.545751
11.588125
11.158406
12.370637
10.881076
12.324409
10.824998
11.987305
12.278324
11.285195
11.972788
11.745909
12.278208
10.962685
11.430713
11.345759
12.151655
11.781471
11.610542
11.877558
10.582495
11.783452
10.751907
10.865929
11.992103
11.918139
10.719551
11.899536
11.820579
11.249627
11.926363
11.011315
11.064863
11.714287
11.483836
11.815899
12.333274
11.169822
11.437852
11.401283
10.822672
10.751041
11.912385
12.323358
12.115353
11.579034
11.715815
10.948697
11.874842
11.852470
10.875367
10.671301
11.501959
11.100331
10.922025
11.511510
12.011052
11.087492
10.780459
11.413012
11.120698
11.488418
10.954386
11.778112
11.431301
10.856425
12.159796
11.218068
10.846004
10.884429
12.355762
12.252783
11.190940
10.940524
12.482319
12.499586
12.403511
12.316848
11.918693
11.431407
12.124339
10.574206
11.732339
11.567031
11.081315
11.605845
11.550199
11.911150
12.060186
10.911262
12.113460
10.755092
11.241597
12.310672
10.967725
12.031859
11.721388
10.809082
11.048212
12.048108
10.606649
11.068116
11.890335
10.770945
11.981492
11.750486
11.313403
12.314186
11.055213
11.954048
10.963676
11.709553
11.023600
11.250131
11.858331
11.176390
11.061945
11.527730
10.947292
12.309716
11.079524
11.161206
11.457464
11.266127
12.007068
11.613455
11.961445
12.400516
11.901311
10.776282
11.164614
12.303120
11.523924
12.298520
12.217704
11.261993
11.736625
11.553750
10.822011
10.940335
12.279133
11.245698
10.999529
11.941827
11.216649
12.099959
11.711063
12.024195
11.141263
11.777841
10.799696
12.133553
12.100246
11.106215
11.672804
12.142613
11.496210
11.858438
12.382595
11.152626
11.123177
12.003571
11.904889
11.162785
11.882048
12.440523
11.841780
11.818398
11.949221
10.888150
11.515023
12.204703
11.852406
11.753701
11.243216
12.282533
11.871052
12.195620
11.832282
11.096325
12.131426
10.666698
12.270144
11.030650
11.802793
12.448739
12.110441
10.789768
11.999609
11.844695
12.357432
11.169583
11.289182
11.571518
11.490169
12.065147
11.645049
11.244971
11.112385
11.781337
11.583593
10.506917
11.192663
10.808191
11.937781
11.594849
12.085040
10.790789
10.852304
11.448407
11.791304
11.614890
12.489855
11.092653
11.207844
11.359865
12.079564
11.338025
12.059251
11.598512
12.299002
12.190130
10.688388
12.103278
11.302736
11.367601
12.219290
10.837752
11.634756
11.597316
11.633731
11.681975
10.879699
12.282464
12.519491
12.388538
10.677303
11.674717
11.350572
11.824849
11.646213
10.916655
11.807655
11.495786
11.401063
11.771377
12.017003
11.080250
12.114495
11.410321
10.627545
11.924673
12.192127
12.054585
10.927437
11.495890
11.111561
11.717474
11.273344
12.345764
11.584998
12.314836
12.293394
10.805745
11.402473
12.236375
10.723893
11.637742
11.612498
12.341429
11.136095
12.328319
12.009435
11.980171
10.562063
12.027438
12.093651
11.295896
11.594935
11.244065
11.418997
12.224529
11.986732
12.441661
11.816878
10.804139
11.401029
11.376826
12.428032
10.907540
11.358109
11.922459
11.866008
11.499622
11.881816
11.656422
11.153200
12.107848
11.960056
11.166394
12.235219
11.423906
11.439982
11.614087
12.229123
12.332155
11.573238
12.098787
10.898197
10.787739
10.805985
12.121932
12.362475
12.413557
11.278414
12.153033
10.721040
11.302218
11.239367
10.845622
11.735156
10.758837
11.797904
10.708141
10.868991
10.662490
11.660506
10.709267
11.223388
12.051024
12.236537
11.802259
12.125085
11.594577
11.143339
11.613543
10.955045
12.177680
11.829233
10.673458
10.964077
11.327788
11.803038
11.052050
10.974108
12.219374
11.831204
10.800384
11.957152
10.742217
11.567431
11.983436
12.155960
11.751383
12.059067
11.601171
11.589577
11.362858
11.683627
12.083769
11.197320
11.964122
11.505481
11.729652
11.397243
12.356279
11.303863
10.820102
12.437488
12.270194
12.254444
11.220967
10.622104
11.977375
11.740128
11.858593
11.865695
10.971434
11.374416
12.415305
11.319438
11.186639
11.099794
12.098140
11.706865
12.053640
11.123962
11.928991
12.409441
10.777088
12.078727
10.936605
11.701237
11.244370
11.588139
11.796486
11.699088
12.374961
11.218914
11.701006
10.664526
12.338144
11.983238
11.407068
11.622882
10.894933
12.215307
10.846839
12.164786
10.815220
12.067073
12.003793
12.363977
11.758331
11.920265
12.039813
12.117462
11.201646
10.725643
12.102082
12.212367
12.167115
11.518509
12.138301
11.470380
10.810512
11.510531
11.910368
11.540576
12.192263
11.802689
11.349187
11.277192
12.048964
11.487116
11.854050
11.631318
11.567288
12.372135
12.238512
12.005776
11.011669
10.697602
10.855072
11.113719
11.560929
11.985799
11.593770
12.372066
11.292773
10.482823
10.842611
11.254646
11.557495
12.270634
10.920089
11.694086
11.884588
11.588837
11.747732
10.670148
11.174479
12.340885
12.382881
12.074686
11.212082
11.400931
12.131619
11.924065
10.744139
11.086508
12.088819
11.411699
11.489249
11.221937
12.377538
11.954793
12.104862
12.407231
11.420241
12.319597
11.781276
12.093644
11.676086
11.958044
11.977964
10.926015
10.668009
11.849335
12.120298
10.699946
11.485981
11.107482
10.949497
11.723214
11.452284
12.158235
12.063055
12.053887
11.024025
11.646500
11.346536
10.884861
11.412978
11.315188
11.328710
11.256218
11.485191
11.798823
11.067239
11.970643
11.584951
10.736613
11.696577
11.712913
11.059092
12.432113
11.923642
10.545885
11.031618
11.441776
11.271375
11.539359
12.187020
11.921666
11.176405
11.854566
12.381972
12.156999
11.087077
12.419976
11.257761
11.783132
12.256000
11.505976
11.572187
10.924070
12.210652
11.742902
11.954995
10.952713
10.936279
11.343664
12.028874
12.056154
12.357765
12.090058
12.108652
11.482886
10.837672
11.862122
11.031080
11.748089
11.113004
11.049782
11.960911
11.439158
12.310095
11.192181
12.121334
11.530284
11.890148
11.962187
12.117838
12.034065
11.619269
11.906119
11.018589
11.135941
11.038469
12.158085
12.401327
11.586024
11.551380
11.101278
11.484623
12.251188
11.472063
11.479911
12.445826
12.464846
11.683642
10.805139
11.448526
11.744091
12.278930
10.881548
12.117578
12.448111
10.963495
11.487326
10.724089
11.586769
11.498716
11.650302
11.879378
11.350419
10.876073
10.927496
11.674457
12.417472
12.290468
11.268702
12.430650
12.243674
12.453243
12.414937
12.036012
11.001039
11.254296
11.976570
12.546374
12.421581
11.695080
10.997846
11.640362
11.830949
11.124073
12.368983
11.590220
12.018220
11.297493
11.096765
12.286245
11.186419
12.449722
10.896358
11.806389
11.212972
11.444309
10.734475
12.010202
11.081089
12.258684
11.536951
11.008754
10.722970
11.148156
10.710965
12.214182
11.344450
12.059260
11.717776
10.976804
10.930761
12.108269
10.874625
10.971790
12.271766
12.394708
12.142249
12.319222
11.946888
11.869496
11.619073
10.804350
11.830953
10.665749
10.673641
10.856440
12.192314
10.625244
11.335840
10.625747
11.039802
11.078080
11.256755
10.917763
12.035353
10.723976
12.138171
11.880997
11.942588
11.499271
11.738392
12.168312
11.484816
11.645365
11.419701
12.063454
12.304036
11.323806
12.280388
11.385584
12.338202
11.438527
10.876363
11.679462
11.738479
11.371758
11.775732
12.460468
11.115784
11.489878
11.968039
11.737832
10.913093
11.944729
10.810014
11.557281
12.087598
11.437433
10.685766
12.111340
11.351835
12.298264
11.078447
11.684150
10.904174
11.056776
10.752205
12.405603
10.855918
11.488299
12.123625
12.106801
11.790339
11.703167
12.182928
11.638814
11.635543
11.862624
11.375928
12.246017
11.354387
11.178749
12.050440
11.838183
11.198631
11.541930
12.414801
10.982471
11.421958
11.731552
11.863879
11.151846
11.939699
12.130749
10.902737
12.112742
11.386920
12.392784
12.097628
11.230414
10.679490
11.532980
11.555681
11.834603
11.489960
11.508590
10.958786
12.153084
11.234435
11.416639
11.291244
11.477221
11.877809
11.439593
11.169271
11.980697
11.650185
10.955555
12.277809
12.409458
11.809379
11.995756
11.114457
12.385641
11.376946
10.841062
11.315010
11.132982
11.826557
11.861538
11.296045
11.983109
12.119706
11.366680
12.141880
12.205898
11.887867
11.255265
12.089961
11.230174
12.236852
10.940961
11.271055
11.181916
11.827797
11.643525
10.801936
10.884453
11.803604
10.911588
11.969500
11.905477
11.000208
11.113506
11.992124
12.267154
11.852500
10.993245
12.337051
11.625372
11.245064
12.074072
11.274578
11.691382
12.003279
11.252440
11.873125
12.089858
12.487512
12.196156
11.225696
11.026210
10.976558
10.832114
12.121349
11.535449
12.147999
11.556244
11.545877
10.836872
11.575820
11.606257
10.662754
10.886069
11.998912
10.711588
12.250666
11.265957
10.967268
11.342025
10.783641
11.163821
12.392349
10.777550
12.202989
12.250837
11.247864
12.195309
12.013954
12.382267
11.395704
12.080561
11.425054
11.476902
10.729162
10.692615
12.049484
11.475588
11.707417
10.903625
12.131310
11.738951
11.760966
11.913708
11.812670
12.144612
11.943289
11.880677
12.057589
12.085291
11.234751
10.516939
11.720923
12.250368
10.956443
11.522281
11.936985
12.341376
11.160803
10.802142
11.386212
11.874092
11.678033
12.269206
10.952398
12.175512
12.189182
12.238808
11.187627
11.447887
11.385771
12.229649
11.318387
11.654768
11.970894
11.078865
11.809285
12.037556
11.367256
11.475200
11.256910
11.959551
11.562435
12.234201
12.346061
11.420369
11.243078
11.495596
12.167882
11.833722
10.928780
12.219809
11.642033
12.139366
12.289568
11.101347
11.896783
11.998201
11.652089
11.509710
11.625851
11.328142
11.843401
11.459071
11.373727
11.890239
12.447247
12.374527
11.959834
12.461976
11.512820
11.287268
11.044177
12.089067
12.492118
11.266408
11.061519
12.231258
12.422333
10.805828
11.739051
10.847202
12.483361
12.150077
11.327862
10.848539
10.713999
11.832889
10.725777
11.493618
10.733511
12.294803
11.167139
12.436909
11.042323
11.001448
11.734631
11.484494
11.507034
11.600917
11.219977
12.409039
11.926881
10.701617
11.159943
11.437297
11.893810
10.803080
11.184104
11.684860
12.235175
11.315531
11.209542
11.131477
10.876426
10.960035
12.203097
11.741789
11.888610
11.122520
12.228533
11.785368
11.203963
11.957162
12.108424
11.902564
10.809372
11.113442
11.965323
11.997822
11.603957
11.483963
12.460840
12.102368
11.052583
12.006530
10.952653
11.876021
11.299630
11.794898
12.145540
10.887181
11.377256
12.221760
11.139132
10.740701
10.811707
11.422073
11.405534
12.366566
12.122402
11.562595
12.125962
10.899677
11.573582
11.140787
11.440360
11.540435
11.861403
12.036875
11.732161
12.004782
11.538994
11.528558
11.018687
12.432465
12.286955
11.168326
10.901019
10.794827
11.651070
10.735984
12.404412
11.330874
11.224465
11.983837
11.525341
12.386056
11.943193
10.833753
11.415649
12.289575
12.363284
11.230593
11.008183
12.088593
12.415752
12.086025
12.012505
12.486907
11.343004
12.041147
10.966637
10.855435
10.910005
11.126988
11.180866
11.921682
11.739610
11.875693
10.986907
11.449108
10.647979
12.316977
11.160069
12.104667
10.921718
11.891469
10.714300
11.249792
10.964232
11.608165
11.677273
10.988190
12.285450
11.040959
11.813984
11.669266
10.957145
11.560111
11.359305
11.876108
11.440939
11.362644
11.708186
11.025556
10.812181
12.222083
12.143223
12.041347
12.038750
11.864179
11.907558
11.778850
11.748838
11.730195
11.616703
12.290076
11.095138
12.010596
11.488244
12.458070
11.476024
11.052847
11.402245
11.985530
11.661388
11.433208
11.888686
11.829080
10.742146
11.910535
12.264731
10.972226
11.748472
11.046158
11.754018
11.746823
10.878716
11.343936
11.768156
12.310198
11.652233
11.036940
10.952174
11.872876
11.617394
10.790591
11.668979
11.586906
12.018911
12.066532
12.120282
11.310125
11.206277
10.911138
11.320956
11.301298
11.759179
12.316411
10.655825
12.518644
11.947073
12.180603
11.129518
11.649656
12.081484
12.422739
11.229146
10.959681
11.885496
11.871044
11.688054
11.150114
12.250491
11.372857
11.613006
11.889137
11.025709
11.125533
11.818947
11.491717
12.461679
11.685917
11.297854
11.827204
12.106760
11.393515
11.244260
11.982980
11.605490
10.807184
10.973652
10.829701
11.685952
11.807840
10.900146
12.400616
11.871215
11.857772
11.459434
11.256940
10.852637
10.857468
12.415236
11.328448
10.944212
10.842404
11.510672
10.529299
11.989972
11.458196
11.114931
11.611954
12.186639
11.694670
12.079862
11.697282
12.151949
11.447643
11.609957
10.709155
11.543577
12.104931
11.594812
12.222061
10.706492
10.607720
12.212939
11.484511
11.306218
11.434648
11.323214
12.186774
11.273947
11.994965
11.775292
12.285311
11.558854
12.342016
12.486035
11.248225
12.256188
10.882563
11.207993
11.337712
11.566739
11.247105
12.513891
11.796566
11.252833
11.928906
12.020661
11.117483
12.172691
11.860473
11.583686
11.584082
11.618975
10.874263
11.357716
11.182381
11.386671
11.961453
11.634214
11.171004
11.378986
10.772054
10.984606
11.193212
12.365641
11.780244
11.288482
10.972130
12.199044
11.819097
10.822379
11.279600
11.922175
11.334482
10.821759
10.767766
11.906842
11.459029
12.308497
11.111164
12.196371
11.666490
11.606496
12.013497
11.242319
10.920551
11.801494
11.472900
10.778622
12.355839
12.335404
12.055013
11.244137
11.972293
10.859377
12.137774
11.916074
11.049073
11.133985
11.422414
10.908342
11.616308
11.857921
12.008283
11.925968
11.171610
10.815470
11.799603
10.926214
11.841031
11.775186
11.505812
11.403253
11.234798
10.926546
11.023005
12.414209
12.287968
11.743416
11.025007
11.337635
11.638491
11.219303
11.772941
11.367349
12.025412
11.865495
11.090168
12.125925
10.920691
10.851970
11.216041
11.129310
11.338376
11.894210
11.825790
10.887316
11.948485
12.273677
11.713939
11.259748
10.730581
12.264535
11.400756
11.803246
11.436146
12.043375
10.699403
12.229546
12.060424
11.903872
12.100104
12.059310
11.358850
12.077839
11.588975
11.373157
11.732841
11.286517
11.943357
12.435851
11.387676
11.100976
12.094165
12.386242
11.237198
11.813901
11.352357
12.164887
11.566463
12.032167
11.252449
11.415821
11.895373
12.116112
12.369769
11.167237
10.749007
12.078200
11.555500
11.498202
11.465089
11.792368
12.346142
12.226317
11.182586
11.773681
11.814310
12.444799
11.927537
11.144314
10.933796
11.215140
12.389481
10.816529
11.923316
12.198556
11.811862
11.951800
11.917277
11.980275
11.727355
11.681566
11.035903
11.702161
11.186894
11.792021
11.032062
12.300481
11.806200
11.328497
11.942087
12.131108
11.454075
11.051195
10.794494
10.798834
11.811317
11.565893
11.693703
11.414506
11.212730
12.131076
12.085412
10.729388
12.201124
11.009683
12.465815
12.144987
12.027117
11.881046
12.422547
11.835837
11.705912
10.715648
10.967437
11.246890
11.663892
11.465691
11.804647
11.016798
12.312984
12.185926
11.489217
10.752320
11.889003
12.226410
10.880595
10.910721
10.786351
10.661161
10.829393
11.658264
11.287921
10.779658
12.265055
11.501710
11.263700
12.082034
10.936990
11.977359
11.792953
11.615632
12.080963
11.468234
11.421923
11.389659
11.737766
12.451235
11.370712
11.008049
11.414369
11.071798
10.775092
10.743901
11.213739
12.155210
10.838457
11.464838
11.503597
11.908526
11.168485
11.399824
11.666872
12.064266
12.420900
11.904503
11.211220
12.152520
11.423312
11.065836
11.677859
12.076728
12.345569
11.422070
10.749622
12.162031
10.662174
11.830062
11.867142
10.758184
12.091984
11.864616
11.884240
11.020528
11.769369
11.259296
11.001940
11.951460
10.934150
12.321960
11.296441
11.367637
11.378316
11.017880
11.831914
12.032967
11.899410
11.886943
11.800758
11.762485
11.904942
11.115246
11.740777
11.323797
10.693216
10.739166
11.474544
12.323414
12.104661
10.799873
12.285891
12.307162
11.341137
11.631468
12.217460
10.775415
11.740267
12.190702
12.116445
11.889119
10.867800
11.361083
11.541202
10.768864
11.237656
10.752136
11.147350
11.321788
12.301816
11.774681
11.888181
12.245022
12.363113
11.796677
10.810448
11.324429
11.584826
11.210318
11.866379
10.886283
11.272750
11.013833
10.819896
11.215446
12.292023
11.158395
10.982521
10.732043
10.876599
12.094643
11.544385
11.250890
11.130068
11.543910
12.258583
12.058504
11.042396
11.657448
11.740110
12.357649
12.303837
11.081786
11.780582
11.932690
10.873147
12.297710
11.330591
12.283755
11.367835
11.716495
11.460394
11.347548
11.422763
11.751074
12.125167
11.215445
11.102223
10.975421
11.872733
12.174359
12.273705
11.705773
12.030329
11.266628
11.511530
11.139276
12.252073
12.264783
10.973487
11.341634
12.421165
12.179795
11.527830
12.303875
10.864110
12.243497
12.197409
11.445391
11.233654
11.996481
11.203172
11.050657
10.599521
10.964702
11.522691
11.962236
11.537663
11.539295
11.587604
11.336890
11.958196
10.945620
12.389299
11.150538
12.502114
11.188764
12.377653
11.017605
11.451644
11.490214
11.393457
12.090243
12.041813
11.416315
11.363426
11.046653
11.256925
11.699309
11.189515
10.656258
11.931559
12.112567
11.998314
10.718777
11.676953
12.374347
12.086194
12.224931
12.350581
11.785423
11.818215
12.190950
11.377735
10.788926
11.327795
10.916265
12.041374
11.108994
11.842872
10.578439
12.030486
11.410615
11.341718
10.894924
11.291634
11.365403
10.814776
11.745752
12.208007
10.896964
11.243077
12.287916
11.628367
11.139070
10.686771
11.512232
11.894340
12.106335
12.437335
11.389947
11.167885
12.126303
12.387562
11.684956
11.781409
12.372933
11.415198
11.545819
11.524292
11.772098
11.781747
11.491450
12.125946
11.994639
11.612719
10.774711
11.818230
11.678031
12.086319
11.555771
10.674838
11.759091
12.093097
10.714732
11.159897
12.263570
11.965195
11.744484
11.803438
11.737262
11.454308
11.341095
12.354173
11.665273
11.441596
12.176413
12.340145
11.452539
11.118410
11.990501
12.423312
11.945084
11.088812
12.247736
11.634211
12.437167
12.333484
11.985010
11.831676
11.419771
12.293122
11.053834
11.021240
11.872330
10.670604
10.846891
12.107030
11.206380
10.953662
12.081616
11.034255
12.239537
10.901839
11.177725
11.662849
11.908125
11.730968
11.639181
11.485400
11.851930
11.638788
12.193822
12.226062
12.253792
12.469058
11.454667
10.941812
12.339663
11.784326
11.118289
11.117503
10.904996
11.284458
11.987070
11.984590
12.376485
11.816440
12.415915
11.346073
12.177597
12.277949
10.850588
12.078885
12.303368
11.540144
10.946074
11.834818
11.188205
11.663478
12.359233
12.294547
12.165932
11.908346
12.137632
11.137088
12.272345
11.347443
12.258413
11.185678
12.076420
11.628195
12.410306
10.676126
12.161195
10.966235
11.496951
10.728212
10.695793
11.507706
11.289474
12.343239
10.718546
11.498629
11.759671
12.160186
12.126437
11.029446
11.470287
11.985105
12.399166
11.342662
11.753637
10.829437
12.341526
11.504993
11.867535
11.899987
11.024388
11.391065
12.480785
12.294576
12.001359
12.124741
11.910507
11.568329
10.994207
12.102452
12.436058
11.986603
12.291159
11.074661
11.165202
10.683451
11.610658
12.005850
11.435451
11.130643
12.375798
11.667081
11.223264
11.550813
11.062198
12.373186
11.835784
11.213624
11.263121
12.257161
11.165094
10.812146
12.390559
11.071752
10.899493
11.707789
10.872787
10.897730
11.958664
12.024180
11.689992
11.255095
12.390840
11.719787
10.850210
11.277367
10.645517
12.246788
11.769676
11.453473
11.919418
11.625896
11.224424
11.811240
12.105611
11.418844
11.982048
12.091824
11.031818
12.190581
11.968414
12.203005
12.298004
10.887480
10.986184
12.156458
11.147772
10.883414
12.312464
11.304933
11.246163
11.678744
11.614083
11.068435
11.839255
12.123694
11.275837
12.149116
11.104432
11.644392
12.451165
11.438981
10.749544
11.253944
11.186625
11.242722
10.856475
11.606042
12.239724
12.055455
11.177760
12.233761
11.662628
11.499863
10.668439
11.012472
11.162468
11.318333
12.115209
11.695649
12.168237
11.825511
12.022559
10.745483
12.385732
11.043677
12.081965
10.670143
11.108232
11.024902
11.222686
12.161985
12.346401
10.743257
10.761852
11.236514
11.366596
11.760411
11.020935
10.857405
11.125523
12.152772
10.724715
11.638347
12.323934
10.782267
11.750975
11.141425
11.031384
11.214661
12.219102
10.719784
12.246633
11.516336
11.520487
11.338420
11.186641
11.856605
11.414764
12.137367
11.830159
11.336369
11.268593
11.040614
11.121081
10.785357
11.847780
11.280100
11.324510
10.873110
11.245334
10.812773
12.479850
11.955185
12.303902
11.891650
12.099546
11.175458
12.203870
11.748265
10.739461
12.151246
11.176718
11.642171
11.147981
11.172295
11.878276
11.824767
12.320276
11.139448
11.860493
11.230142
10.797791
10.745281
11.827722
10.816246
11.804145
10.664010
10.969535
12.171576
11.092860
11.126150
12.173480
11.720166
11.080243
12.009332
12.065184
11.333976
11.582787
11.666935
12.258508
12.058659
11.922888
10.743873
11.676228
11.356718
11.467153
11.861203
11.746547
12.409547
10.869610
11.298999
11.730735
11.894154
11.142411
11.602776
11.618275
10.803511
11.666368
11.414993
12.033879
11.073486
11.438511
12.426148
11.950734
11.093112
12.446912
11.804185
11.666961
12.091963
11.413097
11.204503
11.936691
11.019841
10.858003
11.502141
11.712034
12.124692
12.092442
11.975440
10.699428
12.131985
12.142540
12.285707
11.363535
10.920588
12.134841
11.308582
10.973005
10.702839
11.776014
11.293141
10.760148
10.949620
11.964471
11.377871
12.353470
10.757734
12.033763
11.338522
12.420655
12.232759
11.144407
11.036909
11.791595
12.392926
12.337216
10.843722
11.598738
11.082394
10.913850
11.427452
11.691506
11.450055
12.164694
10.774682
10.777446
11.078861
12.584367
12.126698
11.309242
11.508599
12.181094
12.000397
10.986181
12.266263
11.247062
12.093911
11.047927
11.813302
10.764148
11.457599
12.415459
11.397200
11.455370
11.481962
11.598992
11.082996
12.290224
12.203481
12.166530
11.579689
11.103245
12.022783
11.325873
11.324479
12.021321
12.165541
11.545278
12.221330
11.734632
11.867840
10.965290
11.975489
11.693303
11.461875
12.212630
12.168014
11.391873
12.175441
12.052364
12.239961
11.629103
11.906476
12.141152
10.871779
11.895973
11.963017
12.278655
12.078824
10.888103
11.138867
11.562924
11.973736
11.711654
11.297054
11.627605
10.843766
11.196609
11.232714
10.614946
12.241224
11.286154
12.116831
11.083691
11.993036
11.917756
12.427788
10.607983
12.157671
11.852805
11.012252
12.049341
12.456885
12.407923
12.200735
10.625690
12.231744
11.591410
11.347293
11.831383
12.308753
12.268758
12.311547
12.402778
11.556856
11.800553
11.117496
11.772542
11.681830
11.960452
11.830756
11.517746
11.998956
11.376457
11.081257
11.031284
12.396682
11.706730
11.956174
11.674619
10.663467
11.472665
11.784494
12.273107
10.865562
10.955207
10.955097
12.016918
10.980214
11.196390
11.686570
12.277655
12.289337
11.759970
10.781600
12.189595
11.152238
11.514061
10.958061
11.961847
12.132250
11.847749
12.064707
12.371284
12.333548
11.875705
12.032998
11.397550
11.963009
12.408378
11.684330
10.892781
11.550046
11.651677
10.742951
12.097693
11.304412
10.631343
12.403344
11.357317
11.088909
12.324617
11.400735
11.614729
11.244302
10.665761
11.575938
12.062109
12.214633
11.016565
11.436896
11.903573
12.421057
12.202365
10.789850
11.580146
10.914560
11.674827
10.766082
11.122837
11.467748
11.106843
12.272618
12.156820
10.836311
12.414062
11.565383
12.252557
11.975257
10.541985
12.142287
11.825132
11.029757
11.408887
11.141211
11.485106
11.846046
12.052329
12.122026
12.005683
11.285600
11.048993
11.945915
12.429823
10.872604
12.046041
12.041231
10.818061
10.836202
11.839089
12.217641
10.736150
12.132509
10.727255
12.397495
12.375579
11.912833
12.391583
10.626201
11.872569
11.128132
12.247629
11.363448
12.516727
11.999080
11.948279
10.918440
12.416342
12.286104
11.110445
10.826652
11.204031
12.456529
11.754250
12.420224
11.673119
11.096153
11.902155
11.206355
12.012398
10.913368
10.877602
12.402471
11.416999
12.305868
11.180394
12.029899
12.079855
11.203542
11.128946
11.670939
11.965174
12.312321
10.832316
11.559864
12.043079
12.330427
11.457913
11.436170
11.476413
12.254588
11.256486
11.842668
11.763233
12.246889
12.061270
11.125454
12.367653
11.937503
11.253694
12.234384
11.042741
12.014689
11.127745
11.718067
11.144898
11.393454
10.989417
10.991648
11.671050
10.768111
11.325731
11.520310
11.863924
11.627272
12.297859
10.705033
11.403654
11.532535
12.361301
11.517046
11.326667
10.739841
10.908715
11.177185
11.788414
10.604280
11.919698
11.373191
11.413343
11.177498
11.699424
11.605820
12.099390
11.364736
12.359924
12.420434
11.618378
12.031134
11.359307
12.016870
11.333286
11.354150
11.813920
11.982289
11.146392
11.771285
11.511402
11.921521
11.486790
11.308399
10.736834
11.669380
10.924486
11.210204
11.999787
11.316254
12.227849
11.009250
12.135373
10.513715
11.379206
11.652109
11.535266
12.006955
11.771277
11.172569
11.159750
11.606232
11.258832
12.305254
11.059393
10.689979
11.695573
11.982972
11.068334
11.188940
11.804980
12.029420
11.865939
11.786536
10.999755
12.467167
11.786505
11.851339
12.257326
11.685390
11.596837
11.712700
11.619657
11.886626
12.099732
10.964178
11.812017
11.072932
11.685114
12.167404
11.041777
11.585228
10.594088
11.640950
10.614676
10.898520
12.255678
11.509630
11.984776
12.320299
10.718866
10.609111
11.526670
12.201487
12.317367
11.647379
11.405223
11.557124
11.564032
11.255697
10.604891
11.401010
10.805055
10.823824
10.774708
11.310168
10.710974
11.366358
10.940854
11.642149
10.683509
12.420460
12.198146
12.257918
11.853769
11.522879
10.772410
12.274227
10.985421
12.206221
11.780338
11.425729
12.041480
11.457427
11.951076
10.776708
10.807337
11.862861
11.407741
12.095160
11.498418
11.480002
12.323080
10.705669
11.012993
12.237244
11.469962
10.851290
11.548655
12.272141
11.665894
11.783445
12.422431
10.875772
10.735741
11.919850
11.683617
11.262293
11.311933
10.743077
12.454846
12.429691
12.210404
11.981074
11.797783
10.803464
11.962929
11.553020
11.093207
12.170486
12.233701
11.592710
11.936755
10.770222
11.334350
11.615343
11.329461
12.245065
11.181802
11.572301
11.556173
11.959620
10.919884
12.130304
12.412517
12.491133
10.622317
11.003211
11.465423
12.376989
11.867162
12.079057
11.981591
10.950707
11.211465
12.238851
11.306332
10.833033
11.371460
12.379179
11.061075
10.968225
10.804042
11.483887
11.951723
12.379282
11.641407
11.950077
11.568466
11.693772
11.662720
11.715310
10.879236
12.276020
12.456468
11.719530
11.187230
11.818287
11.089103
12.335197
11.192463
12.305658
12.133297
11.200575
10.712381
10.933538
10.943803
12.506957
11.457967
11.447578
11.490032
10.770000
10.914197
11.695446
12.218154
11.865157
11.207179
11.796826
11.328304
11.285257
12.083999
12.065151
10.727648
11.152269
11.083612
11.293292
10.857647
11.823047
11.129300
10.780593
11.764956
10.913266
10.959845
11.680616
12.021621
11.027347
12.343706
11.357500
10.600727
11.691955
11.798714
12.151366
10.705314
11.899376
10.710287
12.120948
12.071667
10.668701
11.822841
10.878645
12.117144
12.208620
11.748585
11.174214
11.738618
10.933534
12.404357
11.841927
12.305232
10.949181
11.436759
12.230820
12.119529
10.953253
11.821910
11.445137
12.148644
11.527897
11.496683
11.517529
10.789949
11.227065
12.007594
11.919312
11.272809
11.615264
12.307730
10.967644
11.954382
11.203195
10.890239
11.572513
11.502784
10.757946
11.827508
11.762913
12.349515
12.071323
11.323357
12.187117
11.249720
11.860140
11.277672
11.412160
11.702954
11.917834
11.878021
10.872894
11.599953
11.039139
11.760816
11.526775
11.329803
11.034668
10.842638
10.772367
11.770476
11.833912
11.150198
10.661987
11.797513
12.176932
12.388491
11.013448
11.749857
11.836909
12.229811
11.348840
10.966977
10.911252
11.938831
11.253509
11.036279
11.126744
11.484818
11.473848
11.950182
11.867873
11.843910
12.280724
12.352790
11.057370
12.224300
10.981966
12.044778
10.591763
11.248035
11.064312
11.867599
10.896929
12.435836
12.167664
10.823695
11.940587
12.174932
11.780425
12.320465
11.145771
10.627674
11.992616
12.140547
12.180745
12.209366
10.984632
11.747496
10.636841
12.154268
11.034039
12.238796
12.393474
12.416198
11.720493
11.501719
11.209174
10.659694
11.199523
11.318319
10.932932
11.786841
11.095275
11.403238
11.296921
11.972308
10.868120
11.161926
12.293300
11.719593
12.229513
11.313852
11.995639
12.033361
12.185853
12.277781
11.058237
10.872754
12.441204
11.260648
11.908119
11.943163
11.182811
11.782112
10.867347
11.594282
12.139541
11.467018
12.272099
12.217652
11.871174
11.468544
11.504154
11.211969
11.476262
11.959351
12.288495
10.869549
11.934796
11.742547
11.992229
11.453040
10.870208
11.867480
12.331993
12.066084
11.402793
12.352207
12.194629
12.046982
11.806100
10.883873
12.057186
11.754168
11.844035
12.041513
12.191867
11.165312
11.087829
11.070018
12.438394
12.122277
11.137639
11.802329
12.312888
11.454522
11.099557
11.267022
10.904688
12.150747
10.989429
10.545280
12.133502
11.434543
12.459112
12.209800
12.267950
11.326526
11.774911
10.763899
12.136384
11.517271
10.934770
11.177194
11.600947
12.210627
10.754702
10.786095
12.108841
12.145673
12.246422
11.007977
11.923422
11.494925
11.035092
11.735605
12.024389
10.963810
12.429581
11.804218
11.302878
11.939868
11.835274
12.154557
12.380553
12.303012
10.721265
11.526133
10.966100
11.678881
12.353686
10.978058
11.565518
11.136269
11.755027
11.215935
11.926898
11.764680
11.781359
11.802247
12.065542
12.260992
11.455466
11.295875
11.913717
11.752074
12.021554
11.350045
12.048534
11.466231
11.300471
11.902979
11.216993
11.593938
11.900172
12.032973
10.494219
12.328123
11.098430
10.840828
12.059802
12.168591
11.638798
12.185081
11.465879
11.272536
11.345791
12.402895
10.740652
10.689130
11.231930
11.534974
12.442804
10.769274
10.953085
11.714712
10.621978
11.176496
11.999111
12.148133
12.204808
12.176357
10.792382
12.062364
12.351226
10.622084
12.038586
11.083539
10.702008
11.571344
11.348739
12.165978
11.977798
12.343467
12.085306
11.648572
12.296776
11.662634
10.699543
12.026992
11.506799
11.199290
12.363290
12.305282
12.410757
11.475110
11.560276
11.928748
10.814728
10.761333
10.794795
12.377075
11.149734
12.053068
11.878697
12.107016
12.157972
11.415511
10.926501
12.171975
11.729854
12.361907
11.244653
11.420654
12.338253
10.890094
11.357668
11.413257
10.717561
12.290134
12.301719
11.727249
11.970197
11.365636
12.216722
12.207789
11.685730
11.827455
11.131149
11.733812
11.501777
10.795318
11.489031
12.364759
11.394144
12.111418
10.752050
10.535385
10.881840
11.947628
11.419950
11.675211
11.483192
11.892833
12.234748
10.854547
10.655941
11.627345
11.523916
11.365224
10.899329
11.375520
12.137611
11.405937
11.570209
11.319855
12.382506
11.093594
10.850855
11.690318
12.145611
11.969703
11.677255
11.128693
11.607258
10.628086
11.282716
11.909382
12.078815
12.114555
11.517992
12.387203
11.225003
12.334308
11.586021
11.453685
11.852375
11.214649
12.324514
11.697628
11.391217
11.143894
11.511996
10.765771
11.386896
11.629403
10.675937
11.639055
12.039920
11.832329
11.741146
10.963577
11.661334
11.238975
11.620160
12.450458
11.139568
11.630764
10.535374
12.129903
12.302177
12.263790
12.212111
12.215455
12.291688
11.652520
12.277840
12.379034
11.194875
11.245409
12.398536
10.758703
10.861181
12.341463
11.258197
10.721502
10.849129
11.347942
12.083074
11.334757
12.416757
11.408077
11.933096
10.846941
10.878236
11.233509
10.661847
12.189127
10.823476
11.770035
12.203603
11.912329
11.679921
11.585734
11.744992
10.900405
11.227334
11.326355
11.969224
11.436089
12.467966
10.880463
12.293818
10.777226
11.479938
11.758758
10.858386
12.310012
10.573621
11.335139
11.788060
12.053922
11.802228
11.339710
11.141261
11.937102
10.880077
11.278411
11.188244
11.790734
11.789455
11.981104
11.834774
11.044326
11.448900
10.846449
10.710813
11.654216
11.590634
11.654311
11.998794
11.129322
11.359997
11.243373
10.484525
10.496306
10.935164
12.305481
11.747521
11.000776
10.686177
11.101478
11.766341
12.381032
11.570220
11.371189
11.350463
11.727597
12.087769
11.148664
11.009862
11.794463
12.161286
10.631126
11.461305
11.126496
12.118866
10.996235
12.205696
11.502336
12.172873
11.874069
10.566801
12.502927
11.479673
11.275560
11.978676
12.307039
10.626675
10.886595
11.460451
12.377454
11.951403
12.005752
10.799356
11.256340
10.681627
10.718885
11.934050
11.464254
10.880520
11.282924
11.808029
11.834762
11.901934
11.980218
12.231753
11.137305
12.377734
11.799980
11.231788
11.380211
11.560581
11.143157
12.220128
11.830600
12.072528
11.177008
11.780127
12.368835
12.224644
10.774207
10.791467
12.027396
11.020812
11.151107
12.151817
11.133978
11.033003
10.870578
11.338609
11.041975
11.379623
10.666499
10.940660
11.714979
12.166913
12.193360
12.019292
11.276577
12.037058
11.000302
11.472115
11.827310
11.780522
10.718344
12.113539
10.884895
11.320534
11.832668
11.884142
10.903457
11.634153
11.605351
11.987890
12.312362
12.316718
11.787779
10.926530
11.720977
10.971690
11.055336
12.308128
12.238833
12.331010
11.872458
11.708598
12.176491
11.651566
11.868238
11.996622
11.759309
11.659757
12.314655
11.499265
11.692042
10.980420
11.693559
12.165850
12.033680
11.711932
12.197558
10.860927
11.600665
12.236500
10.701390
11.489914
10.960459
10.880792
11.123036
11.724469
10.984655
11.302774
12.451230
11.593118
11.975410
11.992061
10.831162
11.038678
11.458025
11.140137
11.048487
11.576310
11.223396
12.415248
12.121699
11.696365
11.334833
11.644976
11.227220
10.895167
12.126587
11.739290
12.011678
12.103476
12.210993
10.632582
12.217288
11.337066
11.669136
11.886953
12.252596
11.676452
10.682378
12.277416
11.639737
11.827832
12.114002
10.867577
10.902097
12.050940
11.074545
12.041026
10.673854
12.334744
11.232056
11.996996
11.070633
10.879057
11.731167
11.870368
11.940373
11.929256
12.354105
10.999245
12.101482
11.823335
10.778684
11.220926
10.803162
11.006869
12.406227
11.674085
12.044886
11.578760
11.016631
12.260340
10.833002
11.163861
12.089391
11.464999
12.165401
11.160844
10.817371
11.712986
11.349221
12.391909
11.053529
11.548105
11.249610
11.120283
12.277270
11.235806
11.514083
11.090325
11.273845
11.883337
11.733975
11.965994
11.728000
10.959747
12.312729
11.997811
11.792891
11.170918
10.663636
12.381709
11.788596
10.732980
10.835440
12.365794
11.289051
11.907318
12.293261
10.836029
12.231875
11.923672
11.221326
12.471787
11.406041
11.435588
10.971518
12.206201
12.245426
11.912735
11.260828
11.515859
11.576026
11.914088
12.170378
12.405860
12.074288
12.380434
11.289118
11.089141
11.670930
10.988323
11.848930
12.424388
11.842159
11.538448
11.345122
11.917851
11.969784
10.921053
11.944201
12.079327
11.787873
12.054797
10.790033
11.516892
11.269333
11.038257
11.498107
12.083574
11.495523
11.259331
11.105780
12.031159
11.580839
11.419564
12.273862
11.446996
10.731810
11.839235
11.300403
12.400915
10.751720
11.953210
11.130018
11.958547
10.911538
11.990984
11.846862
11.841084
11.182579
12.084278
11.817917
12.192199
11.896263
10.793547
11.725953
12.014558
11.499596
11.046106
11.995837
11.696031
10.951560
12.355118
11.524008
11.581802
11.893813
11.906163
11.770398
12.190878
11.437896
11.213376
12.246022
11.440604
11.890982
11.593325
11.128493
11.870146
12.266413
11.737809
11.648939
10.807320
11.742382
10.742134
11.538373
11.018861
10.842236
12.284323
11.969491
10.841510
10.800195
10.725913
10.590831
11.920416
11.159508
12.074245
12.099654
11.377390
11.896200
12.249066
12.169261
11.880705
12.424133
11.476232
11.632155
11.773653
11.298852
11.724524
11.869172
11.016238
11.904442
11.777897
11.266193
12.379528
11.454570
11.737340
10.839911
11.086619
11.994609
10.982000
11.199303
11.214618
12.152876
10.710682
11.139987
11.990758
11.891842
11.851916
12.393599
11.938271
11.024468
12.018283
11.061182
12.148006
12.430107
12.331711
11.800189
12.265481
12.407292
11.137169
11.851764
11.616419
12.493409
11.700812
11.641791
12.106047
11.516713
10.734524
11.482343
10.785414
11.494788
11.851056
11.389005
11.256878
11.722348
10.758251
11.044176
11.274961
12.159602
11.386649
11.414589
11.495383
12.010173
10.928236
10.679487
11.199473
12.345712
11.885729
12.126988
12.152393
11.332639
12.084818
12.167523
12.388007
11.891471
12.578303
12.125547
11.795507
11.291952
12.042281
11.034567
10.752210
10.805407
11.802797
12.078426
11.461940
11.435648
12.177734
12.255767
11.791255
10.774166
11.995064
10.751088
12.577096
10.851811
10.970566
11.418269
11.657078
11.612612
10.945954
12.193927
11.221317
12.201901
10.821835
11.260703
11.643433
10.607562
11.987105
12.134873
12.103556
12.321587
10.939739
12.226068
12.011084
12.336162
11.477604
11.083916
11.864993
12.161726
10.899238
12.305516
11.058309
10.931752
11.872102
10.916407
12.155722
11.967012
11.664822
12.192487
10.675718
11.378979
12.152682
11.429885
12.311286
12.203466
10.820699
11.008202
11.717687
12.164279
11.366030
12.264378
12.090653
11.998980
11.299697
10.904150
11.974398
12.202406
12.004466
11.901490
11.960404
11.135560
11.842326
11.452070
11.799821
12.341178
11.990029
10.693410
11.851120
11.734093
11.581004
11.105346
11.788390
10.724717
12.025246
12.117187
10.944261
11.647256
11.497710
12.212473
11.358068
10.779258
11.080359
10.940849
11.971672
12.364043
11.115832
10.617266
11.137356
12.448566
12.001618
11.003268
11.017113
12.003706
11.785692
11.727326
11.932873
12.364159
11.245585
11.504445
12.060278
11.922717
11.637666
11.029213
10.722849
11.147679
11.886058
12.206134
12.309769
11.460195
11.247058
12.040774
12.072518
10.641508
11.724478
10.879892
11.280134
12.046555
11.376409
12.234544
11.815122
10.625845
11.838935
11.574216
10.968976
11.401513
11.101382
11.987790
11.707877
12.292830
11.129612
12.033477
11.148538
10.799860
12.322399
10.701812
10.733454
12.194548
12.305457
12.283694
10.719800
10.985846
12.419745
11.203256
11.425469
11.129945
11.344808
11.933903
11.762239
11.275274
12.112884
10.687835
11.180800
11.845328
11.650256
12.103981
11.628907
12.083838
12.260551
11.059778
11.990518
11.751868
11.516868
11.726188
11.775337
10.680322
10.640174
11.995532
11.104919
11.248838
11.159106
11.668653
12.218520
12.149949
11.327959
11.507253
11.903688
10.592863
11.391420
11.158155
12.379626
11.351026
11.468511
11.562241
12.191511
11.713029
10.910292
11.509051
11.868372
11.013356
12.488636
11.288540
12.015292
11.150310
11.718865
12.380502
11.576680
12.410988
12.229312
11.344484
10.995357
12.048895
11.948627
11.755525
11.059639
11.501943
12.471822
11.272559
11.138072
12.405501
12.321695
12.064492
10.755696
12.129631
11.130332
11.618720
11.782117
11.462375
11.138874
10.976651
11.229317
11.563541
12.324666
10.818800
10.683460
12.242909
11.315586
11.402198
11.612570
12.434568
12.205236
11.753422
11.630294
12.249479
12.082433
11.529748
11.679245
11.024121
11.209014
11.033052
12.227310
11.808377
11.285588
11.816578
10.990700
10.974216
12.282024
11.349916
12.341500
12.408693
11.175683
11.443601
11.134640
12.381205
12.135166
11.904110
10.828890
10.703252
11.765102
11.740188
10.999432
11.084335
10.970239
11.451089
12.078987
11.350590
11.878033
12.244888
12.426747
12.423094
11.860057
11.651977
11.410612
11.878156
12.300261
11.074049
10.727067
11.551867
12.312353
12.341420
12.005860
11.405283
11.614322
12.271084
12.240835
11.024946
12.327242
12.047313
12.319894
11.471731
11.388371
12.373010
10.862082
10.982014
11.471974
11.510785
12.055021
10.879221
11.469628
12.019108
12.164339
11.828665
10.728908
11.969355
12.178712
12.340698
12.281823
11.250083
11.969374
10.727542
12.205297
11.306701
12.286999
10.776209
10.732293
11.198687
11.249767
11.240640
11.399871
11.840658
11.714065
12.080799
11.963352
12.003729
10.710078
11.315880
10.833998
10.818897
12.085048
11.101213
11.172666
11.089198
12.068352
11.892467
12.060312
12.342820
11.625502
11.184779
12.216688
11.896350
10.880860
12.172128
12.282072
11.911842
11.989519
11.266638
10.874210
11.406949
11.699373
11.813518
11.420934
10.964499
11.555699
10.832737
12.228892
10.958205
10.663395
12.390371
10.730936
11.907344
11.135343
11.983205
11.585034
11.686752
10.668706
11.687074
12.110987
11.257498
10.987864
12.435708
11.018691
11.067364
12.370298
11.339082
10.787655
11.315434
12.286841
10.702009
12.387040
11.386493
12.374141
11.324974
11.551832
11.072692
11.595926
10.910879
11.177462
11.746814
11.343502
12.386007
10.729350
11.359848
12.043824
11.019262
11.146855
12.147325
12.087306
12.170454
11.545851
11.460547
11.536901
11.893757
10.912121
12.104311
11.437386
11.692094
12.257583
11.873300
12.118498
11.896673
10.942718
12.209106
12.492706
11.451681
12.336038
11.503978
11.305265
12.382057
11.712743
10.795420
11.579095
11.470647
11.693236
10.878134
11.921180
11.276656
11.960236
12.340092
12.201767
11.217882
11.943600
11.052953
11.027454
12.306107
11.669641
11.861132
11.051692
12.333683
11.302175
12.444784
12.187051
12.076795
10.913940
10.864926
10.704666
11.495641
11.899261
11.928592
10.761272
11.767603
11.959246
11.089151
11.167073
11.977846
11.660806
11.842987
11.312052
11.453590
11.172806
11.783995
11.085548
10.847412
11.619624
10.969646
11.394150
12.035100
10.931999
12.093556
11.459365
11.656981
11.974553
12.174574
11.272119
12.329581
11.949225
11.617309
11.190218
11.772500
11.527300
11.548563
10.938885
12.304547
11.857300
11.331298
12.130474
12.311113
10.646865
12.051990
11.671949
10.798061
10.896250
11.750345
12.154869
11.106149
10.999687
12.359981
12.003685
11.489815
11.116316
11.841007
10.746197
11.578200
12.192544
11.446951
11.417436
10.934194
11.040108
12.390963
12.131368
10.912109
12.316649
11.012397
11.874575
11.596042
12.100617
11.370016
11.943037
10.722047
12.296098
10.631106
11.418880
11.563363
11.520470
12.409565
11.405075
11.770881
12.248425
11.281603
11.601492
11.982805
11.012705
11.898475
11.276752
11.176916
11.338047
12.178023
12.264687
10.966157
11.242705
11.932870
12.044567
10.721394
12.004114
10.687724
10.850173
11.069789
11.005884
11.805627
12.231841
11.969107
12.032331
11.824862
10.847961
12.102280
12.193412
11.398507
11.018833
11.020636
12.262376
10.971879
11.759983
12.410730
12.267021
11.899139
11.086938
11.393963
12.268427
11.293867
11.504926
11.582347
12.205731
12.255947
11.394379
11.831674
11.831674
