12.072727
10.796527
12.115670
11.552540
12.230071
11.835760
11.228304
12.028627
10.925946
10.966336
11.750739
11.818132
12.513045
11.945074
12.151944
11.712432
11.407736
10.791361
12.061261
10.827156
11.901137
11.948664
10.789405
11.361596
10.929318
12.385776
12.292417
11.207891
11.758432
11.747809
12.341331
12.209084
11.431865
11.314656
12.022592
11.337510
10.672806
11.834001
11.859113
11.271814
11.916538
10.788752
12.035381
12.271565
10.720306
11.977990
10.719212
12.327142
11.842759
11.657195
11.069266
11.634497
12.147037
11.581914
11.616725
12.017275
11.715261
10.892503
12.129653
11.447194
12.062245
11.901786
10.735557
11.792528
12.319696
11.934641
11.365848
11.927932
12.231325
11.673160
11.759944
11.985242
11.853129
12.058178
12.226107
11.113933
12.113572
11.390300
11.626579
11.206608
10.866094
12.437845
11.108256
10.845035
12.317983
11.057097
11.038404
12.402092
10.783651
11.840819
12.355061
11.479296
11.531063
11.939772
12.293588
11.852339
12.370545
12.319064
10.809473
10.858249
12.315191
11.936088
12.201935
11.381695
11.171552
12.042933
11.996833
11.069605
11.031513
11.576629
10.611956
10.719331
11.482217
12.395397
12.000214
11.889272
10.764169
11.878913
11.419975
11.835819
11.784106
10.698069
12.357862
12.258053
12.106980
10.713637
11.411141
11.747873
11.258094
11.349109
11.929817
11.135227
12.237586
11.683917
11.599212
12.416466
12.196940
11.953393
11.349037
12.403905
12.391631
11.038667
12.343169
11.314749
12.398576
11.197401
11.454041
11.980672
10.935252
12.203708
12.209948
11.208452
11.843755
11.675057
11.365880
11.612716
10.967069
11.260717
12.410571
11.562162
11.656613
12.149345
10.883912
11.813984
11.071156
11.894348
10.833473
10.792231
12.228403
10.823842
11.169224
11.800928
11.314737
11.698150
12.350009
11.355452
11.994137
11.080725
12.034022
11.609220
11.362511
10.926036
12.296120
11.816800
12.415361
10.933760
12.156056
12.001594
11.952880
11.571343
11.464118
11.612339
11.058436
11.572992
11.143030
11.929707
10.966634
11.905989
12.280424
10.893944
10.685436
12.399747
11.641056
10.554128
10.826094
11.546257
12.050856
12.187712
10.697273
12.201986
12.426493
12.182036
11.970454
11.831315
10.765889
11.662365
12.447923
12.069237
10.999361
11.926766
12.113923
11.599429
11.580697
12.432127
11.389431
11.712517
11.285703
11.007291
12.375788
12.202113
11.781057
11.580224
12.013644
11.697082
11.176862
11.093247
11.462659
12.077211
11.930682
10.994592
12.081100
11.614527
11.842565
12.143385
12.270448
12.243466
11.647277
12.118944
11.292579
10.921327
10.932316
12.203429
11.624997
12.043863
12.030335
11.824025
11.779247
12.276533
12.064833
10.689902
11.127600
12.149827
10.965621
12.326655
10.885140
11.681535
10.967885
11.124516
10.869328
11.116407
10.774338
12.104483
12.323320
11.142753
10.461717
11.023171
12.228527
10.872128
11.522285
12.206139
11.324242
10.927828
11.652113
11.788112
12.311770
11.139825
10.836034
11.268775
11.753142
11.569637
11.325933
12.322333
10.654236
11.803933
11.289784
11.784716
10.935993
11.311819
11.024318
10.818490
11.410436
10.996603
12.429491
11.930524
12.029834
12.210576
11.890695
12.238405
11.774911
12.476180
11.393005
12.312421
10.863090
12.077415
11.110230
11.024717
12.068252
12.344221
12.126593
11.289265
10.995911
11.424375
12.254689
12.130481
12.366476
11.442947
11.254453
12.438258
12.292740
12.097853
12.459922
11.586865
11.292848
12.248090
11.959429
11.014996
11.537970
12.208601
11.116366
11.250263
11.215354
11.252684
11.568602
11.769535
12.081521
11.513935
11.814874
11.113366
12.354231
10.747828
11.762218
11.408212
12.106682
11.834176
11.038448
11.559614
12.064090
10.954684
12.388261
11.091718
11.406605
10.875008
10.601932
12.080766
12.247622
11.096301
11.885496
11.803241
11.455338
12.420081
12.312809
12.422599
12.223313
11.702387
11.848775
11.552399
12.221855
10.705364
11.417861
10.930435
11.147068
11.961645
11.268273
11.370812
12.354182
10.880310
11.818867
12.090804
11.436823
10.884267
12.199699
12.124605
10.618461
12.243039
11.034593
12.402792
12.357116
10.992757
11.258151
12.300470
11.188413
11.322237
11.462216
10.919979
12.293206
12.172881
12.322767
11.127944
12.041264
11.772898
12.174730
12.563834
11.026212
12.188146
11.526612
11.038775
11.939290
11.247390
11.904732
11.213075
12.485419
10.989000
11.286567
11.546776
11.458024
12.000642
10.754955
11.880106
10.832191
11.661300
12.388861
11.795293
12.287754
12.255372
12.051806
11.930961
11.210980
11.749374
11.464392
11.251134
11.705361
11.333580
10.777405
11.512447
12.332342
12.133572
10.793893
11.468376
10.747006
11.556307
10.600741
12.266615
11.832624
12.122431
12.010123
12.443826
12.361118
10.736791
11.610021
11.227195
12.197044
11.509160
10.905168
10.933599
12.217996
10.687523
11.652391
12.208053
11.537566
11.538448
10.848414
12.300383
11.467682
12.271257
11.966389
11.356089
11.713415
11.106447
11.531777
11.213999
10.947419
11.700061
11.960174
11.362568
10.950636
10.966423
11.382253
11.050847
10.970425
10.878228
11.988517
11.046373
12.078544
12.509121
11.126511
11.191671
11.259597
12.278053
12.036368
12.338232
10.884302
11.212977
11.838908
10.875564
10.666241
11.116738
11.933869
12.326459
11.309688
11.501930
11.893811
11.970892
11.291122
12.400455
10.741971
11.212777
10.996153
11.495497
11.226302
11.210463
11.458493
11.447391
11.262754
11.397294
11.416338
11.118486
11.282721
12.409862
12.101827
12.222907
12.438923
12.085090
12.100714
11.315780
12.006165
10.782122
10.654430
11.039618
11.108608
12.033822
11.901836
10.947621
11.536238
11.654910
12.074644
11.153670
12.216108
12.085129
11.920887
11.135950
11.444300
12.375306
11.030176
12.323137
11.041464
12.033001
11.381685
10.790443
11.070956
12.354625
12.291657
10.827125
11.744012
11.580269
11.188851
11.054198
11.846989
11.403191
10.936980
11.409731
12.292720
10.866468
12.209657
12.292908
11.475690
11.141640
11.049118
12.309278
10.746587
11.245153
11.074333
12.235305
11.843038
11.458950
12.044364
11.583328
11.345235
10.576012
12.329890
12.358577
10.749453
12.368508
11.878688
11.126914
12.238582
11.312227
12.275855
11.614526
11.319125
11.899555
11.872595
10.803385
11.624372
12.195616
12.372639
11.317884
12.483425
11.021228
10.998953
11.039987
11.976751
10.664124
12.228034
11.269459
11.923931
11.201952
11.543533
11.289227
12.390191
12.230015
10.974132
12.247546
11.942390
10.973405
12.363784
11.361069
12.408820
11.506289
11.308304
10.790218
11.791900
11.223363
11.028799
11.053240
12.314686
12.207767
11.665815
11.723575
12.074975
11.862823
11.933893
12.014422
10.638008
11.107732
10.864777
11.795989
12.201858
11.723810
11.883516
11.371804
11.491943
10.425022
11.486596
11.576907
11.845924
11.984109
11.193450
11.912821
11.172286
11.255007
11.205190
11.309887
10.669925
11.882623
11.663252
11.866533
11.140270
10.723531
12.089338
10.801636
12.050093
11.641541
11.624415
11.382426
10.938869
10.685739
11.563578
11.331390
12.214277
11.201624
11.730171
12.491317
11.821377
11.723187
11.063286
11.858065
11.258525
11.531693
11.390446
12.060850
11.125855
11.596450
12.218240
11.397838
12.153745
11.370286
12.115541
11.702609
11.486015
11.154175
11.501055
11.750678
10.951010
10.959196
11.718482
11.786788
10.648683
11.224401
12.452073
11.676586
12.163444
11.619023
11.191992
11.954999
11.147794
11.585471
11.166532
11.959353
12.191720
10.959101
11.758998
10.847954
11.840928
10.840110
10.714150
12.277127
12.433921
12.403515
12.075712
10.856815
11.556122
11.004668
12.111167
11.177740
10.675722
11.011158
11.924685
11.119909
11.682283
11.860222
11.618411
12.448697
11.734596
10.897650
11.648140
11.227636
11.357981
11.773426
11.600115
11.325603
12.277194
10.779058
11.603076
10.746311
12.388443
11.168910
12.247098
11.876419
12.346076
11.718000
12.499210
10.863567
12.359094
11.685313
10.714580
12.163624
11.929632
11.757431
11.618070
11.683070
12.011384
11.859920
12.311968
12.374313
10.949138
11.650187
11.816433
11.011411
11.398130
12.261857
12.376033
11.077501
12.287407
10.820749
11.349549
12.316640
12.320917
11.845301
10.443161
10.789639
11.344740
12.384738
10.907258
11.776048
12.364462
10.847177
11.229047
10.605857
12.257374
11.123967
11.441206
12.519257
11.464435
10.680179
12.128679
11.775830
11.607245
10.792223
11.664665
10.886632
12.053621
12.252231
11.922285
10.994609
11.616735
11.023526
11.707492
11.926837
11.170600
12.142511
10.968693
12.282973
12.104854
11.074327
12.262438
12.110572
10.602438
12.054232
11.862774
11.550443
11.333433
12.036172
11.785006
11.409342
11.983295
11.633338
11.521401
12.063084
11.025164
11.099158
11.994358
11.950630
12.262176
11.715499
11.820373
10.755769
11.695793
11.791221
12.429808
12.299276
11.569423
11.922638
11.544662
10.975834
11.235977
12.103335
10.976154
10.909557
11.770904
11.944858
11.913382
11.506300
11.467508
11.769817
12.083444
11.837949
11.449686
11.457351
11.133675
10.659215
11.923800
12.434366
10.543836
11.259060
10.796183
11.920732
12.451892
10.721116
11.048731
12.276242
12.034033
12.150340
11.998709
11.575568
11.555858
11.394777
12.094955
11.540223
11.727505
10.883626
12.037758
11.107982
12.012329
12.282257
11.886777
12.005264
10.988460
11.519947
11.642140
12.213146
11.821319
12.244415
11.709142
12.065867
11.112693
11.240313
11.694817
12.086967
12.453832
10.825913
12.111311
10.831903
11.677206
11.312588
11.844656
11.274631
12.176421
10.810991
12.008540
10.711282
11.406010
12.401506
12.049000
11.714907
11.550351
11.839953
11.903313
11.367847
12.332113
12.054025
11.696457
11.644151
11.469505
12.325651
11.694213
12.052101
10.895969
12.484662
11.509875
11.389286
10.586506
10.931968
12.088431
12.296886
11.956177
11.196486
12.334277
11.308315
12.441264
11.849975
12.181670
11.314634
12.191003
12.247524
11.395617
11.827990
11.660846
11.571556
11.472235
12.286262
12.184774
12.470281
11.174143
11.678506
10.743531
12.206764
12.337473
11.717602
12.247442
11.494706
12.099521
11.639655
12.323826
11.896637
11.397387
11.788637
12.340633
10.578167
11.751097
11.741679
11.933501
12.329722
12.409221
11.876613
11.560642
12.302852
10.568722
10.822693
12.330731
12.213514
12.091787
11.816809
12.254936
11.143306
11.651144
12.199474
12.174413
11.701007
11.898195
12.256398
12.169437
10.638663
11.911802
10.789489
12.373565
11.041244
11.912461
10.836738
11.034223
12.352788
12.163263
12.261505
12.357466
11.686474
11.327210
11.162147
11.746931
11.393976
10.921054
12.406278
11.447965
11.606730
11.330694
11.943980
12.427432
11.127183
12.150662
10.818978
11.451725
10.961278
11.550619
11.871486
12.054129
11.298964
10.783776
11.034194
12.338674
11.832712
11.852404
11.266985
10.782262
12.123697
11.537098
11.269272
10.623024
12.178966
11.689173
11.489842
11.432066
10.599385
12.307665
12.035372
12.015772
11.314780
11.884531
11.969634
11.918584
10.671583
11.595071
10.976220
12.066959
11.694077
11.561579
11.932103
12.068975
11.687617
10.980665
11.131439
12.274679
11.854284
11.514621
11.974793
10.949719
11.896358
11.468446
11.284089
11.368472
11.968828
11.342474
11.523658
12.467485
12.243298
12.345197
12.059491
12.457446
11.649418
12.222116
11.805781
11.393126
11.008980
10.995438
11.678693
11.718835
11.966123
11.632547
12.465040
12.049829
11.718010
11.024435
11.322245
11.867231
12.320492
12.412637
11.673918
11.985630
11.779852
11.054180
12.035431
11.709815
12.328111
11.989743
12.308927
10.745053
12.067606
11.725347
11.374227
11.515769
11.053003
10.899374
11.086690
11.793500
11.289987
12.233970
11.530480
11.959278
10.987221
11.987253
12.439149
11.965604
12.242315
12.059965
10.881618
11.047096
12.093021
11.405918
11.183683
10.753398
11.365880
11.283406
12.060597
12.153862
11.998475
10.845578
10.643133
11.119555
10.888239
12.438394
11.479801
12.212460
10.552697
11.669464
11.078180
11.389615
11.253395
11.483547
10.842685
10.460088
12.080750
11.071170
10.893256
12.172242
11.508638
11.074548
11.863365
11.777996
11.535155
11.986907
10.796561
11.554459
11.102739
11.207099
10.729837
11.755508
11.977409
12.080694
12.245440
11.446227
11.251922
12.359488
11.358775
11.482860
12.107004
12.354913
11.557951
11.001833
11.926823
12.102741
10.671855
11.056004
10.826426
10.898408
11.978641
10.813477
11.730441
11.470986
11.976945
12.140379
12.326023
10.740091
11.996159
10.836000
11.455831
11.299764
11.213359
11.780203
10.515700
11.858293
11.833784
11.886132
11.835124
11.431228
11.841860
12.148794
10.924652
11.952598
12.076458
12.392302
11.070315
12.231224
11.938695
12.294262
11.891849
12.103263
11.970625
11.851708
11.551116
12.204396
10.800398
10.751462
11.062459
12.263332
11.643060
11.260692
11.848535
12.444475
11.248555
11.023674
12.291143
10.836429
11.657658
10.884552
11.168100
11.692795
11.863385
11.519516
12.398136
12.320665
11.391034
10.855622
12.022264
11.770010
11.466618
12.087543
10.796884
11.095524
11.693986
12.524548
12.448894
11.901526
11.356081
11.265121
10.606705
11.041828
11.359071
10.674767
10.965829
11.508055
12.421646
11.104954
11.488703
10.548953
11.924884
10.903331
11.438694
10.771514
10.596113
12.263398
12.068698
12.191767
11.746715
12.287885
11.634190
11.280504
11.005125
10.708954
11.989172
10.558026
11.650953
11.472857
12.110577
12.104492
11.664105
11.288747
11.664705
11.078741
11.320888
12.114012
12.161965
11.661118
10.774306
11.221336
11.990034
12.312325
12.245233
12.262342
11.825257
10.851969
12.425067
10.997163
12.015963
12.197377
11.336685
10.857933
11.770806
11.641551
11.627662
11.267242
10.599191
12.067037
11.699982
11.387266
10.657708
10.976014
11.584875
11.690308
11.794432
11.867579
11.657050
11.867369
12.181317
12.300142
11.494881
12.323136
10.815210
11.200114
11.397405
11.696644
12.213698
11.566431
11.266198
12.199204
12.303783
12.338489
11.622809
12.129838
12.426158
10.803797
11.333364
11.677296
11.562546
12.385999
12.186721
10.635615
12.025812
12.079092
12.439512
12.454388
11.843129
12.052228
11.980397
12.094246
11.126888
11.478618
10.909361
10.854350
10.667119
11.881915
11.628995
11.579533
11.364428
11.432027
12.441219
11.370433
12.384723
11.187974
12.432000
11.392585
12.332710
12.340615
10.940348
11.690387
12.359827
11.312733
10.658200
10.648567
11.530740
11.249612
11.265708
10.745396
12.086372
11.756443
11.385840
11.276807
10.698457
11.054033
10.798033
10.930020
10.974489
12.155936
11.107381
11.120024
12.019336
11.802328
11.086729
11.172876
11.867306
12.317010
12.263784
12.187782
11.231391
11.522898
11.905247
12.016159
11.174729
11.417337
11.576384
10.841657
12.149396
11.206367
10.997852
10.996008
12.305656
11.102664
12.065034
12.036036
12.236740
10.931376
11.400370
12.410662
11.145785
11.863972
11.799257
11.898322
11.597284
11.887501
12.145453
12.054723
10.896307
11.058660
12.073870
11.195292
10.844129
11.893356
10.821742
11.939242
10.977244
11.856016
10.810954
10.907665
11.517096
11.791636
12.065940
11.488060
11.054980
10.991333
11.374846
10.881332
11.925644
11.738513
10.883086
12.420518
12.389085
11.416429
10.776469
11.506445
11.595441
10.640783
12.288227
11.965004
11.499741
11.425210
11.825573
11.742196
10.851351
11.175656
11.198739
10.867551
11.730044
11.090302
11.051462
10.734823
11.053977
11.061761
12.084161
12.252083
12.191980
11.932753
10.827912
10.622465
10.986310
11.428292
11.435839
11.948021
12.258438
11.824640
12.266589
11.988076
10.874921
10.485154
11.755281
10.587895
12.248470
12.010106
11.283399
11.060946
12.041261
12.132862
11.361021
10.940940
11.750756
10.952833
10.870100
11.103218
12.185592
11.890128
11.961396
12.401140
11.635188
12.344854
11.122569
11.995019
11.761515
11.639554
11.753658
12.309659
12.025498
12.358976
11.709618
10.822411
11.945403
10.937235
10.958715
11.566795
11.644353
10.967835
10.846536
10.540143
11.779790
11.659887
12.181143
12.405709
12.086567
11.121052
10.925124
11.207497
12.366145
10.775819
10.762888
12.076063
11.276704
10.746379
10.874993
11.210391
11.607636
11.399631
11.894837
11.919331
11.896435
11.377570
10.852194
12.305135
12.480792
11.263019
12.166957
11.606488
12.180304
11.217579
11.830965
11.756890
11.598696
11.294910
11.428230
11.796843
12.077249
11.712326
11.948252
10.655530
12.242713
11.928879
12.322168
11.791254
12.138793
11.784529
12.334607
11.057692
12.283297
12.317059
10.983983
12.412161
10.902968
12.448735
11.371450
11.594388
11.633004
12.408975
11.492700
10.987767
10.587918
11.175708
11.286208
12.229561
11.457124
11.147779
11.888544
12.465240
12.418400
11.438348
12.136365
12.305377
11.842514
11.909430
10.888678
12.421965
11.730423
11.853566
12.188642
12.100007
11.264580
11.877644
11.248185
11.757634
10.896772
10.712677
10.686934
11.628442
12.012891
11.071767
11.193049
11.819421
11.695516
12.310327
11.265020
11.546067
11.241337
12.130401
11.377516
11.284994
10.859587
11.801084
11.194890
11.245946
11.355153
12.338259
11.210042
11.442505
10.607224
12.462683
11.711019
11.908943
11.302048
11.312388
11.125736
11.217816
11.350912
11.693899
11.096457
12.222181
11.841083
11.706277
11.874389
11.932080
10.902134
11.093511
11.636628
12.032752
12.079976
12.092042
10.922738
12.286784
11.147180
11.761401
11.956613
11.206499
11.780734
12.318751
12.332127
11.152564
12.433020
11.174411
12.248072
11.233944
12.280358
11.084306
12.250549
11.638363
11.113855
12.372953
11.232676
12.261502
10.969887
11.714395
11.395567
12.022776
10.996431
12.012784
11.679886
11.090656
11.514663
12.192482
11.766409
11.666493
12.386930
10.805371
11.697150
11.245221
12.115479
11.057099
11.541413
10.814104
10.895103
10.784266
11.770288
10.941020
10.668088
11.775045
10.818262
11.988464
11.581525
12.237673
10.967827
11.674431
11.774240
11.388243
11.085039
11.119549
11.400983
12.052819
12.146458
12.309023
11.959884
12.052954
11.816187
12.430563
11.260688
12.039516
11.488706
11.236059
12.312818
12.282801
10.915952
12.244161
11.330803
12.231629
12.154376
11.616874
12.255796
11.195122
11.375589
10.858751
11.675269
11.937247
11.224575
12.339776
11.809572
11.708185
10.772067
12.374651
11.931938
12.172904
11.472728
11.618668
11.769188
10.918519
11.181561
12.037420
11.718200
11.429744
11.276506
10.792324
11.051173
12.127516
11.469766
11.754977
12.420357
12.039040
11.400861
12.387023
10.743487
12.096903
10.949868
12.166611
12.413803
11.687437
11.983812
12.126946
11.870680
12.128894
12.147521
11.167578
11.042653
11.312278
10.965155
10.682478
12.125726
12.381026
11.856917
11.668223
11.753582
11.165289
11.294557
11.296961
11.753089
11.973825
10.929053
10.787000
11.516103
11.460971
10.600637
12.335709
11.831126
11.207622
11.379761
11.942884
11.894414
11.412609
10.643684
11.815718
11.927447
12.241879
10.950277
11.039220
10.644210
12.264217
12.285766
12.383968
11.731750
10.974767
12.023082
11.124703
11.763608
12.214876
11.677408
12.184726
10.629606
11.738229
11.319082
11.740608
11.505714
10.983904
12.365780
11.344993
11.403949
11.366909
10.614198
11.933963
11.719000
11.529706
11.395840
10.610175
10.785966
11.400040
12.063506
11.065142
11.682094
12.137806
11.280630
12.248518
11.075810
12.010005
12.407635
12.067699
12.243593
11.334253
12.236659
12.172843
11.290989
11.575394
11.499689
11.140649
12.089068
12.429933
11.428564
10.918507
11.912161
11.424372
12.401228
11.891426
11.151683
11.410894
11.561818
11.840383
12.231341
10.957458
12.204653
11.522379
11.851478
11.355930
12.010230
11.274117
12.178192
11.649606
11.854933
10.898133
11.472067
12.375239
10.686804
12.228967
10.651183
10.963037
10.743522
11.493743
12.247871
10.686054
11.603251
12.096401
12.143749
11.282466
12.122420
12.397222
12.263736
12.457394
12.126059
11.387012
12.275780
11.935582
11.984755
11.051475
12.358641
10.886315
11.032859
12.175877
11.825757
11.019779
12.164897
12.278198
12.128098
12.409908
11.172568
10.649512
11.727294
12.404521
11.485946
11.847632
11.037001
11.664573
11.950124
11.228022
11.208769
11.971341
12.337775
12.079812
11.130538
11.189667
12.519965
12.266042
10.558926
11.194290
11.151790
11.319107
10.850919
12.246179
11.551318
12.185888
10.853844
12.394203
11.239748
11.790310
11.107944
11.872464
11.961548
10.827197
11.112688
11.078191
10.917330
12.392577
11.792575
11.511215
11.887775
12.234618
11.822695
12.211957
10.789521
10.691816
11.277540
11.043950
10.861356
11.251500
11.924068
12.133920
11.960748
10.782686
12.295145
11.523305
12.229894
10.807609
11.100039
11.126895
12.213274
11.958492
11.949936
10.871390
10.871795
10.558726
11.782091
10.763048
11.766161
11.439802
11.771649
11.930732
12.132504
10.726165
10.538296
11.875189
11.443259
12.412853
12.012294
11.859132
11.437414
11.212704
12.168093
12.188425
12.161877
12.440250
11.091439
11.288425
11.534870
11.212082
11.330879
10.828178
11.454536
11.397770
12.366587
11.449409
11.004501
12.242717
12.019130
11.828798
11.588881
11.757295
12.388881
11.141490
12.404649
12.085974
11.303719
11.326262
11.555545
11.010792
11.294881
11.915019
11.596703
11.689000
11.302283
11.060667
12.323491
10.579961
12.311811
10.933338
11.830432
11.788340
11.782409
12.011413
11.542023
11.107762
12.387609
11.828995
12.112411
11.756545
11.868429
11.203915
11.282469
12.391721
12.426931
11.214836
11.607535
11.985161
11.805576
11.228321
12.006840
10.848522
12.368261
11.029972
11.230308
11.312139
11.909659
11.593102
11.719121
10.908471
10.676554
11.356442
12.438794
10.504077
11.151050
12.155108
12.153696
12.149685
12.182527
11.788109
12.026804
12.009687
12.126618
11.741770
11.603939
10.629537
10.811826
12.161311
11.362941
12.098085
12.278877
10.673250
10.769252
11.860057
12.133854
11.032136
11.350765
11.265692
12.007377
11.108812
11.729039
12.077200
11.797077
11.571907
12.403843
11.519281
10.793053
11.058801
11.472991
11.102953
11.708050
11.508865
12.134918
11.138948
11.742710
12.037289
11.549598
11.125299
10.663468
11.110545
11.000644
11.929621
11.696315
10.916766
12.373733
10.952700
11.734786
11.970895
12.482181
12.150529
10.879163
12.302247
12.214206
11.473397
11.166807
10.889659
11.474761
12.227002
12.430869
12.019788
10.819397
11.916931
10.622514
12.265682
11.201334
12.221363
12.108281
12.359315
10.698312
12.349096
11.251451
11.345737
11.282366
11.836601
11.664961
12.059230
11.118194
10.843762
11.275712
10.621897
11.548191
11.941333
10.852995
10.795552
12.450891
10.784268
11.924542
12.268350
11.189643
12.174956
10.929338
11.365308
10.762763
11.671571
11.329921
10.925214
11.523417
11.834386
12.209113
11.941974
11.537777
10.825562
12.449040
12.215414
11.356233
11.740881
10.785118
12.238525
12.009185
12.085106
11.886864
12.366338
10.634615
11.427949
11.507050
12.210303
11.273561
11.444423
12.360557
12.264527
11.191465
12.451928
12.344922
11.188752
11.642538
12.094489
10.830041
11.204437
11.703148
11.408687
11.554299
11.996889
11.173256
11.138965
12.127360
12.129819
10.722101
11.019138
11.784842
11.189772
11.327410
12.373457
10.839247
12.212882
11.728853
12.335145
12.172984
11.179745
11.446058
11.496075
11.312401
10.573989
11.364184
11.834484
11.410798
12.238240
11.040164
11.037622
11.680991
11.212043
12.185698
11.875950
11.314818
12.094469
11.675366
11.811879
12.298072
11.477070
11.955457
11.154439
12.169763
10.963749
11.861178
11.141396
11.900744
11.183129
11.581549
12.277078
10.885077
10.688934
12.151310
11.289527
11.739492
11.473904
12.222994
11.381909
11.311336
12.434870
11.284622
11.824119
11.459437
11.390515
10.827505
11.304304
11.157018
12.186556
12.023876
11.749795
12.309416
11.150141
11.996421
11.489709
12.045310
12.328042
11.381782
11.820455
11.496842
12.073741
10.975348
11.459941
11.334253
10.918781
11.290348
11.430216
11.980871
11.602828
11.678742
10.858686
11.259497
11.288701
12.141188
12.231221
10.910871
12.186086
10.904783
12.243831
11.860525
11.355548
11.392986
12.124714
12.057708
10.907597
11.042581
10.745806
12.417180
11.693739
11.261592
10.753036
12.402370
11.445602
12.323705
11.305809
11.938456
12.321151
10.956304
11.333062
12.130918
11.883494
11.687033
11.215776
11.678431
11.479279
12.110482
12.273719
11.781434
11.605220
11.934135
11.884617
11.232644
11.119444
11.350390
11.218882
12.033109
11.086523
11.476483
10.956822
10.892711
10.663598
11.957223
12.214860
12.055474
12.085948
11.704859
11.862414
11.532597
10.753544
11.245825
11.708390
12.345719
12.479182
12.320664
11.398692
12.044469
10.854370
11.002831
10.978065
10.872962
12.211414
11.195275
10.714340
12.363713
11.624826
11.175284
12.160343
11.675987
11.132869
12.328097
11.374697
12.409134
11.672410
11.009343
10.948810
11.422885
11.872402
11.919730
12.362024
11.816523
11.033202
12.155752
11.282085
12.196563
12.121091
12.113584
12.350234
11.613288
10.995623
11.744388
11.056995
12.399758
12.000090
12.163341
12.293560
11.712386
11.912061
10.794255
12.223995
12.075463
11.556568
11.559365
11.462883
12.217724
11.994700
11.243658
12.186957
10.691161
12.240963
11.265726
11.646109
12.348989
11.011868
11.949490
12.241150
12.230792
11.887488
11.677209
11.370874
10.738785
11.068187
11.905777
10.911519
12.503456
11.703551
12.462646
12.200364
12.197232
10.820632
11.326674
11.473844
11.319115
11.362001
11.279050
11.104077
11.716379
12.097511
10.857801
11.161518
11.229124
10.856407
11.501448
12.151610
11.671898
11.191923
11.816938
11.634179
12.172077
12.322592
11.529052
11.457464
12.178175
11.474576
11.186151
12.283688
11.324138
11.473289
11.265660
11.434241
12.380436
11.879000
12.088884
11.258025
11.888751
12.042759
11.413209
11.566132
11.602910
12.163153
11.657658
11.306047
10.710752
10.730471
11.127405
11.021691
11.058930
11.993450
11.139825
11.882548
11.110621
10.652341
11.778009
11.933943
11.866408
11.378467
12.255861
10.705665
12.377178
11.584264
12.343872
10.747452
11.841579
11.520452
11.354913
12.209022
12.114290
12.220625
11.154630
11.478208
12.420331
12.217011
11.367405
10.803311
10.837508
11.243530
10.722925
12.107306
10.677248
11.050089
11.579332
11.168648
10.734619
10.849665
10.990150
12.067623
11.749528
10.903223
10.902907
10.770253
11.993342
11.177596
11.382726
10.994524
10.741762
12.118873
11.536068
12.038591
12.300142
11.290151
12.192361
12.387879
12.354423
12.215279
10.814107
10.829777
11.235595
10.951433
12.005485
12.083332
12.313473
11.127155
11.929094
12.039434
11.250609
12.298255
11.790186
11.436132
11.427438
11.944710
10.796038
12.289387
11.905927
10.794444
12.303969
11.469611
12.361897
12.155999
12.086003
11.814835
11.256398
11.453458
11.177611
11.922468
11.694171
11.488128
10.821920
10.882978
12.189254
11.647669
12.396981
11.449060
12.435224
11.390627
11.211935
11.710297
11.673156
10.723875
12.318458
11.258654
11.624122
11.987431
11.476303
11.886878
11.706377
12.333267
11.133015
12.302326
11.155634
11.653348
11.397311
11.516334
12.009190
11.008244
11.903126
11.599826
12.333050
11.826306
11.116740
12.539833
12.098423
12.264167
11.762230
11.724075
11.810950
11.809177
11.051621
11.721523
12.029013
12.296432
11.824231
11.400576
10.971378
11.310556
11.715101
10.680593
12.257562
11.035945
11.395720
12.277910
11.358077
11.699609
11.326092
11.586620
11.274120
11.019761
11.917964
10.796540
12.153781
12.308639
12.308605
11.156478
11.682327
12.142851
11.328871
12.274451
12.316498
11.890086
10.720724
11.450768
11.946422
10.978775
10.921799
11.555017
11.645414
10.782952
12.055890
11.374305
12.280412
11.117493
11.875594
11.312438
10.932727
12.289681
12.011941
11.805172
11.554867
12.005006
11.514693
11.908962
12.238499
11.796407
12.373473
12.052084
11.298101
11.106227
11.741443
10.944284
12.168578
12.285566
12.158638
11.719241
11.855380
12.372100
12.205253
12.295931
11.214250
12.083005
11.688493
10.895319
12.274575
11.462369
12.292492
11.916560
11.486288
12.256564
11.132509
11.325787
10.661852
11.864451
11.287838
10.686970
11.868124
12.061292
11.557242
10.605881
12.128267
12.351823
10.975970
12.071603
12.345769
11.868410
11.462597
12.251323
11.594824
10.965437
12.331753
11.167494
11.276424
12.109712
10.907352
11.167206
11.634807
12.158142
12.368032
12.382901
11.333113
12.009255
12.437217
11.819299
10.963880
11.946141
11.561800
12.130514
11.894340
11.562214
10.886172
10.866251
12.514339
11.006561
11.506083
11.093506
11.466969
12.290529
12.248634
11.362450
12.246847
10.706087
12.334047
11.742839
12.088583
12.419984
12.222024
11.500636
11.182870
11.598200
10.645889
11.368696
11.468757
11.631170
11.494148
12.099947
11.516176
11.715757
11.067311
11.321918
11.179164
12.442977
11.382282
10.647451
11.145226
10.608346
10.764529
12.023685
11.868172
12.127790
11.631605
11.825430
10.933843
11.203470
11.387436
12.364945
12.216684
11.635415
12.305669
10.702576
11.184805
11.843907
11.670385
12.359300
10.749701
11.705123
11.472926
12.351001
12.206873
11.536409
11.159493
10.993733
11.605647
12.221790
11.196121
10.956215
11.580683
12.312139
11.457690
11.854355
11.981081
11.901262
11.679541
12.451177
11.858580
11.162360
11.842971
11.928646
12.008788
11.137902
11.714558
11.541875
10.741807
11.644565
11.880795
11.670355
11.944172
12.049069
11.264831
12.357126
11.514582
11.566147
12.038864
11.336136
10.780033
11.893553
10.850755
10.841365
10.761787
12.427373
10.589323
12.462454
12.401931
11.256384
11.486778
11.450831
11.635288
11.385336
10.987380
11.091442
10.808736
12.216385
11.735193
11.979942
11.562170
11.912100
11.351964
12.039500
11.901362
11.063432
11.661922
12.048167
11.364144
11.189628
10.874228
12.406306
11.223257
11.172303
12.175712
12.085091
11.083545
12.214548
11.437562
11.906008
10.830680
12.124005
11.640582
11.686153
11.317124
11.247984
11.926451
10.664431
10.698865
11.594701
12.070286
11.619724
12.328138
11.020140
12.134314
11.948082
12.073933
10.977495
11.186987
10.837735
11.872327
11.981803
11.310850
11.225338
11.634167
11.743821
12.250549
11.497022
12.209739
11.116345
11.599633
12.141225
12.146735
12.254009
10.681585
11.612831
12.319810
11.326364
12.062729
12.261298
11.516607
11.856289
11.304380
11.343452
12.283803
10.732513
11.878529
11.717874
11.543902
12.318019
11.945725
11.613601
10.924466
10.734065
11.759789
11.663191
11.122037
10.912134
11.461627
12.393440
11.197274
11.740574
12.237723
11.534751
10.814029
12.393286
11.301635
12.147169
11.240401
11.318706
11.243984
11.233786
10.946125
11.629874
11.868197
11.173259
12.284950
12.118957
11.084389
11.221117
12.261713
11.170459
12.219859
11.675522
10.855992
10.924987
12.190431
12.238698
12.218389
11.186373
11.086914
12.219452
12.389957
11.438320
10.724613
11.070632
12.101290
11.142316
11.392188
12.090365
11.760235
11.374319
11.025588
11.620147
11.452088
12.086596
11.460457
12.154847
11.288914
11.715894
10.863627
11.800703
12.294137
11.121723
12.183694
11.237620
11.964242
11.230517
11.794650
11.377988
11.505035
10.566546
12.431723
10.915066
11.006922
11.661494
12.206461
12.305589
11.976530
10.956374
10.722780
10.667668
11.483545
11.742091
10.763497
10.580308
10.831754
11.809048
11.005717
12.005356
11.145741
11.094121
11.762502
12.184718
10.613243
12.019830
11.897643
12.336482
11.979238
10.919145
11.556710
11.882405
11.795983
11.499095
11.548181
11.076250
10.975853
11.511202
11.465022
10.665613
12.126555
11.021947
11.932707
11.379975
11.963051
11.018294
12.075409
11.068018
11.992292
11.402624
11.812807
11.407853
11.729648
12.243731
11.653490
12.529141
12.026544
11.068542
12.160935
11.380711
11.727105
11.506319
10.889972
10.691433
11.342428
10.765738
12.044241
11.264525
11.138624
12.184940
11.797572
11.350531
11.756322
11.650661
10.901864
12.392200
12.184762
11.481060
11.545760
10.929323
11.746640
11.097526
10.714008
10.943627
11.368903
12.211509
11.809006
11.264019
12.000798
12.161202
12.251458
10.855433
11.790124
11.135948
11.517447
10.776723
10.781285
10.891011
12.070222
10.965259
11.131719
11.278619
11.406971
11.136796
12.200480
11.459414
11.621847
11.456579
11.592971
12.288906
11.275276
11.971576
11.682856
10.612153
11.406014
11.618550
11.309936
10.997434
11.165522
11.310736
11.232780
12.336734
10.642577
11.470016
10.942401
11.820468
11.729354
11.348470
10.846159
10.562825
12.350988
12.023448
11.909068
10.946030
11.619001
12.119132
10.931345
12.036984
10.958861
11.033886
12.412537
12.305533
11.322606
11.698041
12.270214
11.360923
12.257234
10.960108
11.377019
12.422676
11.702533
10.689364
11.236409
10.906492
11.544218
12.198100
11.394966
12.013134
11.623929
11.711563
12.218112
12.349783
11.748935
10.744036
11.772400
11.375627
11.312729
11.951217
12.445532
12.245921
12.271335
10.921333
10.790797
12.141647
11.264880
12.354010
12.006147
10.474958
12.303483
10.805742
12.267759
11.416359
12.313153
10.669243
11.238606
11.501935
11.033609
11.264106
10.887352
11.494090
11.113235
12.065613
11.286299
10.651739
12.400168
10.846933
11.780653
10.781573
12.393788
11.215551
12.194007
11.583401
11.791936
11.700035
11.867299
11.486825
12.113616
11.130273
12.240981
12.077546
10.745115
10.861316
11.015084
11.821103
11.185263
11.633745
11.795198
11.817115
11.260060
11.309143
11.658015
11.121662
10.792468
11.858153
12.477885
11.786681
12.266018
10.828100
10.656436
10.819311
10.930897
10.796588
11.718793
10.901728
12.183457
11.887723
12.075208
11.743161
12.152434
11.294848
11.011291
12.052022
12.102215
12.440821
11.449370
12.016897
11.766600
12.052191
11.277965
11.046299
12.245855
11.579939
11.274453
12.198954
12.107605
11.350423
11.667994
11.141550
11.081852
11.233959
10.952585
10.824540
11.049387
11.940847
10.877505
12.297196
12.072584
11.914339
11.299283
10.524546
11.486592
11.274050
12.066668
12.282768
11.413023
12.051218
11.044269
11.396740
10.939387
11.588853
11.212796
11.002754
11.205105
11.177130
11.567213
12.253119
10.768329
12.226304
11.229896
10.488731
10.942745
11.654476
11.657189
11.433954
12.246597
11.476591
11.920912
11.642266
11.356352
11.825875
11.656101
11.632338
11.968360
10.981780
11.036991
11.661460
11.738140
11.624161
11.638355
10.733108
12.272595
11.736026
11.121071
12.121810
11.047209
11.116745
11.550447
10.822656
11.560902
12.024880
11.419312
12.365408
10.992109
10.745129
11.864893
11.976140
11.896490
11.236507
11.826681
10.775799
11.259061
10.847420
12.295449
12.012355
11.853975
10.606880
11.031809
10.720870
12.131963
12.418884
11.161196
11.018192
11.399099
10.841595
12.237038
11.049935
11.786601
11.716048
11.400484
11.671285
11.421360
11.866377
10.699172
11.710895
12.374153
11.211911
10.813697
12.314695
12.484001
11.814788
11.776311
11.361313
11.151224
10.734507
11.166135
11.619390
12.238101
11.828108
10.953121
11.559902
11.444951
12.168073
12.272185
10.778647
11.443918
10.720780
12.263145
11.907147
12.378520
11.593541
12.241506
12.068745
11.109758
12.317136
11.715166
12.286728
11.771066
10.729343
11.688159
12.368946
11.128323
12.150136
10.862846
12.275681
11.173034
11.207091
11.666112
11.240757
12.074999
11.506749
12.204704
10.782807
10.870761
11.323918
12.281180
11.596526
11.854308
11.265048
11.741081
10.849606
12.270487
10.623541
11.239210
12.053496
12.170321
11.030902
11.385965
12.350738
11.548381
12.350723
11.046481
11.916244
11.949731
12.125758
11.854486
12.167593
11.916717
11.825907
11.390923
11.879126
11.244866
12.444107
11.895681
12.361183
11.821275
11.488142
11.720818
11.422111
12.262760
11.786821
11.209373
12.282095
12.150289
11.114708
10.718693
11.556821
11.557481
10.755450
11.409785
11.523486
10.772973
10.970429
11.426482
11.415887
11.312714
11.795985
11.912192
11.785515
11.545274
12.236474
11.245863
11.967602
12.112955
11.976224
10.966473
11.316924
11.337436
11.558391
11.301867
11.995250
11.748814
12.250940
10.609669
10.906789
11.989798
11.534062
11.757592
11.374416
11.655550
11.662792
10.738171
11.430274
10.945361
11.470796
11.760899
11.628958
12.083542
12.059929
11.256771
11.494697
12.295112
11.165771
10.842416
12.034555
11.001664
10.718978
11.753053
10.895060
11.012167
11.772152
11.195814
11.901120
12.406759
11.474427
12.268686
10.869673
12.168680
11.077362
11.166997
12.061254
12.182600
12.155054
11.329504
10.873993
11.930591
12.186484
12.271959
11.193071
10.705737
12.266779
12.191245
11.678977
11.793751
11.851571
11.610385
12.308232
11.766203
11.701304
11.195309
12.153716
11.108303
11.528913
10.825816
11.444256
12.097045
11.849956
12.086288
11.493299
10.552194
11.509422
11.672908
11.991930
11.149078
11.547683
11.194494
12.154452
11.176687
12.268882
11.897022
11.486227
12.414296
11.129090
12.429864
10.914284
12.183623
12.062620
12.500087
11.042607
11.098278
12.055575
12.253531
12.028257
11.476349
12.103845
10.997565
10.874916
11.871219
12.237066
12.249703
11.881571
12.313650
10.815986
12.105429
10.837611
11.142385
10.617074
12.412555
11.789856
11.658836
11.883080
11.422523
12.393525
11.034008
10.944044
11.311078
11.773520
12.034569
11.028969
11.785683
11.218961
10.770320
11.026734
11.808231
11.729409
12.062522
11.673557
11.832750
12.297747
11.240847
12.149618
12.277748
10.993836
11.341239
12.358494
12.219507
11.222768
12.086644
10.848591
12.348275
12.139001
11.411584
11.855707
10.718156
11.988086
12.166597
10.602638
11.423238
11.708227
11.261138
11.571884
12.223216
11.274964
10.743563
12.342446
11.177494
11.670272
12.305226
12.125645
10.900075
10.926377
11.039764
11.081803
10.934821
10.572574
12.069898
10.916602
11.418937
12.389804
12.276567
11.047974
11.744870
10.860970
10.941644
10.731057
11.697769
11.050714
11.133166
12.303059
12.422260
12.128984
11.026467
12.222895
11.072878
12.343443
11.881593
11.673679
10.892956
12.099743
10.963019
10.944385
10.993724
12.017831
11.906462
12.030483
11.093234
11.827078
10.546497
11.271490
12.189910
10.819662
11.227133
11.434576
11.967799
11.272372
11.940542
12.445229
11.842334
12.455814
11.039152
10.637750
11.047739
12.276296
12.328991
11.214211
12.203520
11.624876
12.280016
11.023227
10.888503
11.143041
11.599065
11.819936
11.232589
11.906613
11.984484
12.288462
12.148147
10.957612
11.819545
10.726380
11.454129
12.343043
12.002839
11.610953
11.031362
11.046083
11.082917
11.666404
11.789183
11.243877
11.226823
10.802419
11.304416
11.906617
10.991518
11.961709
11.694292
11.844896
10.821064
11.416282
10.799029
11.770976
11.887782
12.024900
12.004622
12.290833
11.868891
12.321048
12.388053
12.322281
10.703176
11.713544
11.881807
12.119275
11.004839
11.346061
12.043182
12.044684
10.706477
11.808148
12.041747
11.395521
10.704677
12.092448
11.292820
11.891716
11.333587
11.106066
12.263772
12.448480
11.907879
11.294495
10.748241
11.454310
11.078703
10.694512
11.700625
11.365752
11.614748
11.036541
11.312507
11.580778
11.887431
12.363814
11.262879
11.710905
10.566750
12.270702
12.414413
11.544868
12.068007
11.290994
12.060180
11.059635
11.573874
11.078051
11.008576
11.818668
10.782077
10.762720
12.208560
11.992726
12.054831
11.689540
11.857499
10.761714
10.665266
11.533368
11.465189
11.508021
11.259108
11.506472
10.844441
12.403558
12.207046
11.329381
11.629206
11.007716
12.206854
11.796253
11.747561
12.028268
10.694418
10.786656
12.256783
11.541581
10.772725
11.773155
11.469468
11.807773
11.585094
11.576420
11.966200
12.163077
11.064845
10.748828
11.268854
10.696807
11.044502
11.848574
11.843061
10.745711
11.672491
11.870263
12.234160
12.210531
12.329162
11.543044
10.835897
10.961205
12.458172
12.390863
11.740596
11.006572
10.922781
11.080663
10.897196
11.365019
11.860619
11.401604
11.707406
12.312022
12.237517
11.114376
11.096955
12.118855
12.355980
11.514560
10.766250
11.447192
11.789623
11.109936
11.977918
12.458650
11.769345
12.145706
10.989926
11.016628
11.802516
10.924107
12.336523
10.904668
12.312039
11.672041
11.655876
11.873936
12.205354
11.564988
11.994203
11.852227
12.252849
12.402568
10.862467
10.999739
10.911026
11.691047
11.798444
12.227423
10.697823
11.483936
11.012955
12.284398
11.585764
10.659656
11.953774
12.221672
11.504251
11.966787
10.645916
11.158091
11.119264
12.464401
12.269327
11.618446
11.881084
12.370495
11.960110
12.275446
11.032677
10.916889
11.033506
11.824151
10.858321
11.585354
11.442768
11.394666
11.349872
11.621139
11.955857
11.444806
11.884522
10.571665
10.842998
11.385599
11.863864
10.748423
11.398944
12.403308
12.276204
11.285256
12.074373
11.707608
10.728084
11.237926
11.925392
11.424771
10.959298
11.845428
11.313248
11.094581
11.898776
12.314826
12.341275
10.689751
11.705741
10.692415
12.124753
10.734759
12.411001
11.766405
12.249447
10.948467
12.146811
12.026759
12.402297
10.767793
11.984954
11.861514
11.606394
11.196693
11.824097
11.150368
11.675461
11.792208
11.383258
11.387367
12.398019
12.357708
10.987489
10.894812
11.654460
10.714352
11.717480
11.263323
11.526535
11.044581
11.916455
11.499090
11.155395
11.863465
11.154456
10.680834
11.154430
12.013419
11.805676
11.820087
11.203059
11.010788
11.768392
12.066872
11.522871
10.978921
12.154000
10.685363
11.179805
12.024354
11.344834
12.003989
11.564132
12.051949
11.624660
12.220708
11.711877
12.279462
11.239013
12.317083
11.471068
11.420625
11.234817
10.827951
12.270773
10.984876
12.370969
10.969244
11.601045
11.946393
11.752578
11.082440
11.980022
11.865185
11.329941
11.783030
10.740004
10.951154
10.888368
11.686396
11.312949
11.576943
11.423639
11.026948
12.021501
11.601101
12.399741
11.607246
10.747354
10.918776
10.744606
11.804488
11.836995
11.031953
12.420632
11.722783
11.871257
11.161569
11.314342
11.754383
11.548152
11.974229
12.375597
10.976207
11.343559
11.502234
11.764184
10.893877
11.437901
11.875082
11.056358
11.146323
11.119401
10.686928
11.406027
12.093433
11.555349
11.505509
10.602914
12.344873
12.109993
11.954576
11.885202
12.369851
12.310489
10.683313
12.388935
12.381235
12.275070
12.153258
12.273835
12.379289
11.559442
11.899376
11.528528
11.123708
11.946215
11.246526
11.562788
11.378747
12.252903
11.643654
11.492699
11.394217
12.216658
11.533976
11.931819
11.008005
11.989909
12.164575
11.985619
11.140547
12.399386
11.273140
12.088947
11.620050
10.905321
11.278924
12.249882
10.879780
11.621667
11.416536
11.666873
11.819406
11.259522
11.379937
11.021571
11.075664
12.181445
11.942852
10.961801
11.017620
12.242673
11.442097
12.254899
10.835355
11.796424
12.068145
12.266507
11.258074
11.255751
12.176077
11.841821
11.180837
11.311226
12.178380
11.354842
11.815915
11.413311
12.404375
11.734743
12.355733
12.357774
12.329185
11.813809
11.351668
11.312611
11.193001
10.680084
11.501551
11.802351
12.400171
11.422545
11.466904
11.892424
12.316907
11.323500
12.379058
11.729003
11.549111
11.231981
11.202528
11.105420
11.785724
11.794576
11.984534
10.815554
11.903106
11.548751
11.336244
11.856670
11.402488
10.956630
10.816890
11.527136
11.266877
12.398772
11.315545
11.993052
10.587769
11.182804
10.663782
11.579431
10.852349
11.021504
12.138163
11.317537
11.711601
12.042880
11.528045
10.721954
11.760850
10.856038
12.258887
12.178506
11.374708
11.585776
10.921150
11.117203
12.465446
11.164948
11.745892
12.308540
11.604631
11.565746
11.049699
11.495638
12.169937
11.707734
11.195511
12.055433
11.018088
12.297483
12.337375
11.220504
12.176222
11.261922
11.212709
11.673583
11.556465
11.572638
10.569461
11.463153
11.736502
11.702901
11.606113
10.561735
11.945121
11.561741
11.103213
12.151857
11.525764
11.960288
10.787614
11.917579
12.346023
11.200002
12.089137
11.514546
11.724670
12.133507
11.581278
11.375452
11.242678
10.966814
11.306012
11.252479
12.166990
11.858034
11.719792
12.343891
12.144297
12.110881
12.152684
12.104677
11.506863
11.194297
11.812995
10.956998
10.726973
10.762529
10.779115
11.037894
12.235913
10.699821
10.889689
11.051133
11.006420
10.728716
11.723279
12.242573
11.382905
12.373417
10.596508
11.238932
12.275546
11.901059
11.633834
11.110732
11.247708
10.945645
11.335069
11.392079
11.278098
12.153469
10.923658
11.800550
12.018912
12.351147
10.898480
11.366632
11.947349
12.319382
11.247008
11.960813
11.117308
10.995177
12.366451
11.784941
11.889974
11.168635
11.572297
12.071840
12.104610
11.507794
12.182325
10.936988
11.632149
11.712887
11.911194
11.002163
10.917609
10.658451
12.372932
12.484213
11.662489
11.709127
11.171156
11.422607
11.957710
11.862141
11.260603
11.614287
11.615202
11.570993
10.682335
12.422288
11.370308
12.327852
10.894427
11.644969
11.478286
11.309117
11.232695
12.220858
11.990790
12.288320
11.208023
12.342488
11.926194
11.642893
11.405822
11.209333
11.188381
10.938237
11.310430
12.022983
11.015141
12.115037
10.550723
11.479991
11.336515
12.096657
11.017177
10.943577
12.298865
12.186713
11.267011
12.033804
12.240736
11.088971
11.351090
12.053528
11.195034
12.003849
11.844361
12.216686
10.501414
11.406765
11.848907
11.858008
12.195518
11.850817
12.154573
11.183810
10.697686
11.573702
10.956963
12.299264
11.571882
11.036984
11.049318
12.088797
11.558733
12.279525
12.336105
12.057684
11.790786
11.497819
12.155328
10.701455
11.637483
12.150675
10.885096
10.666636
11.060985
11.382114
11.308550
11.165038
10.921848
11.316773
11.540345
11.465723
11.463801
11.270215
11.218589
12.405731
12.064345
11.527723
12.311069
11.609551
11.972260
12.129380
11.174263
11.399602
11.369477
12.003328
12.172027
10.757715
10.659568
11.496991
11.946762
11.362198
11.612798
12.100305
11.558775
11.606887
12.086495
11.803011
12.039982
11.773757
11.246520
12.481482
10.817440
12.172499
11.818015
12.059382
11.171219
11.388165
11.523675
11.020655
10.890368
10.634978
11.079925
11.847588
12.162618
10.875751
12.369287
10.915849
10.794726
11.628734
12.206775
11.140589
11.576170
11.705241
11.241746
12.048108
11.552890
10.793246
10.865010
12.088648
11.960397
10.906135
11.903199
10.956521
11.542426
11.566557
10.915835
10.632822
12.168746
10.906385
10.763503
11.771130
12.387613
11.289067
11.962409
11.981704
12.153340
12.218346
12.106333
11.078904
11.044580
11.515211
11.749186
12.181795
11.130619
11.432374
11.686424
12.382073
11.910393
11.828597
10.898931
11.005292
12.006102
10.779112
12.037368
12.288708
12.202367
12.288716
12.303173
11.351369
11.207438
11.142193
12.186155
11.448194
11.692163
11.039516
11.955485
12.143261
12.115643
10.966059
11.509876
11.368914
12.333507
11.284371
11.698894
11.444231
11.903742
12.377269
12.381037
11.661418
11.252347
12.258789
10.793751
11.660036
11.408396
11.121219
11.041132
11.134353
12.413043
11.567938
11.350174
11.061015
12.358854
11.009470
12.039007
11.703179
11.481123
12.390202
10.627458
11.278095
12.484882
12.314816
12.361281
11.247459
12.063519
10.773778
11.570851
11.267838
11.146893
12.024065
11.205737
10.861313
11.988653
12.004543
12.033304
11.530718
11.536439
11.708185
12.112078
12.391111
11.644478
11.323193
12.118223
12.445048
11.957690
12.209839
10.763769
12.247974
11.605762
12.254600
11.377786
11.156237
11.066046
11.184997
11.080761
11.868054
12.061959
11.328768
12.239864
11.200206
11.959418
12.323109
11.434652
11.493157
11.861152
11.756100
11.219923
11.887617
11.879487
12.277524
11.812498
11.138811
11.345567
12.360730
11.019122
12.341074
12.082715
11.141863
10.858381
11.366832
11.642466
11.216969
10.661123
12.412903
11.211799
11.602749
12.350081
10.809047
11.847036
12.009248
11.753936
12.258851
12.270137
11.551302
11.698875
12.363884
11.172970
10.938357
11.858930
11.578027
12.399973
11.575277
11.809216
10.698123
11.096030
11.037872
10.817625
12.063340
12.005739
11.533424
11.150987
11.847742
11.282111
11.219632
12.220935
11.160158
11.903136
11.092366
11.968645
11.328808
11.395889
11.603628
12.409375
11.905000
10.929233
10.767464
12.164253
12.225059
11.969790
11.516595
11.768882
11.160179
10.891438
10.832154
12.353591
11.001839
12.011347
11.850772
11.769373
11.765526
11.425653
12.052964
12.347574
11.953385
11.862874
11.396514
11.933450
11.559819
12.395652
10.801062
11.263714
12.057140
12.294908
12.382151
11.179056
12.125199
11.680476
12.108040
11.875937
11.783756
12.257587
12.223287
10.922335
12.321561
11.684458
11.797819
11.847462
12.180059
12.389057
11.214298
11.946144
10.952382
11.340152
11.679042
11.540203
11.820699
10.812844
11.475104
10.652251
10.824490
12.141397
12.196884
12.124652
11.560886
12.366330
12.214453
11.936723
11.469103
11.608236
11.144456
11.324096
11.450265
11.867680
10.873744
12.196367
12.246927
11.612527
11.126165
11.793365
12.204447
10.688245
10.795484
11.573468
11.049052
11.419222
11.062395
12.269514
10.779668
10.862543
12.442492
11.849075
11.984634
12.435596
11.454153
11.236330
11.968213
12.241475
11.427517
11.461963
11.347148
11.518389
11.210038
11.014541
12.240277
12.218398
11.873065
11.963510
12.346909
11.023523
12.326170
12.443571
11.752268
10.650219
11.239286
12.116424
10.773934
12.081311
10.889550
12.211791
11.698875
10.748172
12.246632
12.117825
11.569377
12.286788
10.737754
12.452615
10.648813
11.654556
10.681200
11.277096
12.215689
11.123323
12.026811
10.678002
10.918882
10.827713
11.404544
11.518701
11.749100
10.983022
11.748697
10.875820
11.355033
12.166072
10.688432
10.555202
12.140832
11.693565
11.412789
12.082985
11.357486
10.989330
11.454262
12.137062
10.570441
10.858247
12.144933
10.842413
11.346221
10.908016
11.623654
10.778382
12.036636
11.973021
11.916431
11.047636
12.341971
11.043739
11.163241
11.134942
11.357548
11.308463
12.213597
11.972649
12.037472
11.541478
11.699895
11.031942
10.802619
11.148011
12.276208
11.653485
12.214204
10.647378
11.984076
12.277994
10.561313
11.905195
11.821593
12.130021
12.033614
10.424289
11.257014
11.098982
11.058049
12.136410
11.527144
12.218380
11.521091
12.376396
11.918530
11.650130
11.986246
10.726119
11.384273
11.044428
11.748544
11.280165
11.888713
11.555091
11.282739
12.231397
12.173990
12.253496
12.224371
11.845967
11.228997
11.443775
12.127788
11.893101
12.362177
11.667050
12.234674
12.270692
12.353592
11.497054
11.789769
11.611860
12.083849
12.093198
11.668905
12.102703
11.750142
12.176225
12.005240
11.892652
11.629594
11.766516
12.092659
10.924836
11.734839
12.143556
12.210255
12.407151
11.115104
11.512460
10.934515
11.957058
11.562667
11.921381
11.568691
12.307516
11.876414
12.385770
11.062636
12.168623
11.261830
11.542815
10.874944
11.757887
11.402405
11.196846
12.036329
11.442172
12.292987
11.368749
11.643913
10.728092
11.639557
12.349396
12.162735
10.777688
11.279698
11.312050
11.810555
12.402563
12.389941
12.107820
12.353318
11.128043
11.802734
12.218570
12.178775
11.750634
12.361531
12.256611
12.417355
12.093317
11.991427
11.354912
11.382877
12.062491
11.032407
12.311623
12.058477
11.241070
12.177914
11.482654
11.291505
11.930073
10.809197
11.921337
12.160000
11.317903
12.003808
12.240315
11.770570
12.299274
10.940080
11.697419
11.994630
10.796164
12.140051
11.482717
10.550412
12.210989
11.956448
11.838389
11.197919
11.848343
12.438449
11.377290
10.837022
10.664111
12.055691
10.740291
10.727937
11.128033
12.249581
11.791276
12.241742
10.758628
11.951350
10.696880
12.225451
12.240565
11.453625
12.250323
12.296027
12.024353
11.015313
11.962452
11.204190
10.532676
11.705543
10.903988
11.553975
11.348436
11.627506
11.358736
12.241764
11.097085
11.491295
12.057484
12.169385
11.721376
11.431098
11.383388
11.880792
10.725006
12.047601
12.241584
11.895770
12.410188
11.420943
10.830792
11.757238
12.455817
11.868347
10.906788
10.561481
11.675544
11.843476
11.669901
10.785499
11.774533
11.518956
11.518956
