12.079643
11.817222
11.520054
10.948130
12.109352
11.026680
11.457752
12.023998
11.820978
11.575315
10.625945
11.786482
11.465212
11.349741
10.970228
12.287322
11.296913
10.653843
10.588142
11.156780
11.084471
11.535995
11.457157
12.383001
10.883211
12.092623
11.091947
11.587545
10.944389
12.176638
11.500038
10.952586
10.946585
11.290703
11.434067
11.846389
10.642206
10.905067
12.229024
12.109971
10.921122
11.916725
10.793610
11.753523
11.733522
11.810199
12.136969
11.485911
11.948393
10.936086
11.773798
11.504221
10.782541
12.424734
11.915888
12.440573
11.666950
10.689253
10.659665
10.815018
11.920111
10.985098
11.256811
11.884308
11.737286
12.152899
10.851945
11.303914
10.693386
10.759594
12.420355
12.404651
11.245471
11.328613
11.194674
11.611828
10.568420
12.350151
10.852977
12.062825
11.405491
11.740259
12.417393
11.073409
11.380688
10.794858
12.225362
10.724133
11.813521
10.491496
11.172477
11.584669
10.925234
12.161325
10.969857
11.626494
12.090758
12.068108
12.404279
11.504276
12.080399
11.592939
12.169007
11.360918
10.661132
12.349949
12.465810
11.608700
11.298596
11.578306
11.550005
10.910407
12.231734
10.714615
11.442087
11.508463
11.612668
11.468478
11.053208
11.429514
12.200122
11.321517
11.502661
12.228263
11.991255
11.517184
11.628873
11.809964
11.667329
11.648610
11.419783
11.511741
11.904434
11.398575
11.237789
11.598153
11.340816
11.863924
12.282923
11.240282
11.259214
11.533142
11.807514
11.066104
12.426562
10.628436
12.096710
11.131347
11.050278
11.166735
11.357725
11.372334
11.619187
11.158666
11.113720
11.965285
11.936959
12.101186
11.695319
11.478248
11.407265
12.061729
11.574127
12.177542
10.988854
12.046865
10.585319
10.980281
12.597913
11.010686
11.845227
12.407004
10.670977
11.878080
11.142422
12.218921
12.041068
10.677344
10.759429
11.630135
11.642890
10.916233
12.161018
10.787458
11.743905
12.273390
11.863917
11.747623
11.131785
12.292785
11.496162
10.689754
11.884960
11.655332
11.949783
12.134380
11.794571
11.615037
12.145421
12.190171
11.390985
11.889082
11.498792
12.125732
11.409705
12.257817
11.552060
11.844531
10.926747
11.483469
10.630608
11.269832
11.557138
10.810866
12.422857
11.987460
11.380448
11.433537
11.950544
10.831577
11.521851
11.736108
11.620549
12.212682
12.253503
11.953967
11.477858
11.335853
12.403786
11.260975
11.999387
10.675305
12.312610
11.755605
11.523900
11.351527
11.912009
10.945721
11.570181
11.673323
12.401431
12.284093
11.447357
12.121962
11.202923
11.773227
11.206647
10.942395
10.798930
11.586859
11.180445
12.158334
11.639943
11.180891
11.895402
11.878796
11.230883
11.405966
10.766652
11.769217
10.928647
11.271803
11.899119
12.072746
11.879832
10.976768
11.852575
10.442245
11.220605
11.514036
11.882119
11.406373
10.882779
12.133386
12.068434
10.964281
11.591074
12.165452
12.278773
10.837100
10.780215
10.711279
11.867459
11.325757
11.808189
12.352694
11.048920
11.312004
10.461592
11.537564
11.944253
11.282256
12.066031
11.051457
11.796205
12.331481
10.766919
11.296934
12.179182
12.353248
11.900529
10.721272
11.867433
11.367534
10.746291
11.908348
10.993875
10.864281
11.237223
10.695658
10.782129
11.212426
11.834757
11.546367
11.908097
10.901548
11.449202
11.732452
11.327040
11.518476
11.564127
11.769649
11.420053
10.708275
11.943962
12.356398
11.014968
12.066283
10.571356
12.096137
12.290255
11.019139
11.503839
10.830279
12.376799
11.930804
11.142781
11.807620
12.377153
12.040656
10.645196
10.863713
10.879606
11.977332
10.973143
12.318732
10.970691
11.716870
11.802688
11.656911
11.202862
11.693728
10.999165
11.703676
12.179726
10.917770
10.987541
12.080953
12.402486
12.200384
11.568416
11.313622
10.890809
11.552770
11.470833
12.156678
11.923605
11.157181
11.521897
11.431760
10.715484
11.986700
12.426465
12.384388
11.958233
11.400918
10.887720
11.796944
12.426104
11.416195
11.435060
12.049309
11.073990
11.083135
11.928681
11.196283
11.077363
11.618236
11.282206
11.105294
11.830376
10.558613
12.016757
11.082767
11.491973
11.598635
11.541505
11.145903
11.912871
11.579715
10.861747
11.860673
12.044486
10.851392
11.771601
11.897397
10.825393
11.158592
11.002789
11.428702
11.545328
11.459832
11.251487
12.150263
11.576161
11.952934
11.363325
11.794779
12.439681
11.164465
11.734858
11.893912
11.815699
12.233649
12.367401
11.739492
11.200037
10.579457
12.048050
12.353229
10.827150
10.867649
11.624966
12.068215
11.978720
11.745497
11.009854
11.009894
10.590625
10.878569
12.147397
11.170080
10.901306
12.409401
11.512623
11.686880
12.151053
11.868952
12.044061
10.851355
11.640822
12.151003
12.175878
12.352886
11.574428
12.096121
10.999551
11.369581
11.930171
12.353347
11.282886
12.400095
11.646511
11.875674
12.208023
12.317231
10.683367
11.767236
11.207549
10.974816
11.988801
12.098615
12.181477
11.131189
11.168165
11.362532
11.264754
12.053098
12.165343
12.318216
12.069409
11.326220
11.367693
11.718811
10.911030
11.088949
11.684571
12.236791
12.030876
11.542065
12.310138
11.311340
11.431516
10.964597
11.449774
11.957352
12.159038
12.011869
12.243579
11.288800
12.329663
11.571221
10.923055
11.648665
11.582749
12.097402
11.538704
10.727819
11.122602
11.206109
12.108531
11.010177
10.679413
10.962172
10.784209
11.166820
11.214255
11.535896
11.023303
10.776921
11.074850
10.725536
10.739234
12.379673
11.685801
11.090584
10.922281
11.986869
11.235841
11.386250
12.281754
12.018350
12.228226
11.533791
11.771567
11.902348
11.184903
10.802518
11.406619
10.832802
10.690316
11.087926
11.942732
12.266449
11.651800
11.238347
11.762835
11.596690
10.521452
12.210030
10.746499
12.112567
11.851732
11.996543
12.202732
10.944278
12.282101
11.320508
10.722678
12.360969
10.700110
12.392075
11.988617
10.771453
11.016057
12.148141
11.123142
11.443815
12.102840
11.084718
11.211124
12.186930
10.827035
12.364372
11.137142
10.684773
11.195598
10.870661
10.955111
11.560398
11.173324
11.041156
11.904852
11.696816
11.473315
12.328356
11.585892
12.427587
12.046054
11.846565
11.922422
10.615265
11.915944
11.556968
11.237475
11.730648
11.814225
11.895624
11.400101
11.451489
12.293352
11.601690
11.668537
10.832152
12.313561
11.291445
11.020336
11.333116
11.636185
11.490340
11.597439
11.029760
12.444470
10.876910
11.840034
11.611189
11.631838
10.925336
11.281892
11.861628
11.758662
12.131541
11.798498
12.278960
11.666954
11.853524
11.623019
10.980469
11.121318
11.883469
11.344073
12.310101
12.092129
11.861259
11.496967
11.539089
10.936481
11.530739
12.153656
11.347709
11.382615
11.293575
12.089110
11.571173
12.270761
12.017534
11.829129
11.621194
11.074210
12.207814
10.796500
10.965864
11.088885
11.096390
12.117817
11.927741
11.548749
12.261769
12.456820
10.580880
11.739430
12.046366
10.627838
11.020775
12.009405
12.306721
11.179706
12.244372
11.433104
12.072895
12.113248
11.792295
12.481127
10.825857
11.436561
11.982261
10.979781
10.798153
11.770221
12.350052
10.883760
11.914422
11.602435
12.184424
12.054111
12.064325
10.854244
12.201682
11.219487
12.057019
11.683775
11.059702
11.977644
11.612703
12.015448
11.261931
11.830109
11.306558
11.759714
12.175683
11.615676
11.309933
10.717354
11.646849
12.053297
11.437188
11.160375
12.292589
11.194451
10.529255
12.071143
12.107175
12.401315
11.242070
11.816372
11.097665
11.499435
12.176852
11.720601
11.903116
10.827235
11.459426
11.862327
11.980088
10.660898
12.303846
11.909516
10.984694
12.371822
12.346605
12.226149
11.738529
12.004502
11.397231
11.191519
11.608560
12.363282
11.873658
11.625363
11.765804
11.653444
12.028323
11.853817
10.813152
10.912510
12.050119
12.085220
11.885920
11.359232
11.623328
11.691638
10.542903
11.024873
11.796457
12.370337
10.807877
11.997270
11.110125
11.103511
10.678289
12.092365
11.627296
12.158812
11.688822
11.693481
12.014384
12.179932
11.794893
12.391200
11.251931
11.259737
11.936334
11.972379
12.011042
11.718256
12.332730
12.319547
10.671684
12.451239
11.060307
10.907974
11.681019
10.652869
10.601375
11.428402
11.903469
12.352769
11.113386
10.937663
12.008312
12.058572
12.414383
11.973654
11.117295
11.578728
12.037131
10.820197
11.058691
12.339828
12.216241
12.202535
11.190909
11.029189
11.590827
10.924993
11.743503
11.718463
11.608960
10.698157
10.712096
12.433983
10.871749
11.826002
11.696448
11.944393
11.444389
11.922919
11.351503
12.479910
11.714270
12.334258
11.832511
11.821388
11.050885
12.194880
11.931844
11.408333
11.615326
11.650137
12.287281
11.613154
10.576775
10.879105
12.239193
11.100529
10.645242
11.422311
11.783098
11.857098
11.439660
12.035179
12.046514
11.823592
11.078117
10.650643
11.992437
11.537242
11.952182
12.069147
10.938656
11.108127
11.973441
11.503530
11.182060
11.352584
12.146663
12.469116
11.873212
11.183842
10.555609
10.890366
12.341967
11.967293
12.072102
12.211529
11.479977
11.381860
11.622383
11.108334
11.073715
10.724164
12.041935
12.014365
11.346011
11.959892
11.259557
10.719736
12.337000
11.061762
12.227294
10.923549
11.747695
11.380801
12.203423
11.892820
12.377760
10.970105
12.276630
12.476525
11.257240
11.733002
11.013920
10.841447
10.859375
10.943912
11.257428
10.954123
12.000462
11.244005
10.845958
11.583863
12.139739
12.178254
12.357343
11.116213
11.587282
11.591019
11.028000
12.432540
12.195479
11.914288
12.219595
11.323072
12.055098
12.417464
11.648270
11.117861
11.018901
11.493292
12.336109
11.192548
11.143359
11.830969
11.513120
10.878037
11.809529
11.326910
11.221868
11.219124
10.875832
11.067014
11.875865
11.502149
12.249709
12.237687
11.880442
12.124049
11.208420
10.631365
11.816975
12.035381
11.961316
11.425722
11.580542
11.717840
10.993080
11.971518
11.439345
10.887489
11.119145
12.413293
11.410145
12.143381
11.832430
12.298766
10.846922
11.872749
11.933805
10.921379
11.245672
11.392763
11.928254
11.463417
10.872710
12.372285
11.375665
11.023607
11.243132
11.189438
12.273624
10.574914
11.872866
11.316773
11.905417
11.751419
11.600343
12.002640
12.373558
11.456022
11.783290
12.428029
10.786398
11.278456
11.596959
10.924582
12.308857
12.054678
11.955602
11.466961
11.585453
11.523754
11.100278
10.728465
11.056463
10.815666
11.369669
11.427570
11.178084
10.586465
12.001025
11.520752
11.729592
11.374516
11.942562
10.789078
10.870888
11.883341
11.223850
11.508373
10.713587
11.743801
11.800801
11.960615
11.171270
12.052416
11.058869
11.700201
12.068940
12.259987
11.561557
11.251501
12.149963
10.632146
11.842695
11.265146
10.724298
11.066303
12.002798
10.949278
10.954007
11.873854
12.123131
11.799754
10.974521
11.229165
11.285570
11.385706
10.612833
11.824209
10.753581
11.839625
11.045344
11.928553
11.835685
10.818513
10.796972
12.115959
11.751908
11.995786
12.133340
11.923777
10.713742
10.738304
12.111360
11.415879
11.929410
11.591218
11.444420
12.066239
10.863032
12.364007
12.078640
11.702485
11.972977
12.352994
11.581302
10.550318
12.325942
11.722298
11.889978
10.582030
12.104047
11.399886
11.714258
11.246263
12.043876
12.147606
10.975929
11.739636
12.289241
10.587071
11.282735
12.121930
10.607769
12.079258
12.255736
11.325161
10.726467
12.170659
10.962984
12.372325
12.334277
11.078895
11.058135
11.803124
12.066273
11.262339
11.142809
12.268165
12.341446
11.903368
11.539858
11.371642
12.143847
12.419637
11.690981
11.349445
12.298281
11.462724
12.027183
11.376900
10.957260
12.361309
10.857538
11.920105
10.697862
11.012892
11.275731
12.374682
10.633764
11.654470
10.713357
12.114399
11.443211
12.197728
11.814931
12.080376
11.627919
11.976109
11.764857
11.201323
11.442735
11.462820
12.320236
11.164383
11.233008
11.643099
11.509647
12.368494
11.445796
12.271483
12.056700
12.154976
11.800440
11.276259
11.544706
12.075558
11.581147
11.026333
11.645564
12.380062
11.309714
12.282160
11.063253
11.027699
11.399140
10.994518
11.950972
11.377306
12.201206
11.876623
11.699932
10.998000
12.256949
11.231934
11.801309
11.533437
11.354929
11.624866
11.680129
11.894738
10.832837
11.484112
10.917818
11.000326
10.838154
10.792422
11.501511
12.258753
11.525822
11.574903
12.252954
12.161026
11.859962
11.289817
11.835425
12.300807
12.082451
10.967822
11.786098
10.744196
11.751181
11.579619
12.232338
11.556278
10.961107
10.790468
10.498579
10.657873
11.167592
11.261224
12.185307
11.139901
10.860212
12.264420
11.843990
11.035476
11.630655
11.814652
12.096981
11.985639
12.071807
11.678173
11.759623
10.974034
11.419675
11.761309
10.887140
11.588326
11.733682
10.836716
10.918633
11.638076
12.206377
11.329846
12.010278
10.892000
12.318991
11.984428
11.852798
11.605979
11.971116
11.100989
11.208831
11.053873
10.587339
10.825232
11.047506
10.916338
10.567084
12.058344
12.455957
10.757598
11.598568
12.180701
11.330937
11.260063
10.779842
12.327675
11.603587
12.409236
11.881666
10.854538
11.593263
11.563500
11.640464
11.521014
12.248252
12.001708
12.096075
11.231856
11.147640
11.164700
11.815398
11.093136
12.399453
11.759256
11.187143
10.644871
12.236166
11.133877
12.151216
11.253853
11.224500
12.086111
11.772213
11.646602
12.411278
11.961619
12.217299
11.205649
11.696807
11.632291
11.001373
11.263420
11.564247
12.035158
11.608186
12.051534
11.290109
12.276064
11.281254
10.837830
11.224339
11.498379
11.995860
11.886377
11.491472
11.552193
11.351452
11.711543
10.896589
12.138187
11.285091
11.403389
11.594262
12.220120
11.454642
11.200475
10.764523
10.792234
12.402153
10.801453
12.259834
10.732209
11.353897
11.772613
10.808051
12.362513
12.224730
10.800364
11.584161
12.333128
10.645892
11.299804
11.404262
11.111880
12.263092
12.152198
12.015084
12.137075
11.544922
10.921329
11.708940
11.654751
11.375912
12.328229
11.040385
12.230963
11.592678
12.281203
11.889012
12.428881
12.375064
10.930941
11.021517
10.824506
12.068122
11.034041
11.835208
12.276966
12.070637
11.980936
11.709889
12.120860
11.222103
11.984162
11.525527
11.921122
12.433978
12.077029
10.649359
12.435798
12.306488
11.579918
11.662635
11.349939
10.584290
11.819180
11.467623
12.088000
12.225205
12.383776
11.877067
11.396627
11.226242
11.882429
11.209286
11.922752
11.123664
10.906420
12.147593
11.027943
10.824918
11.556691
11.514539
10.778296
10.894200
11.368313
11.097926
11.087196
11.757778
11.463344
10.824231
11.365332
12.163500
10.951363
12.296809
11.811799
11.098788
11.223881
11.949334
11.652906
12.418666
11.276269
11.433808
11.365096
12.226780
11.473152
10.802683
11.362611
12.335096
12.380460
12.272471
11.448536
12.092258
10.636538
11.084988
11.531614
11.112674
11.926266
11.576201
11.372610
12.337792
11.083301
10.862945
10.839059
11.638072
11.708246
11.514949
11.722854
11.574436
12.024451
10.719392
10.704938
11.485577
12.426385
12.322333
11.117967
12.291326
11.766243
11.061373
11.594175
12.261585
10.709699
11.239358
11.781443
12.255198
10.511755
11.928846
11.476679
11.246319
11.368523
10.971077
11.367393
11.134418
11.454593
11.821915
10.928023
11.635218
11.644482
12.369927
11.293424
11.657203
11.618568
11.287507
11.077551
12.426604
12.425299
11.479634
11.916179
12.172540
10.752156
11.882939
11.564105
11.165381
10.654731
10.809677
11.690442
11.337684
10.895288
10.906305
11.931224
12.290791
11.669565
12.003046
11.441081
12.441866
11.622275
11.224433
10.813641
12.196746
11.544793
10.972848
10.855932
11.920525
11.092744
11.393059
11.394791
12.221026
11.073227
12.166225
11.259105
11.950938
12.060683
11.039895
12.345641
12.391411
11.816444
12.342819
10.974354
10.878716
11.397901
12.201465
10.954582
11.632306
11.852059
11.934283
11.990661
10.998454
12.072733
12.014666
11.670963
12.133806
11.864308
11.396906
10.525425
10.598274
10.998727
11.261737
11.382862
12.272862
11.625191
11.540545
11.186811
10.993712
11.886106
10.904364
11.611623
12.272609
11.571236
11.534238
11.521512
12.488865
11.893751
12.288384
10.825218
11.986469
12.024715
10.947779
11.913335
10.845953
11.873099
11.980702
11.244118
11.112902
12.051733
10.570853
10.968612
12.197925
11.752226
10.862227
11.883612
12.120119
12.502306
11.309484
12.262001
10.771883
11.367112
11.785193
11.484083
11.045005
11.479972
11.977945
11.786592
11.222330
11.176905
12.261067
11.728452
10.758602
11.392108
10.636223
12.425435
12.218703
10.810986
11.543956
12.376094
10.914105
10.617428
11.188280
10.814789
11.441209
11.863505
11.318782
12.126418
11.714721
11.232002
11.503670
10.912969
11.808807
11.787732
10.954030
11.126214
11.925171
11.439805
12.351461
12.286318
11.866777
11.079596
12.428899
12.475994
12.468852
12.495716
12.261337
11.324960
12.039335
11.764807
11.592532
10.843041
11.872854
11.367125
10.832045
12.052053
11.626107
11.799679
11.564161
11.764668
12.479319
12.411023
12.008501
11.939089
11.444261
11.472348
11.013931
11.691760
12.160237
10.768062
12.134968
12.014310
11.840436
11.996453
10.633236
11.480108
12.237233
10.754451
11.511976
12.208892
11.031025
11.648058
11.903831
11.316223
11.327662
11.587423
11.199133
11.090943
12.213668
12.285071
12.340436
10.811393
12.023986
11.875478
11.089631
11.055419
10.706398
12.186423
11.742733
11.770987
11.784766
12.347635
11.218469
11.693483
11.045245
11.610136
12.112432
11.038351
11.720841
12.190423
10.861767
11.087275
11.064143
11.247566
12.257916
10.823921
10.824545
11.216825
12.255661
11.485665
12.431477
11.687539
11.641529
12.170473
12.304375
12.179993
11.705258
12.305102
11.289835
12.106388
12.286903
11.114488
10.783558
11.500840
11.030867
11.474882
11.432583
11.173564
12.003822
11.797515
10.880997
11.362364
11.467021
11.273934
12.096287
11.206133
11.575405
11.532126
12.144951
12.137057
12.151845
11.931635
11.462946
10.997141
10.811221
10.935668
12.497769
11.346362
12.040047
11.963785
11.065385
11.228218
10.853191
12.220222
12.059896
11.153511
10.735073
11.529331
11.526165
11.962123
11.698840
11.889016
11.236516
10.919606
10.628746
10.857178
12.309445
12.079845
11.641253
10.699333
10.811850
11.503056
11.959143
11.900164
11.296894
11.095502
12.048509
11.019084
12.416990
11.516503
12.193676
11.078865
11.160852
11.129024
11.365489
12.423585
12.000040
10.479665
11.354717
11.121084
11.133337
12.284920
12.102999
10.815069
12.146123
11.475581
10.952735
11.426779
10.728611
11.585886
12.323573
11.504088
11.744237
12.428373
11.998099
12.335071
12.115638
11.779252
11.922293
11.427890
11.839971
12.077534
11.041897
11.670454
12.365650
12.098074
12.228550
10.627997
11.203258
10.947716
10.833039
11.561074
12.161112
10.983978
10.980633
11.245941
11.653952
11.117575
11.761995
11.604759
10.595747
12.114487
11.715958
12.232487
11.870691
11.092770
11.074021
12.176117
11.909750
11.673964
12.299866
11.586005
10.544267
12.008545
10.904173
12.430362
12.299871
11.784395
11.929191
12.470801
11.727254
11.062389
11.744055
11.593395
11.180331
11.316581
11.455128
11.100616
11.022822
12.244210
11.943269
12.001851
11.530970
11.453312
11.698208
11.973032
12.234252
11.597901
11.340069
10.929693
11.094608
12.034437
10.812897
11.038894
11.062992
12.425529
12.238911
11.691722
11.045852
11.968241
10.783076
10.745133
12.045106
11.770999
12.028146
11.161511
11.819271
10.671413
11.036139
11.301355
10.670211
10.776342
11.143029
10.937388
11.588254
11.665945
12.185501
11.453291
11.792202
12.373389
12.276378
11.492585
12.440161
11.318093
10.681479
11.813495
10.856595
12.201952
10.689170
11.811956
11.933223
10.806114
10.811388
11.068850
11.587714
11.033006
11.860766
11.548657
12.197736
12.365509
12.037041
11.246240
12.134185
11.909285
11.840984
11.872041
11.535869
12.375406
11.800193
12.153919
11.444959
11.121040
12.182706
11.592755
12.244139
12.263440
11.770495
10.980486
10.931940
11.921150
10.732226
11.376819
11.105111
10.871715
11.016056
11.419573
11.823701
11.061201
11.922636
12.307558
11.521925
11.232071
12.038208
10.864498
11.790347
11.398300
12.219326
10.692087
11.624397
10.774457
11.136867
10.804009
11.626649
11.372913
12.089202
10.624797
11.915038
12.085986
11.935780
11.018963
12.339345
11.061086
11.496531
12.277236
11.551366
12.349916
12.153952
11.596880
12.366153
11.486524
12.310339
10.805307
11.285753
12.256623
12.080324
11.892505
12.056970
12.374912
11.680152
11.024346
11.555794
12.132842
10.831253
12.100529
12.327671
11.942691
11.102504
11.474769
11.572213
11.714485
11.840806
12.001171
12.170557
11.925945
12.461262
10.939820
11.223511
11.857174
12.476918
11.851287
12.358121
12.506177
11.949079
10.877150
11.255524
11.124237
11.723336
12.101335
11.797673
11.327252
11.857537
12.123956
11.747421
11.174581
11.061186
11.675237
11.295618
11.263714
11.595303
12.258784
11.491603
11.139342
12.290538
10.662943
11.049330
11.275901
11.584327
10.794135
12.144859
12.108564
10.726979
11.392733
12.191414
10.655538
10.932141
10.568628
12.238591
11.452428
12.126826
11.330725
11.734725
12.030520
11.245788
12.427042
12.183814
11.486413
11.038500
11.538035
12.087858
12.231899
12.392103
12.415746
10.973473
12.006996
12.446206
11.599434
11.159350
12.378262
11.272391
10.734494
11.756998
10.587578
12.148811
11.942321
11.623511
11.193156
12.017360
11.102056
11.822582
12.098425
12.315697
12.036045
12.324741
11.646287
11.839800
11.607276
12.426924
11.783779
12.402859
11.721320
11.687865
11.547761
11.184504
11.159584
12.272736
11.228092
11.193557
11.840469
12.325497
11.866347
12.104136
10.743739
11.445912
10.643173
11.991819
12.258087
11.366119
12.272917
11.043558
11.475931
12.409199
10.795158
10.992796
11.684706
11.735506
11.536739
11.992669
12.098590
11.932954
12.403283
10.829414
10.899908
10.753626
11.497195
11.212117
10.725054
11.538037
11.350230
11.911319
11.370133
11.205216
10.745290
10.760000
11.405087
11.117448
11.698598
10.624437
12.030575
11.937724
12.277746
10.974497
12.008734
11.904079
11.133872
11.897975
10.764545
11.784423
10.594910
10.778856
11.374008
12.035286
10.864517
11.000031
11.702927
12.118864
11.368230
12.095140
10.930762
12.266725
10.895867
11.097938
10.626243
12.365684
11.557693
11.501966
11.191774
12.229329
12.338471
11.813421
11.661814
11.575098
12.150095
12.144956
12.155899
12.468802
11.393286
11.612659
11.465802
11.176906
11.069080
11.257230
11.976860
11.293069
10.923720
11.826286
10.815650
12.217468
10.757348
11.287515
12.252177
11.075527
11.972368
10.934003
11.862934
11.322597
11.384461
12.169953
11.129200
11.176747
11.812674
11.742883
11.086013
12.097175
10.661002
10.956160
11.143936
11.899655
11.342610
11.971985
11.629505
11.174387
11.632325
12.238527
12.107903
11.722680
12.386814
11.851743
11.116433
11.178370
11.708535
11.482779
10.509066
11.748114
11.724479
11.099800
12.033522
12.330097
11.144775
10.749173
10.804660
12.320655
11.834100
11.109255
10.833016
11.230190
11.223299
12.459316
10.991103
11.692707
12.281391
11.109354
11.456934
12.098276
11.494677
10.814736
12.070967
12.304711
11.841720
11.594375
12.093389
11.868840
10.985092
12.309163
11.574995
11.676713
11.761477
12.371141
12.233720
11.604013
12.128424
11.744131
11.720734
11.264283
11.923961
10.848440
10.868306
11.456084
12.035096
12.394051
11.089360
10.892086
11.822338
12.154419
11.981479
12.360970
10.803136
12.125707
11.796677
11.872222
10.836834
11.667265
11.775720
11.062246
11.068521
11.261964
11.480130
11.917383
12.388376
12.348742
11.970257
12.157498
10.753015
10.744718
11.576870
11.393412
12.323373
12.398709
12.338046
12.370177
12.341130
10.826020
12.385012
11.623252
11.627738
11.633762
11.490414
11.975985
11.157849
12.227023
12.232654
10.915266
11.695970
11.124901
11.621221
11.115602
11.629408
11.788760
10.643270
12.314625
10.813773
11.008279
11.226188
11.124081
12.029884
11.426074
11.397021
11.969377
10.800145
12.014860
11.819029
10.455258
11.834710
11.500075
12.149373
12.294962
12.382217
11.451213
11.421432
12.287163
11.070283
11.392756
11.342923
11.070376
10.802463
12.322791
11.749021
11.429738
11.554821
11.555057
10.637849
12.370280
11.176029
11.942109
11.166810
12.375062
12.297534
11.848203
12.431831
10.982853
11.466694
11.194123
12.063756
11.891214
11.055934
12.351373
10.560744
12.135846
10.899268
10.561748
11.376826
11.255069
12.017976
12.143621
11.834435
11.248869
10.729099
11.404934
11.905834
11.890005
12.320578
12.289402
10.774047
12.044380
11.291586
11.803095
12.049400
11.940308
12.267344
11.393128
11.722297
12.181804
12.434201
11.264678
11.418977
11.221995
12.206687
12.321919
11.215577
11.472393
12.253367
11.824683
11.562741
12.358875
10.819869
11.779962
11.935277
11.868582
11.663134
10.722657
12.306106
10.954714
11.966036
11.276832
11.093857
11.333831
12.163148
10.988585
11.234132
12.150078
11.042573
11.325987
10.950415
12.339964
10.791543
10.706700
12.480387
10.937270
12.166586
11.790235
11.680203
11.039792
12.029606
11.912522
12.309689
12.443768
11.972668
11.734584
11.764275
10.879540
11.865211
11.512406
12.215711
11.445862
11.732584
11.175326
11.709450
11.150148
10.806168
11.833738
11.423487
11.816901
12.112951
11.470758
10.976782
11.442956
11.771797
11.464023
11.883172
10.614178
10.888724
11.225748
11.737467
11.719316
12.177294
12.319649
12.194091
10.892944
10.496282
12.161259
11.946329
11.497988
11.778632
10.791176
10.975689
11.892031
10.711126
11.353266
11.630014
10.706807
11.880634
12.185701
11.158299
10.985507
12.331070
11.527257
12.176484
11.128602
11.925051
12.360228
11.729589
12.232068
11.676013
11.473568
11.943111
11.079022
11.754188
11.522206
11.187308
11.460471
12.228876
11.335563
11.281328
12.212245
11.434106
12.395228
12.342477
12.110949
11.991303
12.074489
12.010394
10.848717
11.535600
10.781027
12.047025
11.647115
12.001555
11.393864
12.160372
11.238373
11.993991
11.703920
11.552509
11.784692
11.792297
12.095786
11.996663
12.381708
11.252681
11.552589
11.307348
11.195945
11.819358
10.601891
12.476095
11.578678
12.289837
11.893343
12.036260
11.683304
11.167790
12.025421
11.633483
11.929090
11.964961
11.834578
12.350212
10.969583
12.005077
11.054183
10.731890
11.999489
12.144813
12.210625
10.841593
11.522099
11.212221
11.801623
11.935330
12.158074
12.012794
12.209624
12.316919
12.251816
11.277019
10.991360
11.696627
11.747778
11.786584
10.902921
11.942149
11.686165
11.889248
12.377592
11.097711
11.094307
11.930389
11.561606
10.698125
11.354875
11.737601
12.229364
11.447935
12.419761
10.939795
11.722355
11.112898
11.847884
11.273199
10.704976
11.721019
10.727961
12.242499
12.227114
11.415510
11.632706
11.671137
11.448518
10.556407
12.287015
11.776543
11.114775
11.705226
10.871477
12.415850
11.779874
10.837062
11.373454
11.805267
11.469111
11.053840
12.286501
12.271736
12.485206
12.126683
11.762852
11.254502
11.246347
11.539733
12.250608
10.870539
12.248163
11.761815
12.318139
11.944636
11.717281
12.100287
11.297587
11.350183
10.948553
11.526487
12.267206
10.837105
11.616532
11.635686
12.315879
11.162079
11.595029
10.977936
12.096408
12.316997
11.000218
11.641219
11.795191
10.953601
12.005921
12.149663
12.441296
10.705288
10.619952
12.346421
12.552904
10.787015
11.862224
11.790221
11.028098
12.150728
11.816762
12.098911
11.198284
12.193131
11.667704
12.277547
10.788796
12.265469
11.566325
11.473589
12.229245
10.768830
12.467572
11.856678
11.544801
11.398818
11.234654
11.575051
11.119856
12.091666
10.702659
12.083295
10.995408
12.180696
12.493057
11.306235
11.823538
12.191164
10.777638
12.390049
11.603993
12.304945
12.371654
10.847014
12.020245
12.202444
12.178363
11.474608
11.517741
11.798462
10.992531
12.133429
11.882184
11.034975
12.012706
11.938194
12.117218
11.314337
11.534414
11.379612
11.215165
10.953535
10.834020
11.029658
11.463330
11.570639
11.614517
12.001478
10.949900
10.697565
12.159585
12.013904
11.379259
12.272815
11.382373
10.782018
10.758183
11.152618
11.942935
12.234840
10.755803
12.178523
11.211125
12.212530
11.421344
11.677499
11.279938
11.762678
11.356006
11.710861
10.622495
11.321902
11.119376
11.947118
12.258505
12.253556
10.851464
12.006333
11.464296
11.573694
10.947153
11.893570
11.194118
12.250391
11.191366
11.323455
12.431102
12.155526
11.777404
11.022444
11.900717
12.041395
11.064066
10.885926
11.666349
12.238413
12.029933
11.339773
11.223303
11.243030
11.450263
12.202474
11.496123
10.753585
12.265411
11.003696
12.113013
12.271019
12.201617
12.359498
10.951693
11.221337
12.095537
12.488049
12.452614
11.959776
10.800283
11.858814
12.305616
12.217864
11.717581
11.758345
12.184764
11.363452
12.427697
11.820122
12.339159
10.747244
10.734547
12.170228
10.935171
12.247259
12.153191
11.122856
12.211890
10.960905
11.499372
11.852001
11.340106
10.725115
10.745586
10.790167
11.783802
11.678860
11.555056
12.091189
10.928682
11.133340
11.296296
12.175447
11.295195
12.228071
11.481767
11.993658
11.285575
10.735999
11.403314
11.856362
11.393616
11.105237
12.366484
11.520825
12.352627
11.520484
12.040841
11.320587
11.501207
11.783365
10.876348
10.920157
11.353457
11.456461
12.280944
11.511586
11.687193
11.737667
11.776994
12.261635
11.115811
12.127055
11.505240
12.046062
11.492453
11.832516
10.896511
11.158270
11.211005
11.957268
10.661769
11.574422
11.566488
10.804135
11.896535
11.318125
11.019227
11.083944
12.121291
11.122019
11.719860
11.762897
12.435625
11.549894
12.270504
12.039068
11.653737
11.428836
11.314151
11.678910
11.856073
11.568158
11.014455
11.346801
11.914435
10.704905
12.106790
11.109027
12.308821
12.138728
12.320900
12.027770
10.927183
12.388325
11.212685
10.695996
11.547401
10.882827
11.141210
12.402660
11.133329
11.073779
11.705375
11.700944
11.427663
12.365701
11.606117
11.965530
11.436929
11.288334
11.139943
12.328244
11.738474
11.314384
12.188906
12.273418
11.998790
12.220680
11.200948
10.967493
12.133461
11.048696
11.805397
11.025289
11.773085
11.028542
10.633607
12.056957
10.941405
12.458600
11.228161
10.675275
11.705049
10.875674
12.226671
11.078395
11.140530
10.697189
11.090137
11.019487
11.590183
11.610467
12.115916
10.939855
11.432302
11.421842
11.792433
11.854146
11.294803
12.016620
11.835881
11.033643
11.570967
10.653264
10.771291
12.266711
11.682205
11.135961
12.221610
11.502369
11.476096
11.991208
10.830976
12.269625
11.820645
11.995179
11.484925
11.682943
11.407495
10.803132
10.729039
12.373565
12.161062
11.961950
11.859882
11.411041
11.354876
11.829168
11.599930
10.811131
11.940647
10.966873
11.355062
10.696295
11.501549
10.657952
11.985852
11.391110
12.335487
10.742779
12.072598
12.349892
10.821529
12.009525
11.334624
11.259917
12.360200
11.421939
11.461684
12.070516
11.354564
11.058121
12.132133
12.097612
10.817275
11.688861
11.674569
11.028821
11.668126
12.483427
10.655950
11.178327
12.134340
11.409603
11.844937
12.178501
12.056312
12.280285
11.991779
11.775538
11.090367
10.999532
12.223193
12.536475
12.078499
11.891507
10.675390
11.982574
12.440105
10.811156
11.653867
11.430630
11.637802
11.458767
11.161129
10.963618
11.371897
11.319996
11.054547
11.856040
11.521661
12.093003
12.453438
11.353821
11.467356
12.004169
11.758183
12.099692
12.204275
10.851237
11.786985
12.119175
10.763931
11.302367
12.028777
11.396763
11.170914
12.123561
12.194410
11.719151
11.618782
11.307698
10.948114
11.740435
11.626161
12.119432
11.189092
11.191686
10.967425
12.327440
11.454684
12.416352
11.009455
11.286319
11.193850
12.144787
11.439678
10.698044
12.279459
10.812998
12.385021
11.568854
11.030520
12.170946
10.618755
12.082724
12.013352
12.119998
12.051848
11.158076
11.462959
11.447424
11.539116
11.021089
10.802965
11.233118
12.450361
11.279304
11.844512
10.836393
12.058450
12.124149
12.056825
11.803655
12.350895
11.852526
11.713523
10.947543
11.429020
11.387057
11.363938
11.733390
11.532441
12.204051
10.675989
12.014151
12.023384
10.995830
11.861682
12.034105
11.809691
11.038221
10.789834
11.295131
10.968670
11.105984
12.210343
11.147606
11.789009
11.537890
11.606304
12.557651
11.720524
10.739135
11.871845
10.785395
12.340738
12.231215
10.813302
11.057171
11.895336
11.368239
10.888543
12.365175
11.543022
12.074332
11.968613
10.637132
11.713332
12.016508
11.881245
11.237383
12.316443
11.778042
10.899913
11.551991
12.274882
11.490045
12.029278
11.438332
10.849238
10.655291
11.414799
11.717542
11.783883
12.291576
11.769552
10.872608
11.617777
11.196305
11.162418
12.140745
11.449322
10.769050
12.398382
11.405174
11.351239
11.572474
12.328786
12.144444
11.618179
12.065269
11.239799
12.095296
12.327617
12.245662
11.221048
11.298914
10.829082
11.189377
11.385821
11.923458
11.730384
11.427110
11.063248
12.406978
12.475630
12.458545
12.240820
11.246745
11.290889
11.863245
10.913220
12.153654
10.915327
11.210564
12.116092
12.467552
11.507369
11.854216
10.762599
12.250043
11.920737
12.375220
11.230080
12.307871
12.358679
10.924745
11.839539
10.945360
10.726278
11.526459
11.080133
11.265503
11.925962
12.030235
12.049083
11.447594
10.783417
11.796910
11.432232
10.722232
11.290672
10.698068
12.234689
12.407387
11.126602
10.721532
10.719321
11.839238
11.990240
11.900634
12.048233
12.144678
12.237852
10.668966
11.479019
12.071884
11.615586
11.467121
11.062738
11.461928
12.145587
10.589763
12.068992
11.885601
11.173477
12.299606
11.844395
11.236431
11.283447
12.300725
11.840910
10.809549
11.529471
12.248424
12.209316
12.380894
12.272932
12.433545
11.853466
11.889612
12.359081
11.151482
11.209707
12.026656
12.141652
10.984701
10.957647
12.386737
11.332343
11.046965
10.980465
11.269980
12.368367
12.066553
11.193141
11.545593
11.047517
12.211536
11.130730
11.454663
10.783179
12.381037
12.040440
12.104859
11.316448
11.325620
12.029703
11.658431
12.347405
11.917364
12.485441
11.111978
11.156110
11.382484
11.224371
10.740167
11.098557
10.924951
11.560804
11.890723
11.550519
11.008059
11.972440
11.118183
11.502623
12.195727
12.200004
12.296207
11.363772
11.786566
11.230870
11.255525
11.621616
10.986492
10.593582
11.969069
12.183287
12.332611
11.635419
11.036874
10.876826
11.660036
10.990118
11.321797
11.566714
12.104957
12.294631
12.255580
10.675991
12.007308
11.139663
12.123117
11.615737
10.917654
11.134664
10.782779
11.795617
10.916576
11.512291
10.687305
11.057264
11.493333
12.035970
10.567890
12.383476
12.409577
10.718583
11.586783
12.160817
11.493093
10.902588
10.699440
10.663737
11.638935
10.840142
12.110430
12.276056
12.132976
11.235157
11.074041
10.847572
10.680038
11.730879
12.217486
10.942896
11.184081
10.881032
11.232058
11.504946
12.391520
10.769776
11.277522
12.137925
11.713551
11.920331
11.288782
12.387707
11.102269
11.049365
12.424763
10.740499
10.656642
10.754383
12.465318
10.873073
11.504016
11.732037
12.399508
10.979121
12.492901
12.359061
11.047599
10.912190
12.050612
12.026597
11.902731
10.639992
12.117240
11.759521
12.343052
11.537140
11.251979
11.633567
11.462328
12.373556
12.024943
11.732455
12.169747
10.733313
11.896379
11.743325
11.656780
11.890432
12.190939
12.165041
11.581286
11.283175
10.780605
11.098045
12.233347
11.009885
11.259509
12.358153
11.114497
11.594189
11.408949
11.732463
11.183421
12.051547
11.765719
11.279514
10.983460
12.105805
12.069152
12.446266
11.896981
10.831588
11.135537
11.386997
11.113582
12.258686
11.060116
12.469880
12.049537
10.641536
10.845688
10.811572
11.433197
11.813247
12.321786
11.510397
10.695656
12.015290
12.289487
11.345453
11.552898
10.933751
11.983204
12.057671
11.068494
10.813245
11.221639
12.478980
11.664529
12.081529
11.635509
10.619317
11.719363
11.651356
12.345427
12.150572
11.529328
12.032376
11.186689
11.357980
10.806499
11.263903
11.503410
11.787793
12.437472
12.024457
12.419624
11.788787
12.054666
12.211160
11.944588
11.501041
11.738316
12.292097
12.207202
10.891744
12.108794
12.022017
10.668218
11.474825
11.628690
10.885027
11.821880
12.070846
11.681789
11.601567
11.427877
11.281525
11.784025
11.451597
11.388513
11.133302
11.297804
10.985326
10.792303
11.077538
11.092838
11.869109
11.902193
11.571581
11.847260
11.124412
11.795805
12.097876
11.657406
10.726768
11.543681
12.007133
12.260314
11.340334
12.231059
10.709902
11.082814
12.053784
12.260378
12.098299
11.365429
12.400396
11.377973
11.533326
12.105687
11.164203
11.355804
11.547122
11.944258
11.010983
12.228524
12.256736
12.389812
10.476608
12.318110
11.126309
11.842966
11.875104
12.461455
10.530330
12.178621
11.829102
12.075999
12.014905
12.227038
11.365197
12.054665
10.864763
10.769985
11.248231
11.094703
10.624341
11.160559
11.249516
11.646657
12.243808
12.382512
12.310065
11.561849
11.445655
11.869243
12.144519
10.704765
11.483974
11.383861
10.663222
12.135524
11.878719
11.474433
11.008415
10.546881
11.110684
11.410519
12.228127
12.308140
10.616333
10.956864
11.759113
11.304102
11.238760
12.037908
10.839011
11.217257
11.255224
10.820383
11.317961
12.184962
12.409383
11.607923
11.403172
11.241710
10.881870
10.747617
10.751638
11.578952
10.692891
11.721647
11.693764
12.187246
11.274794
11.831061
11.957353
12.350115
12.408079
10.840373
11.772832
11.435886
11.278608
12.141890
10.724296
12.499104
10.836780
10.628868
11.914336
11.509939
11.732210
12.260105
12.056187
11.713362
11.662098
12.276399
12.387579
11.175654
11.237918
12.301438
10.941299
11.085889
11.770341
11.669105
12.364124
11.923559
11.654667
10.565367
11.497349
10.467018
11.643706
12.027356
12.272214
11.199543
11.189872
12.050034
12.286429
10.584961
12.439531
12.300561
11.344182
11.926328
11.094421
11.400295
11.819444
11.591182
11.864454
11.712659
12.014582
12.214040
12.135122
12.257273
11.236414
12.233210
11.215911
12.293288
11.067975
11.296433
12.322046
10.595729
12.399096
11.035680
11.783441
11.173004
12.083221
11.722731
10.869005
11.645852
11.469896
11.375686
10.880360
10.950715
12.175704
11.890971
11.173918
11.079238
11.028398
11.437933
10.710949
11.080009
12.324539
11.871845
10.911884
11.212765
11.538530
11.951802
11.888429
11.088274
10.795225
12.428112
11.118531
11.324094
11.956409
11.175536
12.385736
12.423937
11.831619
11.018320
11.478853
12.167948
11.337120
10.689943
12.181261
11.548062
10.957585
11.968121
12.278500
12.113821
11.383445
11.217661
10.842321
11.457965
12.187775
10.790263
12.021601
11.112131
12.101395
10.876653
11.980167
11.683078
11.466757
11.769759
12.365216
12.475525
11.458479
10.655834
11.794006
11.596667
12.156543
11.147618
10.876157
11.574884
11.807224
11.000439
11.740150
11.434967
11.757091
12.349325
11.452933
12.442519
11.083056
11.814840
10.658657
11.759965
11.035195
11.323698
12.220995
10.787324
11.582020
12.095016
12.194916
12.117939
10.847126
12.262357
10.902126
11.469699
10.811787
11.049024
12.007583
12.378086
12.011307
11.229903
11.415152
11.563533
10.772084
11.968549
11.769063
11.740021
12.433997
10.661964
10.823227
12.100910
11.689225
11.266503
11.572201
11.232329
10.784028
11.408635
12.358544
10.475849
11.046184
11.139286
11.632882
11.685657
11.017706
11.043619
12.250508
10.831285
12.116763
10.871991
12.257096
12.074813
11.114873
11.141002
12.206733
11.958552
11.316474
10.579939
12.293583
11.927136
11.598022
12.323679
12.318716
12.100619
11.389920
12.337143
12.314089
12.327893
12.108394
12.140740
11.383671
11.911444
11.275484
11.233145
10.643533
10.916242
11.754057
10.695439
11.534594
11.554543
10.914052
10.880203
11.789065
11.724351
11.975474
11.995743
11.257186
11.593353
11.418819
11.940796
11.001062
12.322114
11.946763
11.088780
12.458879
12.313359
12.375557
12.302645
10.607414
11.590938
11.223398
11.471494
11.908698
12.016976
11.300489
10.642558
11.882798
12.466553
11.968329
11.073182
12.363221
12.433842
12.149811
11.036031
12.136661
11.600476
11.586220
11.228772
12.225448
11.352725
11.035720
11.459263
11.524454
11.119552
10.784349
11.547558
12.421841
10.986812
12.372495
10.752928
11.022746
10.645064
11.432057
11.849234
10.818635
11.759985
12.322812
12.028844
10.770429
12.208673
11.550436
10.792367
11.617861
10.883487
10.776195
11.568811
12.029991
12.095503
11.432148
11.036743
11.889090
11.761925
11.852984
11.217825
11.277655
10.770370
12.290261
11.296913
11.297779
12.240182
11.751944
10.961937
10.718408
12.167178
11.485429
11.977285
11.374994
11.870812
10.619630
12.480743
11.302958
12.251147
10.821074
10.785323
10.717294
10.839086
12.396856
11.787230
11.851959
12.311703
10.875073
11.185406
12.090323
12.186267
11.614803
12.171219
11.625348
10.552833
12.199739
11.670712
10.875023
10.928412
12.414610
11.317501
10.861449
11.395674
11.674693
12.147035
10.732820
11.782362
12.430054
11.431306
11.604619
11.889504
11.230475
12.008134
11.100596
11.457669
11.293590
10.983693
11.766452
12.286135
11.067734
11.121242
12.455550
10.774879
10.792315
11.986531
10.782100
11.976948
12.259437
12.177916
10.931804
11.268083
11.590981
11.529215
10.872120
10.589620
11.839733
11.122235
10.451865
11.992157
11.552203
12.300339
11.486429
11.574332
11.777662
11.219595
12.179402
11.662950
11.687930
11.628839
12.089451
11.854904
11.400989
12.171364
12.188759
12.058018
11.383377
10.938989
11.095536
10.828839
11.174223
11.257709
12.328109
11.357246
11.012868
11.250917
10.876765
12.077041
11.848895
11.164449
10.738347
10.854334
11.922259
11.067909
11.212221
11.384671
11.273932
11.599741
10.819202
10.607803
11.433849
12.224937
12.300027
11.250346
11.009444
11.597708
11.697570
12.128621
12.000556
10.892023
12.311096
11.872093
11.223927
11.684545
11.957442
12.336589
12.273649
12.304177
10.988735
11.858386
11.346151
12.252631
12.416249
11.932491
11.896590
11.659522
11.009783
10.931396
12.098808
11.811470
12.478949
12.350441
12.291595
11.680516
11.040170
11.743260
11.935057
12.186974
11.260739
11.642346
11.155880
11.206172
10.988811
11.567267
12.302856
11.610641
12.046638
12.243205
11.166976
10.873096
11.272250
11.577617
11.611590
11.799816
11.470821
12.002683
10.698521
11.678905
12.326055
12.154925
11.547871
11.193618
11.185265
12.110959
11.416683
10.993796
12.372896
12.211569
12.176471
11.486672
10.784061
11.200255
12.344485
11.870995
10.685598
11.032456
11.905597
11.916292
11.171798
11.977822
10.769857
10.800145
11.557699
11.786700
12.351240
12.237739
11.005587
11.126292
11.860630
12.448532
11.798330
11.041935
12.084013
12.329778
12.134217
11.841583
11.327161
12.046946
11.583048
11.112769
11.062351
11.637233
11.863418
11.239439
11.727235
12.298780
11.849686
11.551338
12.323959
12.455110
11.699561
12.046591
12.302439
10.864772
11.631846
11.780122
12.069595
11.469156
11.482523
11.749994
12.105389
12.300345
12.368321
10.767143
11.441902
11.413364
12.397248
11.150946
11.967125
11.420099
11.045151
10.899479
10.747971
11.926870
12.315043
12.137893
12.101927
11.494824
12.252539
11.503696
11.709247
10.557277
11.919214
11.175499
11.125602
11.398275
11.994914
11.068514
11.300059
11.750155
11.463580
12.215820
12.209745
11.054024
11.389010
11.320558
10.921459
11.843677
11.600896
11.214531
11.531378
11.360311
12.082955
11.948684
10.704596
12.276854
11.621216
10.771403
10.515884
10.938802
10.796302
11.711925
11.546255
10.916095
11.919959
11.986363
11.644553
11.046458
11.697130
11.520374
10.956622
11.406045
10.843847
11.721576
12.169786
10.662719
11.527761
11.222562
11.811842
12.065994
10.778807
11.433517
12.180908
12.370518
11.648166
11.541682
10.619952
12.476342
11.201140
11.727215
12.275296
12.121481
11.397374
11.372425
11.947728
11.835810
11.094952
11.632344
10.643416
10.698174
12.064005
11.845278
10.801910
11.506351
11.207593
10.743943
12.097434
11.746660
11.268980
10.902659
11.078160
11.261014
12.350073
12.493873
11.295016
11.365493
11.396162
11.167511
11.569428
10.624572
11.943430
11.748642
11.746462
11.939468
12.526353
11.692396
12.036426
10.962634
12.236346
11.472654
11.147945
11.930887
12.271716
10.921335
11.311515
11.439762
11.079780
10.775833
12.116911
11.073288
11.803131
12.079210
11.512337
10.960662
11.509888
11.195621
12.272765
11.061190
12.173930
11.433913
11.153232
11.631685
11.598746
12.341379
11.869530
11.599298
12.101783
11.352124
10.685203
11.755938
11.783898
11.795073
12.317700
11.804795
12.195768
11.660674
12.045893
11.325701
11.536928
11.958242
10.830068
11.888746
12.398544
12.280539
10.674682
11.137973
10.819727
11.688659
12.285355
12.346189
11.760831
10.912978
12.337559
12.017771
12.090377
12.367262
11.148665
10.819720
12.019040
11.883237
11.214322
11.670196
12.084880
12.008957
10.863841
11.652067
11.170253
11.520384
10.797585
12.177960
10.954993
11.635438
11.931593
12.340994
12.174133
11.034637
11.695721
11.866520
10.958713
12.028666
10.935069
11.176288
10.742275
11.510389
11.199932
11.751494
11.009515
11.005433
11.046886
11.543079
10.728977
11.898758
11.451426
11.208735
11.705972
11.365374
11.923545
11.376866
11.741206
12.358754
11.583710
10.820031
10.538288
11.066526
11.500497
12.247197
12.403817
11.642780
10.653282
12.156956
10.990429
11.521452
11.273585
12.059561
11.111275
11.595771
12.332241
11.811003
12.436353
11.014296
12.157557
11.717689
10.869735
11.027777
12.406026
10.546581
11.485228
10.870074
10.680292
12.295781
11.291220
11.230572
11.698407
12.333067
11.291968
11.883986
11.087339
10.982056
11.157046
11.800992
10.649560
11.839905
11.796736
11.547518
12.386457
11.686404
11.955450
11.181333
11.323491
11.587207
11.672530
10.737321
12.401096
10.807406
12.174076
10.998850
11.006371
11.103035
11.936553
12.260119
12.143077
11.578385
11.212978
12.160035
10.939490
10.985308
11.599390
11.819174
11.876830
11.188189
11.627602
11.591217
11.453388
12.363099
11.978094
10.871728
11.350944
11.191039
11.779297
10.675327
11.393358
12.102430
11.008903
12.164615
12.047976
12.347481
10.563071
11.196705
10.792346
11.316170
12.371945
10.837702
12.268593
11.888115
11.253534
11.030513
12.153413
11.093739
12.408545
12.498061
11.955753
12.082575
12.215990
11.797051
11.960434
12.068523
11.868471
10.581668
11.406130
11.559776
11.265008
10.970406
11.044470
11.446609
12.157758
10.962464
11.929881
12.379975
12.309778
11.650294
11.513234
10.955194
11.213675
12.481113
10.830557
12.014800
11.411067
11.398951
11.086627
11.912591
11.614112
12.201384
11.531137
11.902081
12.048126
12.068468
12.312878
12.486508
11.303955
11.467912
12.260486
12.045856
12.373895
12.366081
11.378593
12.134346
10.550350
12.303753
11.690486
12.387587
12.224131
11.680755
11.007235
12.403187
11.429877
11.361822
12.213622
10.908439
11.896464
11.020828
11.844348
12.262875
11.505633
10.930844
12.430792
11.586666
11.264196
12.260283
10.691248
11.965146
12.368143
12.383513
11.643546
11.966267
11.504362
11.296581
12.032854
12.028500
12.291591
11.189317
11.384530
11.451410
10.991533
10.916743
12.105916
10.854115
12.141196
11.023216
11.573493
10.747211
11.891377
10.970385
12.337242
11.109836
11.778133
12.401674
11.489940
12.339461
10.785841
12.108406
11.315457
11.306250
12.405655
11.658511
12.118106
12.437451
11.081856
11.829546
11.280729
10.722729
11.188638
11.664067
10.945910
12.008725
11.475681
10.617617
11.329809
11.923716
12.030677
10.885321
12.035574
11.599661
11.666159
10.855945
11.087959
12.312095
11.325256
10.827683
11.688419
10.998123
11.846193
11.577837
11.682550
10.906502
10.773078
11.431730
11.692138
11.601263
10.933821
11.140567
12.277047
10.577420
10.664802
11.528541
11.691974
12.469264
12.283288
11.378962
10.675125
10.854101
11.100394
11.995323
11.805419
11.725957
11.022810
12.328968
11.482708
11.761250
12.125149
12.340626
11.928478
11.029508
11.585175
12.168596
11.102220
12.296073
11.746252
10.925149
10.851754
11.012899
11.879847
11.071582
10.865070
11.752878
12.398474
12.114960
11.611576
10.899061
12.072649
12.438715
11.393769
11.259769
11.785142
12.104265
12.283119
11.875597
10.976137
12.229844
10.942757
11.577285
11.969109
11.590310
11.236638
11.220427
11.347694
12.373128
12.181758
11.198270
12.031264
12.401369
11.896336
12.427652
12.475751
11.373943
12.024193
12.417763
11.103228
11.351471
11.036656
11.706820
11.392529
10.776717
12.323099
12.331539
11.113933
10.883162
12.322654
10.491310
11.390630
11.603588
10.593824
12.179064
10.895537
10.779173
10.800747
12.431811
11.211575
12.352360
12.179567
11.789616
10.842138
10.840854
11.850224
12.049759
11.583402
11.926394
12.082890
10.656383
11.299449
12.160938
12.007672
12.094005
10.900751
12.088966
12.037608
11.808848
11.149418
11.752779
11.252509
11.041220
12.268555
12.337454
10.914801
11.823004
11.915193
10.850992
11.596868
10.597357
11.000823
11.941322
11.063940
12.046914
10.997395
12.381624
11.774198
11.786479
12.207026
12.133022
11.367917
11.574098
11.459788
11.263909
12.064506
11.917483
11.438431
11.459599
12.128518
12.205571
11.019887
11.763328
11.383047
10.504254
11.088695
12.195060
11.993591
12.103274
11.906404
10.625290
11.675341
12.128488
12.023374
11.462890
11.578687
12.352934
10.672396
10.692020
11.065995
12.155698
10.793178
12.170474
12.352409
11.694948
11.730599
10.624615
12.091526
11.717762
11.531996
12.399901
11.814544
11.034385
10.831825
11.755103
11.043204
11.297828
12.362461
11.903973
11.669823
12.299286
11.310654
12.014881
11.598761
10.735567
11.789670
10.769521
11.938836
11.180823
11.785096
12.434507
11.668515
12.346372
11.210698
12.224395
12.160570
12.303066
11.106601
12.454184
11.563446
11.834100
12.304122
10.839788
11.464713
11.408995
10.702463
11.537525
11.318643
12.028376
11.681837
11.587456
11.100347
10.895127
12.352377
12.124577
11.101860
12.178558
11.667228
11.232359
12.372909
12.298590
11.379175
12.435010
10.690299
10.752430
11.575643
12.283585
12.038173
10.830002
10.744736
11.901595
12.207988
11.486644
10.753028
12.293358
11.656339
12.276669
11.347791
11.449130
10.979303
11.838840
10.879434
10.689355
11.385229
12.257504
11.153595
12.165384
11.855354
12.306142
11.455793
10.839616
11.552049
11.237601
12.432436
11.463703
11.651781
10.906308
12.164100
11.476837
12.109195
10.640970
10.920888
11.082730
11.360357
12.411734
11.269152
11.910342
11.668619
11.275270
11.144718
10.947407
11.988505
11.625607
11.204565
11.159132
12.003869
12.185506
12.275170
11.668998
11.917022
11.518768
11.465800
11.481298
11.866289
11.111640
11.667866
10.991261
11.695093
10.640952
11.621098
10.698622
11.914818
10.767552
12.128729
10.771242
12.181642
11.746622
11.076064
11.482368
10.893334
10.689782
10.698653
11.036669
11.453567
11.220378
12.032443
11.108821
10.994154
11.588112
12.021381
12.022562
11.151136
12.235539
12.083665
10.777829
11.039811
12.148813
11.386457
11.225453
10.846743
10.711319
12.053880
11.451302
12.070743
10.939345
11.584058
10.961857
12.380005
11.843598
12.407924
10.914422
11.211709
11.046381
11.730939
12.354052
11.122121
11.914078
12.355386
12.064192
12.371011
11.151398
12.398356
11.241158
11.588489
11.332306
11.123778
10.748385
10.791361
12.490066
11.638243
11.124108
11.516007
10.813773
10.995413
12.321349
11.979318
11.544769
10.750800
12.077227
11.233340
11.752392
11.544580
11.383276
12.194728
11.016396
11.229801
11.979795
12.425745
11.612388
10.510723
11.277037
12.299770
11.116064
12.049878
10.754075
11.322072
11.892366
10.727455
10.733302
11.438797
12.162471
11.967894
12.231438
12.103331
12.028984
11.098629
11.237451
11.679974
11.357046
11.556566
11.700878
11.675919
10.803064
10.836470
11.575898
11.135760
11.265475
12.193880
11.622618
11.958202
11.251683
11.094755
10.729496
11.794322
11.056929
12.242084
11.930142
11.254818
11.402358
12.295818
12.295818
