11.778192
10.677313
11.780464
10.633804
11.399628
11.932558
12.300311
11.571564
11.658730
11.214940
11.808115
11.147278
11.923553
11.542311
12.291159
12.327265
10.901515
12.133719
11.364866
12.022791
11.057058
12.180316
11.292502
12.126528
11.446300
12.138272
10.543405
11.069598
10.576958
11.354289
12.267935
11.066930
11.811234
11.944021
11.888604
10.639023
12.219040
12.425130
12.163158
10.982850
12.264420
11.762854
11.249247
12.082727
11.700961
11.214729
12.090284
11.458795
12.011840
10.997593
11.858757
12.102297
11.350391
12.189775
12.332920
11.923766
10.836656
11.653258
12.348459
11.545275
12.031682
12.026354
11.796047
11.018932
12.325727
10.806031
10.853460
12.307049
12.038960
12.031096
11.298656
11.607327
11.750679
11.787696
12.000880
11.214736
10.806998
11.676358
11.721277
11.694295
11.977225
11.709021
12.020515
11.306512
12.133713
11.824670
11.671937
12.387177
11.481020
11.784196
11.776692
10.881740
11.751265
11.683481
11.397488
11.250365
11.387093
10.645131
12.031039
10.983456
12.131819
12.412393
11.460165
10.622044
11.340846
10.706927
11.936358
11.198434
10.756109
11.800203
11.671433
11.889944
10.823412
10.834671
12.041355
11.143141
12.482538
12.355358
12.339646
11.307298
12.407240
11.712410
12.048055
11.882831
12.061589
10.844828
10.693707
10.834528
11.705590
12.348093
11.255649
11.027873
12.382149
11.488301
11.840937
11.194799
12.421040
12.318065
11.737220
10.941751
11.419318
11.055839
11.016491
12.022351
11.837229
11.167337
11.518691
10.854123
11.681132
10.772616
11.717595
11.091152
12.276735
11.551960
11.695865
12.077224
11.373322
10.683950
11.758963
11.160413
11.560463
11.257145
10.698538
11.490595
11.910697
12.252054
12.105839
11.128696
11.924192
12.124920
11.851302
12.117938
10.818042
12.324794
11.864897
10.910194
11.405277
11.077054
11.364422
11.287958
12.381923
10.993825
11.773963
10.636830
11.211055
11.554121
11.516216
11.421586
12.148545
12.292743
12.410533
11.076741
11.470660
12.500301
12.097490
10.801577
12.032025
11.432667
11.716871
11.990757
11.670281
12.008779
12.479773
11.010867
10.991984
10.933361
12.447439
11.573194
10.962909
12.368182
12.261561
11.741707
11.402158
11.552859
11.156130
11.112445
10.937228
12.234178
11.922255
11.144421
10.760176
10.792560
11.504690
11.235215
12.142178
11.025682
11.393673
10.977990
11.688744
11.834130
12.294219
10.867239
11.973419
11.416216
12.107553
11.941877
12.290539
11.904003
11.762465
11.050118
11.347235
11.394720
12.292700
12.396105
12.391904
10.963693
12.238429
10.834108
11.233186
11.689880
11.764816
11.157664
12.282425
11.831544
10.988038
11.951379
11.580390
11.825768
10.917176
11.643077
10.889478
10.971006
11.863629
11.439351
11.443179
11.414153
11.432821
12.124857
12.385467
12.047347
10.995891
11.175336
10.935807
12.211572
10.621350
12.114212
11.524213
12.380209
12.269188
12.181956
11.287596
11.082757
12.205329
11.730906
11.150406
10.553140
11.907344
11.378501
11.638405
10.616074
11.213692
11.386106
11.893410
11.588088
11.350625
12.308176
11.020124
11.966416
12.144446
12.350916
12.217017
10.842538
11.709670
11.059412
11.984997
12.109042
11.190196
12.121558
12.121051
12.308622
11.970114
12.212228
12.072531
10.941311
11.363597
12.190619
12.068723
11.213591
10.706750
12.240814
11.620442
11.040416
10.681089
11.218775
12.288807
12.360101
11.694419
12.337156
11.341334
12.161596
11.332355
11.947277
10.658561
11.307325
11.656980
11.965678
11.184393
11.501239
12.498804
10.986099
11.771866
12.409399
11.512592
12.275159
11.958716
12.361609
10.868918
11.178145
11.874308
11.873291
11.975553
11.499941
11.038403
11.669568
11.636569
11.202623
11.663532
10.745015
11.458887
11.679194
11.152115
12.071378
11.426271
10.661508
12.137414
12.098477
10.576380
11.519676
12.004170
11.655908
12.064148
11.823896
12.473255
10.707181
11.954253
10.951056
11.383319
12.007735
12.047581
11.561932
11.226283
10.958809
10.790833
11.719888
12.389759
12.215509
12.151376
12.230783
12.079523
11.847682
11.581317
10.937864
11.257327
11.023694
12.158367
11.458301
12.363982
11.953647
12.339169
12.269225
10.752308
11.695393
11.926162
11.110298
11.714760
11.081741
12.282623
12.233979
11.012276
11.012441
12.293259
10.492868
12.344848
10.895125
12.075104
10.664276
11.035493
12.388985
10.990541
11.085299
11.465410
11.575717
11.775227
11.572886
12.281162
11.802017
12.356624
12.123724
12.161132
11.290625
11.567808
11.663729
10.871508
10.636394
11.696482
12.385610
11.544218
12.201317
11.223200
12.271622
12.128681
12.441969
11.185870
11.142472
11.615109
11.654822
11.653532
10.689348
11.010693
12.176445
11.399003
10.858641
11.644449
11.633370
11.338512
11.804311
12.210786
11.345474
11.900592
10.660290
12.188346
11.522063
10.930422
11.734751
11.830076
11.623622
11.440500
11.197531
11.010436
11.933427
11.936412
10.740857
11.110425
11.058247
11.975975
10.724881
10.898727
12.055251
10.667715
11.746270
10.639881
12.202264
12.229394
12.345357
12.248137
11.719373
11.267099
11.452037
11.075483
10.629276
11.363795
11.227689
12.212562
11.542748
11.755755
11.218287
12.339899
11.819988
11.701602
12.148751
12.357625
11.007731
11.272813
10.963874
12.372883
12.429860
12.301882
12.132726
11.790478
11.944406
12.376175
10.997499
12.454974
11.362768
11.034747
12.004671
11.175286
11.263596
10.750182
11.071369
10.739178
11.869042
11.170826
10.825685
11.154372
11.100203
11.777314
11.192090
11.877503
11.532012
11.805391
11.189541
11.049786
12.039729
11.731520
10.785212
11.157417
11.845289
11.011008
11.955003
11.027357
11.889030
12.100760
12.487864
11.166068
11.666420
11.065014
10.615950
12.079012
11.426693
11.800345
12.337532
12.240670
12.275154
11.512747
12.360490
11.064222
11.590949
12.079977
11.981321
11.580955
11.749592
11.828737
12.418616
11.876249
12.442268
11.898425
11.015696
11.293709
11.627986
10.972749
11.514314
11.297238
12.413347
11.913137
11.545244
11.494360
11.815261
11.675238
10.957922
11.779466
11.802309
12.076590
11.882915
11.489706
11.571271
11.041466
10.861911
11.161390
12.244625
11.841943
11.859830
12.174989
12.104540
12.020787
11.184524
11.614631
11.504187
10.958496
11.664461
11.354046
12.291839
11.518563
12.072873
12.047888
12.010668
11.055042
11.689971
11.467413
11.398153
10.974955
10.717816
11.847375
10.859800
11.798556
11.920738
10.892349
12.272392
11.568225
11.145263
11.265065
12.214321
11.317453
11.591147
12.312720
12.187253
11.335642
10.755795
12.524604
12.208663
11.527683
12.269415
11.157226
12.280730
11.065520
11.837789
10.998295
11.211569
10.998736
11.635615
12.173733
11.355030
11.220693
11.047534
12.167387
11.824099
11.242125
11.338779
11.816140
11.230829
11.052342
12.196060
11.044767
12.455946
12.279573
11.325386
12.354720
12.321512
11.484240
10.970656
12.092461
10.986950
11.306628
10.812487
12.203861
11.942776
11.060589
10.970909
12.112663
11.499570
10.922012
11.821296
11.410109
11.592206
11.139131
10.932165
11.385919
12.391269
11.568536
12.039295
11.102430
11.448949
12.012341
11.540877
12.212772
11.980689
11.404257
11.181715
12.184830
11.484163
12.140459
12.094194
11.498879
11.237952
11.062069
10.868947
11.052385
11.011075
10.956468
11.132738
11.676880
11.903856
12.198775
11.544404
11.080138
12.414274
12.225016
10.793195
11.539324
11.765946
11.378655
12.290154
12.469019
11.806807
11.146681
11.678382
12.365769
11.763579
10.706077
11.009380
12.324597
11.278169
11.157218
11.137724
11.490578
11.484857
12.338279
12.140342
11.870694
12.056044
11.466237
10.870215
12.175650
11.888319
11.731137
11.591221
11.371519
11.272395
10.787766
11.778428
11.929891
12.120763
12.324956
12.012971
12.028390
11.993417
11.235737
12.108117
11.319166
11.782911
11.759310
12.141134
12.399784
11.055459
10.972959
10.919517
10.788866
11.579100
11.264306
10.793712
11.210772
11.951518
10.924073
11.360791
12.119817
11.380753
11.349389
11.260457
11.637852
11.418801
11.325143
11.877933
11.941304
10.934345
11.533467
11.085518
10.797640
11.951633
12.188236
12.155981
11.919398
12.279523
11.527976
11.904871
11.313831
11.189094
11.606945
11.009919
11.043548
11.576831
11.638209
11.517561
11.371246
11.818706
10.959464
11.688810
11.993126
11.115698
12.377560
11.397408
11.102649
12.053489
10.636682
10.926229
12.475906
11.214584
12.362638
11.077074
10.842589
12.168132
10.554565
11.329773
10.607917
12.413402
11.494935
11.805305
10.848929
11.175589
10.985508
11.928279
12.192223
12.154331
10.849773
12.266700
12.306552
11.682448
11.888820
10.757781
12.328679
11.133881
10.642398
12.191669
11.959006
10.562443
11.661805
11.177239
11.277908
11.017169
11.278628
11.733910
11.649336
12.134504
12.471067
11.904362
12.042734
10.869596
11.281872
12.349957
11.148518
11.076283
12.179917
12.099432
11.464377
10.839271
11.870821
12.354361
11.681047
12.286205
11.802020
11.040156
11.440806
11.849698
11.705723
11.963430
11.734075
10.622268
11.757688
12.373313
12.134986
11.255903
11.302300
12.139807
11.121023
11.122659
11.729603
11.080100
12.196202
10.914494
12.277178
11.931730
11.499433
11.251354
12.454989
11.299011
11.512713
12.533044
11.567670
11.181542
11.186446
11.746239
11.209931
12.341452
11.121046
11.364293
10.803264
10.910741
10.882064
11.934679
11.414460
11.410131
12.054831
12.058879
11.498884
12.413650
12.163827
11.683774
11.147720
12.278964
10.894650
10.995851
11.655288
11.249033
10.870403
11.904273
12.360661
11.718789
11.472075
10.993979
10.786655
12.280709
11.211398
11.632984
12.399677
11.730193
10.966608
12.105989
11.850575
11.283602
11.069896
11.962579
10.912060
12.154118
10.853079
11.642119
12.272352
11.106128
11.440078
11.127437
11.799689
10.671940
11.610327
12.085357
10.923859
11.539785
12.151091
11.978413
10.778214
11.266275
10.695690
10.981013
12.421193
11.779775
11.179844
11.674003
11.372916
11.942352
12.271352
11.540699
12.095552
11.955264
11.903217
12.271081
11.313289
11.999042
11.897205
10.911361
11.944882
10.800746
10.774548
12.207575
11.575047
10.939209
10.647798
11.327518
11.779013
11.890608
12.453378
11.969168
10.830472
11.112147
11.623550
12.539684
11.128456
11.741669
12.231872
11.769373
12.211747
12.151990
11.394693
11.823989
11.045652
10.694330
12.317373
10.710867
12.217098
11.574767
12.466998
11.787364
12.359791
10.806672
12.412441
12.285347
10.709114
11.869871
10.611800
12.097144
10.849056
11.445539
10.991334
12.277315
12.074147
11.027239
11.665223
12.242302
10.995602
11.360466
12.354072
12.179178
12.117122
11.819600
10.874297
12.299445
10.676255
11.481463
11.965464
11.023199
11.350905
11.190064
10.837394
11.690477
12.030561
11.737728
11.591000
12.311420
11.679427
12.155910
11.097922
11.301852
12.185830
11.353919
11.696938
11.736162
12.233597
12.382813
11.849649
11.106707
11.511635
11.167634
11.223432
11.918470
11.684063
11.091638
12.284252
11.813576
10.710995
11.430710
12.278230
12.451983
11.086264
11.351939
11.091228
10.719333
12.018679
10.529641
11.425719
11.752604
11.247710
12.050106
11.961565
11.531110
11.021158
11.034586
11.242755
11.366304
10.641364
12.104773
11.060118
10.961397
10.896759
12.404631
12.003405
12.387339
11.265767
11.426876
11.866189
11.349426
11.977087
12.207536
11.532992
11.910851
11.654041
11.825881
11.912293
11.960655
12.149461
12.314907
12.324404
12.051724
12.225180
11.792472
11.411372
12.191082
12.435145
12.068266
11.169613
11.796879
11.936754
11.253952
11.931382
12.390664
11.095116
11.911867
11.738775
11.060610
10.773351
10.859865
10.949505
11.887207
11.712463
12.354948
11.575681
11.104491
11.021359
11.949071
11.913637
12.347669
12.157795
10.832986
12.056820
12.370883
11.560430
11.002092
11.751833
12.328488
12.217689
10.958283
10.724213
10.992743
11.625299
11.219030
11.994972
11.572712
10.914800
12.234935
10.611177
12.208397
11.309355
11.639635
11.568372
10.926331
11.290147
10.732445
11.554503
10.848596
12.080994
11.369623
11.240015
11.008864
11.672906
10.903583
10.920223
12.331285
11.144123
11.908329
11.303959
12.461079
11.831107
10.788415
12.017872
12.375923
11.625685
12.366888
11.247370
11.706966
11.191194
11.346165
12.317777
11.819621
11.982521
11.719437
12.433160
11.552330
11.983996
11.498810
11.289425
10.920322
11.107145
11.776795
12.353578
12.082010
11.126671
11.246408
11.139349
11.589442
12.247911
11.024988
12.257545
12.489353
11.567673
12.315144
11.935403
11.439077
11.314934
12.154066
11.897218
11.530833
10.618449
10.661482
11.736305
12.377294
12.216522
11.856717
11.345258
11.088176
11.739126
11.778399
12.428469
12.486187
12.478833
10.676545
11.958613
12.162219
12.119290
11.828074
12.482709
11.181791
12.481931
11.289515
11.128827
10.968494
11.860729
11.856813
11.111054
10.747704
11.902071
11.353148
12.147539
10.943821
12.122522
11.131209
11.695541
12.294329
11.051085
10.881403
11.756522
12.355741
12.030504
12.061002
11.177019
12.158884
11.090086
12.122905
12.012200
12.071204
11.939378
11.523806
11.493373
12.058895
12.359711
11.509126
11.798121
11.104861
11.336376
11.556845
11.787661
10.659221
10.921448
11.367925
11.670325
12.135225
11.995201
12.178015
12.020021
11.763684
11.956898
12.084926
11.966606
11.547092
11.986137
11.436772
10.997735
12.290250
11.689559
10.811428
11.275985
11.665524
12.138032
11.597583
11.356125
11.283026
11.660968
10.552979
10.938117
11.920072
11.766024
10.969961
12.330314
11.926879
12.414518
12.337450
10.951983
11.952377
10.944943
11.991568
11.618126
11.218222
11.740383
11.125245
10.879759
12.038741
11.771128
12.402749
11.404588
10.740625
11.177972
11.566402
11.170153
11.195224
12.247451
12.126906
12.256650
11.650689
11.078448
11.329553
12.390541
12.054626
11.494810
10.587763
12.444331
11.284226
11.492678
10.844556
11.901057
12.344397
11.123079
12.110192
12.312779
11.316833
12.309479
11.499922
10.749004
10.670942
12.259692
10.659746
11.379010
12.331861
10.921486
12.430237
10.616608
12.066669
10.659888
11.497373
11.580714
12.242626
10.980739
12.470179
11.720141
12.096850
11.821591
11.457648
11.906176
10.928636
12.402180
12.093291
10.806333
11.817489
11.215657
11.236013
10.922534
10.931587
12.172783
10.995263
12.296928
11.861415
11.732629
11.225344
10.793654
12.357233
10.856451
12.080593
11.138081
12.263413
11.464102
10.971125
10.760619
11.802731
11.871997
12.009027
11.678102
11.307172
11.730234
11.050778
11.884411
12.425127
11.235365
11.131153
12.014666
10.789679
10.688887
11.176629
11.131623
12.241212
12.220257
12.185044
11.624112
11.845814
11.506380
10.931781
11.965982
12.316313
11.101804
11.952875
10.819439
11.682221
11.693671
12.334927
11.078660
12.167035
12.427833
11.206427
12.225853
11.939356
11.873826
12.457787
11.632553
11.067414
11.383437
11.485740
11.898229
10.947807
10.719844
12.179901
11.869747
11.118941
11.352534
12.246393
12.382673
11.149569
11.727206
10.958918
11.434307
11.734968
12.053021
11.296812
11.652318
11.703495
10.897917
12.418761
10.856657
11.484915
10.894972
10.952925
10.908245
11.826756
10.762922
10.822333
12.108819
10.761785
11.536323
12.239766
11.427524
11.791210
12.236964
11.389612
11.331992
12.197363
11.231843
11.999151
11.728112
11.492678
12.152193
11.536365
11.011323
11.873471
11.072034
12.202166
12.416271
11.758354
11.854267
11.330303
12.231816
12.212958
11.985720
10.824054
11.254238
10.907653
10.693806
11.755075
11.853464
11.633729
11.998191
11.971558
12.348932
11.394796
11.784386
10.849407
12.238264
12.058445
11.831174
11.556922
10.654639
12.258661
10.940778
11.864144
11.044237
11.085892
11.901734
11.900787
11.599193
12.466417
11.714020
11.772477
12.457315
12.338159
10.758978
12.160990
11.307369
11.965285
10.916378
10.981028
11.836936
11.811563
10.548182
11.750118
11.133970
11.953793
11.404244
11.293789
11.658182
12.268941
11.053851
12.165387
12.265133
11.646634
12.059881
11.337738
11.721689
11.970848
11.809729
11.765358
11.034929
11.114268
11.797718
12.003917
11.057552
10.929180
12.369131
12.104818
10.908964
11.499928
12.176209
11.723785
12.415340
11.912050
11.103156
10.868354
11.876625
11.703758
11.618138
12.092996
11.190760
12.087852
11.261613
12.423559
11.284250
11.276058
10.975786
11.769304
12.185098
11.509368
11.572160
11.835164
12.269017
10.682226
11.213686
11.194784
11.867186
11.773609
10.695284
11.340317
12.322747
10.902474
11.745448
11.559089
11.405672
11.914034
12.073216
11.475394
11.615373
12.358398
11.398714
12.298034
12.326944
12.121693
12.016745
11.325778
11.560801
10.613556
12.264508
11.640326
11.751226
12.383062
11.601189
12.251888
11.516852
12.358512
11.219273
10.921343
11.054751
10.777949
11.645203
11.445574
10.678488
12.164015
10.932515
11.974527
12.322507
11.303070
10.989221
11.385659
10.991794
12.219372
12.359146
12.134809
11.419331
11.391969
12.068032
11.643143
12.253783
11.145622
12.140045
11.968197
10.837557
11.384180
11.304276
11.054486
12.315187
11.128614
12.247723
11.167380
11.004233
11.807073
12.220543
11.233548
10.795322
11.391741
11.227923
11.858046
12.269028
12.272379
12.078282
12.380454
11.016806
10.552483
10.820039
11.076012
11.541000
11.638835
11.764907
10.669742
11.881872
12.246856
12.074605
11.075975
11.649376
11.179778
11.276290
11.955550
12.154633
11.366960
11.357439
11.469136
10.737084
12.165269
11.473081
10.782104
12.328114
12.397950
11.570907
11.469330
11.207655
12.286402
10.742957
12.168480
10.832626
11.370526
11.092116
10.683865
11.222708
11.464843
11.569517
12.345918
11.929258
11.842988
12.103433
11.252777
12.049002
10.849704
11.732446
12.417540
11.873132
11.317682
11.451969
10.924173
12.386010
12.384899
10.853297
11.774612
11.002847
11.737792
11.482145
11.132226
11.279241
12.143327
12.216822
11.656769
11.214607
11.266341
11.163034
12.478359
11.625996
12.095848
10.602421
11.759950
12.141106
12.439771
12.323849
10.703024
12.289026
11.078020
11.340616
11.671850
11.718424
10.818272
10.745117
11.744213
11.635724
11.580240
12.347720
11.249647
10.727697
10.854674
11.119881
11.885282
12.250295
11.126935
11.851463
12.194376
11.516062
11.800621
11.453405
11.139417
12.447486
11.384470
10.954179
11.157730
10.782905
11.524791
10.705604
11.635575
11.165475
12.438644
11.441716
12.011599
12.350898
10.962662
12.069144
12.344730
11.318535
11.557147
10.580244
12.508771
12.381824
10.770717
11.917784
11.010357
11.951552
12.350606
10.870840
12.390555
11.890980
11.120756
11.742526
11.188463
11.323695
10.728858
11.523101
11.606084
11.586797
12.471188
11.342107
11.906240
12.332579
10.557368
12.153121
11.262544
12.327163
12.161207
11.999193
10.892563
12.098013
12.330513
12.100022
10.597466
11.332427
11.526153
11.725442
12.318614
11.421844
10.954600
12.250335
12.341701
10.972850
11.825681
12.367930
11.940261
11.971114
11.918925
12.174471
10.839408
11.909271
11.464125
10.816863
12.161694
11.576940
10.836034
11.760908
11.513349
11.035310
11.867103
11.978293
12.033513
12.081968
12.001491
11.125822
11.768526
12.197884
11.380144
11.063370
12.104658
12.047591
11.360577
12.021893
11.582298
10.830153
11.405057
11.283912
12.078311
12.331140
11.968661
11.718871
12.071433
11.290086
11.897196
12.404424
10.900329
11.593716
11.880513
10.791368
11.474959
12.293907
11.846911
11.900726
10.624068
10.587897
11.145775
10.622127
12.391445
10.697266
11.067493
11.896254
12.283647
12.313741
12.306889
12.267462
12.258161
12.443979
11.948613
11.696079
11.166601
11.288967
12.148595
11.804965
12.096706
10.896665
10.687048
10.574434
11.726122
11.350800
11.522938
11.065034
11.337111
11.157314
11.401274
10.778766
12.221105
11.344510
11.757080
12.158097
12.328365
11.243551
11.002112
12.025813
12.216411
11.182510
11.285398
12.090226
12.131081
12.071703
12.324968
12.205627
11.808335
11.496669
11.429141
12.185577
11.718709
11.634067
10.995264
11.804847
12.025224
11.892220
12.261664
11.923701
11.334920
11.612982
11.878456
12.003246
11.943164
11.116458
11.206752
11.506111
12.004162
11.213820
10.949261
11.975937
12.365885
12.060015
11.793137
11.503363
11.175648
11.729997
11.289634
11.271002
11.115847
11.742981
12.114419
10.628058
11.618444
12.146869
11.255806
10.812278
12.104543
11.596329
12.407723
12.168387
11.508303
12.413196
11.719585
11.941712
12.056367
12.412530
10.958512
11.324172
12.297048
11.560050
12.413839
11.421484
12.487169
11.631720
10.953796
12.315017
11.611215
12.190207
11.960829
12.319717
11.140556
11.722015
11.458692
11.834794
12.110709
10.874423
12.183507
11.977490
10.680583
11.459013
11.907868
11.378388
11.025329
11.878202
11.643936
10.909588
10.809917
11.272026
10.776490
11.543681
11.083667
11.463065
12.080026
12.376535
11.396406
11.806172
11.470292
11.835849
12.415524
12.138462
11.232131
11.305272
11.802146
10.815681
11.854679
11.098672
11.566000
11.955226
12.377972
12.329731
11.799103
10.929630
10.927796
10.960408
11.819363
11.920039
11.361976
11.075728
11.012109
12.512581
12.175133
12.312187
11.711332
11.570140
10.689442
12.416242
10.694525
11.593830
12.323858
11.840353
11.792133
12.109992
12.168603
11.738179
12.105483
11.933514
12.280984
11.218436
11.429884
11.920846
12.011123
12.468093
10.783566
11.323499
11.081139
12.369004
12.037258
10.810791
11.696790
12.343477
12.107743
12.196220
11.673718
11.213455
12.404822
10.709125
11.567557
11.087572
10.859551
11.256505
12.070967
10.938104
12.314583
10.839676
11.814875
11.429334
11.837887
12.350461
11.007079
11.327846
11.527076
11.083486
11.623275
11.294569
12.065784
12.369532
12.266331
11.032112
11.079513
10.645615
11.612844
11.916916
11.274176
11.073543
11.293061
12.169747
11.548882
11.930116
11.030219
11.682139
11.335779
11.724973
11.086596
11.776870
12.109939
11.342582
10.972813
12.226051
11.737352
11.890794
11.915919
11.612846
12.153589
11.578308
11.274015
12.174357
11.715666
11.538109
11.138414
12.377351
12.197741
12.095550
11.976887
11.600108
11.198212
11.653711
11.411306
10.928380
10.816510
11.490580
11.592977
11.143549
11.185889
10.598398
12.195953
12.300064
10.689909
12.073928
11.408758
11.002667
11.437920
11.410047
11.596547
12.177975
11.368427
11.143774
11.955483
12.265184
11.993454
11.814542
11.509783
10.856441
11.611066
10.905408
10.979633
10.588426
11.427535
11.799142
10.730815
10.458719
11.141029
11.425327
11.041766
10.951913
12.130443
11.509298
12.008143
11.562949
11.056225
11.188269
11.464379
11.129321
12.049024
11.710889
12.179393
11.643460
11.856047
11.204340
11.041628
12.462911
11.797100
12.180626
10.998097
11.223292
11.434797
10.644926
11.289016
10.891697
11.374786
11.187788
11.477301
11.517059
12.057184
11.525523
10.694628
11.397207
11.700263
11.233110
12.347449
11.672248
12.455918
12.035736
11.856183
10.852528
11.961209
11.203888
10.689060
11.925809
12.132678
12.216614
11.918322
10.673559
11.756315
11.997015
12.002060
12.289299
11.175739
11.781165
12.205271
11.002190
11.591431
12.116986
11.129049
11.602636
10.958400
11.696366
11.210313
12.366187
11.186022
12.427866
11.780668
11.704853
11.295745
10.864302
11.257583
12.139419
11.175867
11.100147
12.264829
11.333786
11.423395
12.119774
11.360384
12.324219
10.796084
11.960378
12.394564
11.488623
12.131479
11.024562
11.477748
11.164384
12.334038
11.564513
11.133918
11.070320
11.606041
11.388280
12.072071
11.310270
10.673513
12.002173
10.619106
11.125556
11.227483
11.702185
12.158859
11.089708
11.994700
11.970869
11.532636
12.213765
11.958162
11.747623
11.286098
12.541204
12.310665
11.762590
11.960710
11.175715
10.906783
11.546041
12.095606
10.656221
10.878458
12.271653
11.054362
11.588542
11.833908
11.272803
10.957793
11.977960
11.935296
11.857500
12.085266
11.043433
11.947695
11.046216
12.038299
11.975598
11.927770
12.293933
11.640156
11.132148
11.313956
11.426313
10.850514
10.706424
11.790301
11.603950
11.678081
10.851259
12.337100
10.854610
12.027169
12.400684
11.316920
11.271867
10.918688
10.669667
11.569073
12.225492
10.976307
12.309394
10.788528
12.349417
11.387143
11.319742
12.254310
11.006514
11.595324
10.703567
12.339074
11.723796
12.115154
12.247885
11.404249
10.942615
10.819420
12.232499
11.197208
12.447831
11.444028
11.493266
12.133215
11.731615
11.117451
11.351746
11.335436
11.513221
12.336976
12.115676
11.161717
12.382982
12.269077
11.527285
11.701864
11.320085
10.793480
10.599393
11.490183
12.465445
11.779047
12.101223
11.497680
12.071285
11.103330
11.617014
12.248239
11.264761
12.310304
12.238015
11.689755
12.253007
12.210320
11.842799
12.270913
10.683759
12.270019
11.394921
11.298557
11.744232
11.513193
11.316400
10.757060
11.981936
11.827005
10.919165
10.999088
11.800191
11.225729
11.785594
12.205609
12.399503
11.526507
11.578225
11.418476
12.067616
11.250684
10.693933
11.402331
12.381469
12.355108
11.310189
11.459102
12.121425
11.478390
11.704850
11.645758
11.692894
11.015363
10.994845
11.599737
12.367186
12.278508
12.094799
10.935025
11.550582
11.822672
12.442477
11.137757
12.192714
11.104666
11.095202
10.745060
11.484001
12.049769
11.792187
11.753964
11.156384
11.235606
11.677721
12.346964
12.241367
11.458826
11.711054
11.726540
10.721916
11.576743
11.330191
10.954177
12.297209
12.053524
11.557604
12.396985
10.884882
11.583072
11.357878
11.054002
12.260413
11.354964
11.313727
12.113237
12.249805
11.356108
11.226163
10.735741
10.959280
10.646621
11.082433
11.769351
12.197487
10.746879
10.747022
11.347530
12.048889
12.277337
10.853771
12.436100
12.248264
10.762189
11.710863
12.399892
12.170615
10.833698
12.210727
10.823737
11.228018
11.382180
11.986822
12.054308
11.108642
12.361323
11.287581
12.096822
11.590193
11.380134
12.389013
11.317297
12.288927
12.375121
11.134810
11.060551
10.803488
11.536926
12.436934
10.850930
12.309470
11.920807
11.790256
11.984316
11.224280
11.704048
11.358841
12.311475
10.873321
11.581606
11.248204
12.301406
11.249101
11.447544
11.389719
11.755969
11.777077
12.238918
12.175012
11.322749
10.981054
10.647288
11.246412
12.022552
11.011157
10.469472
11.993309
11.359578
12.248565
10.855173
11.525119
12.078746
11.120669
12.135558
10.747221
11.427445
11.190617
11.345372
12.111568
12.157113
11.828261
12.008521
10.830685
11.419389
11.880404
12.119176
12.311180
12.352549
11.831655
12.027377
11.730326
11.775237
10.828363
11.904296
12.147192
12.006247
11.329497
11.939639
11.609377
12.110718
11.803938
11.763049
11.071949
12.165974
10.783989
11.118825
11.247514
12.033899
10.797314
10.662127
12.009671
11.716170
10.978355
11.826218
11.618566
11.537753
11.169653
12.178265
12.254802
10.810632
12.131354
11.138235
12.208769
12.017121
12.235457
12.383529
10.959177
10.905796
11.770675
12.366599
11.006958
12.287715
12.147621
11.009715
11.014647
12.360314
11.366210
10.778085
11.179937
12.106112
11.266475
11.865415
11.082833
12.257722
12.014075
12.217067
11.164817
11.785302
11.847477
12.156905
10.852660
12.095322
12.161915
11.941530
10.655313
12.116847
12.178465
11.464249
12.024880
12.233237
12.313576
12.449568
12.440302
11.553752
12.389641
11.708834
11.078289
12.268244
11.923629
11.603832
11.669766
12.306580
11.784842
11.622709
12.458323
10.974512
12.384469
12.234373
11.179834
12.075398
11.349036
12.033732
11.792927
12.211057
12.389190
10.855462
10.864590
12.246663
10.843409
11.470457
11.649000
11.780363
11.920807
12.077628
11.971472
12.027895
11.424675
11.610767
11.188185
10.783255
10.827666
10.960661
11.341589
11.799242
10.916874
11.351693
11.864175
11.556525
10.766264
12.332449
12.237783
11.839538
11.991397
11.617085
10.920214
11.960861
11.278492
10.878318
12.108789
12.460932
11.474732
10.899084
11.374888
12.212290
11.511071
11.793026
11.529638
11.826338
11.842030
11.187349
11.137142
11.712723
11.901338
12.019162
10.648094
11.529730
12.112157
12.230369
12.138453
12.454563
11.501653
12.127332
10.776748
12.452819
11.390980
11.399036
11.627060
11.360917
11.788062
11.920543
12.059888
10.897772
12.073535
11.947311
11.135856
10.625767
11.158505
10.702016
11.745394
11.942189
11.242912
11.586648
11.940523
11.573602
11.958596
10.774755
12.466581
11.523367
11.152480
11.508612
10.743787
11.042569
10.993950
11.220736
11.294064
11.990756
11.439976
11.163954
12.020307
12.564359
12.296629
11.249105
11.350604
12.135765
12.252639
11.360570
11.843073
12.301194
11.869369
10.941787
11.514780
12.296620
11.934015
11.327242
12.287291
11.108283
12.001068
12.251474
11.818727
10.757981
10.771168
11.672950
11.823520
11.970357
12.317832
11.589213
11.182677
11.804631
12.410564
10.799344
12.019936
12.126445
11.050104
12.255028
10.941210
11.390666
11.236082
11.710975
12.207101
10.872592
10.854146
11.951571
10.803584
10.969565
11.943725
11.845933
11.563625
11.514431
11.866487
11.430513
12.281624
11.096171
10.554304
10.870145
11.787726
11.064378
11.469346
12.135539
12.206306
12.148976
11.289620
11.647719
10.674151
11.109696
11.822026
11.598080
10.808964
11.761319
11.718229
11.413680
11.380960
11.380035
11.197083
11.481295
11.469298
11.748125
11.830954
11.105210
11.448786
12.051182
11.769971
10.886363
11.892079
11.448346
11.115534
11.373770
11.496277
11.004077
10.774518
11.652074
11.476095
11.154883
12.375659
12.010678
11.040426
11.973015
11.763260
11.710749
12.348591
11.727463
11.697675
11.679423
10.776303
11.531708
11.730700
11.050144
11.183798
11.805708
11.116057
11.528033
10.654287
11.128944
12.365085
10.539802
11.426515
10.688570
12.014847
11.071656
10.731663
12.415286
11.293832
11.159492
12.058386
11.250860
11.049045
12.184554
12.020109
11.293577
10.867707
11.332807
11.518891
12.380740
11.457107
11.980117
11.930386
11.034125
11.263567
11.023504
11.774559
11.588620
10.715261
12.347297
11.883237
11.206780
12.452709
10.678976
11.768915
11.739750
12.291932
11.284878
11.779144
12.063167
11.817274
11.497212
11.067414
12.021843
11.501978
11.766966
11.318957
11.915346
12.140995
11.088258
11.039834
11.544795
11.909523
12.445795
12.104059
12.348129
10.724478
12.197585
10.835122
12.295865
11.148975
11.781288
11.290242
12.167070
12.052787
11.413477
11.287121
11.419006
12.143692
12.074153
12.095590
12.275255
11.594605
11.668606
12.119310
11.211037
11.440370
11.992237
12.448671
10.945841
12.354823
12.321710
11.985910
11.047633
11.459811
11.779813
12.242722
10.833613
12.327419
11.032364
11.305502
11.407998
11.588565
11.926377
10.795574
10.641928
10.596524
10.770778
11.007939
11.002411
11.427772
11.431339
11.372848
10.868172
10.645505
11.222771
12.259277
10.886693
11.954367
11.001212
10.913203
12.277137
11.484034
11.801177
11.474773
12.003146
12.134087
11.910860
10.999437
12.410895
12.395460
11.368834
11.533183
12.012327
11.702603
11.269612
12.178053
10.569454
11.919938
11.796621
11.197040
10.715223
10.811024
11.343669
12.318336
11.396617
10.694150
10.590790
11.751307
11.799426
11.369639
11.905981
11.158087
12.400923
11.636963
12.185167
12.322269
11.618978
12.279954
11.119087
12.437751
11.418328
11.585886
12.466326
11.944271
11.464428
11.512065
11.716315
12.054349
12.279131
11.648694
12.211423
11.595746
10.921036
11.549604
11.920967
11.034009
12.428597
10.866477
12.056202
11.811061
12.267040
11.179302
11.583823
10.741197
11.954108
10.972785
12.016043
12.376345
11.715316
12.072501
11.347524
11.357255
11.430641
11.368426
12.137566
11.692462
12.354060
10.712032
11.892265
12.399512
11.692239
12.320544
12.294638
11.117335
11.627900
10.675536
11.227186
11.027467
11.422637
11.047889
10.888099
11.025126
12.034073
12.363511
10.682176
11.433590
10.773101
12.032624
10.966282
11.622947
11.875127
11.710579
10.804526
11.756174
11.507727
11.088676
12.059728
12.325746
11.951497
11.495318
11.132678
12.252844
11.308856
12.254491
11.460530
10.839936
10.922603
11.295529
11.261941
11.045915
11.137067
11.778772
11.698231
11.892667
12.276970
11.301541
11.015904
11.131777
12.030587
11.226565
10.973505
12.334718
11.258622
11.472217
11.056678
12.377799
12.338391
12.305252
11.380430
10.888029
12.310334
10.531356
11.819115
10.651219
12.267612
11.087158
11.880006
12.186224
10.904822
12.261689
10.937522
11.429081
10.914832
10.800993
10.956475
12.056904
12.410962
11.044723
10.902244
11.983538
11.353577
12.020809
11.944230
12.175514
11.175587
12.056851
11.767187
11.025255
11.134749
10.641087
11.578459
12.230293
10.957829
11.190756
12.287161
12.304417
12.066550
11.276856
11.151271
11.019810
10.646890
12.139181
11.414315
10.912698
11.740204
12.191991
10.779007
11.055745
11.613465
10.714369
11.128363
11.903755
11.665718
12.350373
11.046426
10.818340
12.177928
11.043419
11.455030
12.028652
11.699633
11.113151
12.254485
11.960272
11.881372
10.728297
11.194933
10.716124
12.396972
10.632459
12.074466
11.885419
11.650289
11.714820
11.604419
11.066668
12.211134
11.812801
11.419820
11.634866
12.207517
12.246431
10.626969
11.151046
10.902779
11.159767
12.278035
10.962191
10.929999
11.863284
12.379451
10.823562
11.959775
12.260899
11.023799
10.768925
10.814073
11.258868
10.980500
12.377317
12.187589
10.915121
12.200374
11.588221
11.500757
12.232632
11.954505
11.153343
11.789009
11.171920
11.422834
11.515437
12.047876
11.856701
11.254042
10.682151
11.715863
11.439844
10.770824
12.282844
12.494512
12.415798
11.582631
11.908649
12.333015
12.384784
11.091744
10.696240
11.433044
12.290024
11.523034
11.186599
11.062492
11.338816
12.259324
11.815765
10.961502
11.515351
11.917378
12.284607
10.766112
11.513403
12.169603
12.099687
11.639923
11.242869
11.608058
11.974155
11.411392
11.876499
11.756781
11.859066
11.517761
12.406294
11.191171
11.709407
10.831136
11.958382
11.327522
12.025528
11.664260
11.611576
11.002522
11.312225
12.454950
11.454447
11.885927
11.677094
11.167883
11.630626
11.395175
10.565559
12.349298
11.928679
10.979893
12.299468
11.625515
11.398427
11.446084
10.741371
11.971651
12.213116
11.034473
11.608416
11.197208
11.727321
12.122901
11.378036
12.404063
11.530988
10.913863
10.901496
10.802988
12.447759
11.849775
11.303935
11.076616
11.990410
11.709906
11.981065
12.062586
10.891946
11.015975
11.497893
10.827183
11.924731
10.629967
11.378138
10.919276
11.691907
12.063276
12.309359
11.286459
12.130231
11.119322
11.801888
12.233931
12.173286
11.683484
12.253774
11.389388
11.770686
11.026234
12.093655
12.407271
11.402268
11.881337
12.256982
10.980839
11.761272
11.068906
12.070982
11.371168
12.297563
11.699905
11.506789
11.751317
10.580898
11.037990
11.759426
11.158582
12.396025
11.516825
12.283101
11.236319
11.185433
10.940854
10.928591
11.239439
11.032971
11.962286
11.392479
11.307749
11.601201
12.359848
12.383984
11.340668
11.028585
11.719885
12.299194
11.983991
11.241968
11.424666
11.315197
11.077408
11.130822
12.078595
12.387031
11.695238
11.793738
10.818788
12.459603
10.903110
12.368495
11.503732
12.221531
12.244261
11.825051
11.848181
10.772938
12.418966
12.387289
11.477353
12.313721
12.271105
11.905832
11.185556
11.979423
11.919379
11.382289
11.745624
11.816655
11.196354
12.012209
11.354710
11.353023
11.539595
11.258914
12.241685
10.955532
10.813162
12.183583
12.387559
11.320369
12.424340
10.791460
12.170275
10.939001
11.872016
11.849035
11.536743
11.100369
11.962693
10.821185
11.339263
12.186220
12.154380
11.779630
11.914231
12.296924
11.927821
12.229256
10.753900
11.246631
11.736937
11.334337
11.683652
12.283171
11.561857
12.052188
10.925821
11.959793
11.124917
11.781477
11.322157
11.900958
11.016975
10.867908
12.300816
12.362514
12.432971
11.846409
10.738110
12.302525
12.240006
11.695498
12.043531
11.144956
11.645751
12.045524
12.357045
12.151233
11.702027
11.822015
12.196472
11.201933
10.993107
11.611080
10.701407
11.775170
11.502697
10.740863
10.786391
11.161258
11.886119
12.131283
11.173953
12.004937
10.900856
12.036850
11.785641
12.391439
10.923363
11.865375
11.533078
11.076877
11.509883
12.187987
11.154421
11.032422
11.599661
11.045302
11.985203
11.350280
11.464268
11.540459
11.274830
12.403005
11.826663
10.813771
11.147561
11.313510
11.386716
11.226207
10.886073
11.075416
11.919619
11.560079
12.342062
11.313724
12.111166
11.676091
11.143455
12.474090
12.104532
10.841356
11.772517
10.857748
12.029441
12.056633
11.438268
11.778882
10.977214
10.649909
11.240840
11.003004
12.146395
11.430998
11.301321
11.011000
10.517698
11.645354
11.334425
12.268955
11.671674
12.296087
10.961503
11.403504
11.593789
12.075359
11.201693
11.712446
11.964721
10.815742
12.031113
12.321431
12.189664
12.304117
12.179535
10.706454
11.009997
11.119527
12.034430
10.969596
10.847964
11.234915
11.705927
11.086867
12.298952
11.466280
11.880547
12.035708
11.210641
11.263257
11.965841
11.087354
11.478305
11.370648
12.024744
11.070604
12.265743
10.858178
11.734598
12.059227
11.818280
10.986320
11.178111
11.661056
11.558619
11.935129
11.104145
10.891812
10.770562
12.437615
11.788691
12.235257
12.363940
11.565873
11.906226
12.236689
11.393930
10.882464
11.238108
11.418668
11.081072
11.477715
12.175050
10.748626
12.172603
12.154919
10.923678
11.126652
11.277436
12.257483
11.449773
11.610245
11.874949
10.931884
11.953643
11.891987
11.077702
11.286523
11.378359
11.459139
11.455027
11.923447
12.101853
12.322041
12.142329
11.362561
11.469409
11.520791
12.227883
11.824134
11.794150
12.219875
10.907169
12.101751
11.044158
12.183340
11.254623
12.196295
11.903862
11.168178
11.620687
10.635055
11.149932
12.097902
11.824254
11.024037
10.873052
11.152594
11.166684
11.867409
11.273982
12.416345
12.179252
12.092255
11.810320
11.437065
11.993846
11.968437
11.578758
10.708595
11.317228
11.489318
11.374484
12.145123
11.461461
11.357114
11.527292
11.957547
11.997774
12.137531
11.474496
11.352367
12.314045
11.538849
10.648325
10.738532
10.901386
11.393805
12.004330
11.035761
11.025011
11.190406
11.140182
12.283544
12.311091
11.782873
11.420789
11.084415
11.541315
11.283197
11.476266
11.240890
11.497675
10.985725
12.074871
12.178107
11.963633
10.827539
12.196747
11.583808
10.895295
10.974682
10.942411
10.773799
11.290003
12.322171
12.345098
11.583808
11.276369
11.803102
11.362312
10.672871
11.784471
11.428590
11.735764
12.369451
11.844259
12.234909
12.121131
11.690709
11.332447
10.698386
10.726084
11.089967
11.596545
12.354963
11.930356
11.008214
10.821521
12.091639
11.816721
11.254385
12.491113
11.888493
12.225360
10.695834
11.316403
11.990551
11.525100
10.834658
12.219071
11.625065
11.119053
11.607921
10.467241
12.068351
12.160963
11.970305
10.912776
11.509135
11.502219
10.810202
10.916297
10.891651
11.586682
11.822174
11.883855
10.985201
11.882463
11.063858
11.350630
11.031936
11.693088
12.299064
11.978785
11.905177
11.784838
12.409610
11.706882
11.208713
11.649007
11.988516
11.496762
11.918080
12.144332
12.039804
11.091349
11.298231
11.309348
11.991476
11.030063
11.132384
10.638609
12.191007
12.390761
12.273854
11.466318
12.338213
12.381482
11.591730
11.731854
11.263743
10.934708
12.281637
10.846331
11.639294
11.933977
10.864675
11.874067
11.344109
12.445925
12.121608
11.043249
11.388315
10.627717
11.540607
11.320680
12.183487
11.313907
11.120553
12.316964
11.233685
11.559300
11.244927
11.487661
10.781432
12.220039
10.834051
11.110333
11.913103
12.178103
10.757473
10.768112
12.401534
11.419119
11.517507
12.377724
11.761862
10.890680
10.912726
11.136059
11.908353
12.496247
11.677940
11.818748
11.211468
11.377741
11.867341
10.797085
10.961920
12.399173
10.859311
10.615501
10.743028
11.903107
11.648730
11.275303
11.394931
10.932475
10.912390
12.036127
10.822306
10.844079
12.176170
10.775329
11.393349
12.171630
11.042466
11.962221
12.177620
12.461115
11.413818
11.054696
10.802389
12.186295
11.773193
10.760154
11.026993
10.823183
11.928683
11.763013
11.155020
11.220173
11.252960
12.410541
11.338919
11.332244
12.371836
11.481973
12.470822
11.053328
11.118917
12.177284
11.622006
12.111846
10.980204
11.129731
11.753615
11.565000
11.204415
10.747890
11.254005
10.801818
11.940657
11.554602
11.037951
12.325964
11.919649
10.848439
10.934677
11.861160
12.366307
12.025583
11.973040
11.148937
12.432374
11.139131
11.947892
11.494350
12.261213
11.287717
11.828151
10.857422
11.569136
11.800857
12.197761
10.993275
11.794525
11.323727
11.351618
11.671595
12.007716
12.014050
11.414157
12.258244
11.372713
12.093066
12.318585
12.258220
10.730837
10.668637
10.638925
12.097521
11.614539
12.509006
10.951501
12.400936
10.862226
11.000883
10.709021
11.337227
11.765939
11.974900
12.215943
10.842919
11.627056
10.912358
11.186886
11.992864
10.976959
11.860963
11.590159
12.492840
12.013707
11.540473
11.865914
10.752633
11.561318
11.680958
11.791778
11.977375
12.088960
10.806393
11.556098
11.053451
11.707030
11.986054
10.537561
12.302109
11.387418
12.372453
12.381791
12.067632
12.433816
11.074816
11.821958
12.065860
10.887246
10.671325
12.119678
11.869482
11.149690
11.450917
12.418000
11.062145
11.033378
12.487520
11.647917
11.538316
12.430089
11.390905
12.112520
10.759181
11.408519
11.167055
11.621515
11.393593
11.115242
10.714324
12.340335
12.085525
12.034078
11.027097
12.333628
11.603302
11.100502
12.009722
10.946853
12.399032
12.164127
11.099985
12.162991
11.139429
11.345039
12.252915
10.746196
11.893731
11.510259
12.275789
10.860611
12.365633
10.856283
11.751245
11.909672
10.815658
10.754795
10.936586
12.353714
12.404216
12.184286
11.550698
12.223801
10.591162
11.065868
12.002175
11.580810
12.201181
10.973876
11.668132
12.355836
11.165848
10.829108
11.194992
11.887961
11.213001
10.559021
11.916554
12.412612
11.762818
12.090385
12.343454
10.851000
12.367502
12.435623
10.832325
12.235635
11.004859
11.534038
11.674788
11.958824
10.869771
11.643719
11.274870
10.999892
11.655529
11.219550
11.924477
11.000698
11.773711
11.688940
11.398742
10.822634
11.778410
11.004297
12.015212
11.557579
10.749848
10.838334
11.734422
11.694275
11.479458
10.861895
11.921957
12.300595
12.092727
11.045275
11.924730
11.094883
11.639626
11.893017
11.856203
12.084375
11.918246
11.568601
11.344764
11.949192
11.924453
11.153805
12.077510
11.024532
11.105621
10.966914
11.864427
11.959522
12.060250
11.715728
11.432184
11.300855
11.592188
11.636667
11.664388
12.253625
11.186125
12.163184
12.495957
12.346901
10.668741
11.052127
11.081292
12.192777
10.735974
11.825006
10.853986
12.275883
10.915832
12.196637
12.242046
12.381447
11.449852
12.148154
11.797833
11.494915
12.074729
11.108036
11.973982
12.095684
11.883051
11.573412
11.295199
11.872594
10.837296
12.172437
10.870059
11.003867
11.458175
12.300664
11.393789
12.210319
11.261790
11.459728
10.495197
12.289514
10.893420
11.869918
11.978970
11.545741
12.080656
11.228266
11.026451
11.947085
12.181000
11.761603
11.300563
11.479956
12.426207
11.494520
12.438397
11.404168
11.332816
12.392237
11.816561
11.160124
11.700567
11.358316
12.350640
11.716397
11.072637
11.207943
12.021259
12.345233
10.727328
12.185801
10.724476
12.407417
12.283753
11.787662
12.252354
11.721403
11.467607
11.914169
12.235934
11.290690
11.706468
12.004895
11.899980
11.384662
11.125980
11.012715
12.174061
11.242602
11.013788
12.318974
10.944704
10.516099
12.410175
11.645595
11.767241
11.064385
11.503216
12.068737
12.166393
11.347919
11.413079
12.075975
11.270949
10.930259
11.226685
12.159522
11.804574
10.701084
11.443128
12.219883
11.644497
11.088700
11.926297
11.734771
11.911032
11.556733
11.251669
10.976483
12.047950
11.697343
11.297613
12.510964
12.122202
11.005497
10.793288
12.336868
12.225469
12.110487
11.322386
11.638580
11.313873
11.296235
12.381309
11.709688
11.386234
11.662055
12.338287
11.348732
12.340179
10.882025
11.187377
12.284483
11.440231
12.016430
12.223039
11.299102
11.496439
10.995673
11.307164
11.404518
11.320405
12.180174
12.089969
11.444931
12.367431
12.363131
11.474160
11.474142
11.252594
11.840387
11.334830
12.346819
11.894171
11.279475
10.763528
12.448265
11.912251
11.721621
10.684094
12.412948
11.294580
11.831253
12.272445
11.646342
10.919713
11.236214
10.755577
12.255645
10.692405
10.746594
12.394398
11.306354
10.760208
11.047703
11.267524
11.680131
12.291810
11.852217
12.173877
11.830609
12.294036
12.014776
12.201811
11.023384
11.006128
11.867730
11.856595
11.165112
11.105379
10.763205
12.370625
11.072614
11.753297
11.818335
11.391555
12.041756
11.967477
11.629803
12.235518
10.729257
11.600060
11.871448
11.823493
12.051096
10.583465
11.836244
11.762751
11.257948
11.460347
11.903338
11.459056
12.221387
11.419792
11.585364
11.493201
10.937617
12.128938
10.767797
11.340849
11.710834
10.806950
11.068067
11.441300
12.417727
11.405009
11.697312
10.993943
11.494947
11.901894
11.074076
12.259563
11.888830
12.405654
11.181919
10.727092
11.915331
11.021781
12.079366
11.783812
11.279085
11.746660
12.159213
11.578552
10.805818
11.508669
11.848851
12.138412
11.945667
10.695695
11.234469
12.090701
11.254114
11.522439
10.652700
11.715389
11.621540
11.117953
12.237052
11.131336
11.111447
12.210680
11.778914
11.817867
12.047448
12.372521
11.965722
10.745237
12.120950
11.211203
11.119096
12.256957
12.427422
12.010247
10.948361
11.702478
12.463224
10.699748
11.566155
11.491542
10.958062
12.386107
11.925837
11.747356
12.412398
12.296577
11.026683
12.016845
11.045349
11.992492
10.693914
11.317678
11.846778
11.980950
12.132415
11.325162
11.415804
10.782926
12.256868
12.152689
11.750682
11.448108
12.309400
12.086973
12.068360
11.333419
11.091194
11.176546
11.322514
11.868674
11.950095
11.879021
11.649130
12.250051
12.293496
11.796315
11.857093
10.688325
11.054481
12.183792
10.836241
11.544503
11.657421
11.152552
11.874963
12.304770
11.848508
12.374358
11.474708
10.891471
11.996651
11.675397
10.613684
12.267766
11.177882
11.448766
11.145729
10.447638
12.406023
11.403221
12.258925
10.629953
11.355124
10.701097
10.944028
12.225100
11.308696
10.724791
11.477204
10.798211
12.322553
11.615961
11.579508
10.963230
11.007518
12.236179
12.438029
11.021950
12.110734
11.313593
10.895585
10.855477
11.269446
11.866355
11.321044
11.026228
11.987984
12.039282
11.909060
11.799269
11.616113
10.803664
11.130235
10.890189
10.940288
11.706236
11.768923
12.452597
10.905051
10.784334
11.375164
12.134844
12.189598
12.362009
11.404613
12.456714
10.852838
11.794468
10.843057
12.253269
11.262374
12.069126
11.486868
12.417514
11.985869
12.186204
12.091639
10.992697
11.638321
10.966481
12.379113
11.917038
11.161084
11.539080
11.882787
12.066378
11.569784
11.095857
11.759034
11.069056
11.179701
11.049959
11.469743
12.120965
11.478313
11.028667
10.790376
10.917946
11.575997
11.520119
11.004066
11.805596
11.812763
11.801412
10.453232
10.833903
11.133120
11.575112
10.951672
10.982021
11.538471
11.818484
11.158188
10.649606
10.671998
10.568265
11.127392
12.200277
10.874854
10.912538
11.993774
11.620146
11.851581
11.803280
11.078806
11.782855
12.245164
12.133010
11.226244
10.799689
11.043495
11.226649
11.095056
11.948298
12.038196
11.338390
11.961839
11.055374
12.494136
11.983436
12.168488
11.876900
10.884185
11.285552
11.117380
10.715389
11.233312
11.928105
11.976511
12.316294
12.050104
11.707581
11.961900
11.727357
11.897684
12.205363
12.264653
10.978938
11.183185
11.893195
11.788334
11.545097
11.889743
10.843563
11.097463
12.129258
12.120745
11.623746
11.041264
11.144638
10.987111
11.067693
11.649033
12.372613
10.849011
11.502822
12.047351
12.037468
10.818565
11.729239
10.927969
11.897462
12.088048
12.018111
12.037317
11.286260
11.319566
11.238008
11.559097
10.992794
11.411271
12.288269
12.088028
11.112457
11.393533
11.176014
10.832910
11.480374
10.998205
11.275173
11.017107
11.309306
11.187272
12.177841
11.945958
11.291591
12.251622
12.037793
12.180347
11.947110
10.756720
11.917241
10.736603
11.267041
11.254949
10.926426
12.295853
11.915335
11.925471
12.397294
11.579257
12.116422
12.387127
11.038569
12.285652
11.214887
12.144094
12.374396
10.618623
11.919866
11.877777
11.838128
10.723372
11.074608
11.095049
11.517931
11.032421
11.451990
11.130658
10.956118
11.835161
10.995024
12.084379
11.885235
11.680800
10.826447
10.875730
10.798343
12.291909
10.772061
10.829170
11.932058
12.159413
11.824722
11.528290
11.092316
11.175710
11.939106
11.476747
11.337886
12.310292
11.551451
11.205703
11.524563
11.971917
11.684623
11.331172
10.833732
12.248670
11.921653
10.712811
11.616311
12.272228
11.754647
11.403975
12.108541
10.608841
10.960251
10.689892
11.921619
12.115802
10.767392
10.873461
12.517146
11.404462
12.399190
12.418445
11.641296
11.004742
11.570401
11.630517
10.934601
11.880972
12.334148
12.429679
12.082635
10.976123
11.034350
12.479175
10.801784
12.386175
11.142634
11.085805
11.262578
11.300487
11.234949
10.666260
10.910678
10.750136
11.025657
10.775562
12.452216
11.026983
11.860355
11.467512
11.504162
11.055964
11.646233
11.956351
11.860460
10.852360
11.205211
11.005940
11.043482
11.555476
11.295304
12.114332
11.525621
11.014298
12.340001
11.641257
11.085198
11.167374
10.862957
12.199932
12.274174
10.733846
11.161827
12.158385
12.238753
11.412456
12.430605
11.513982
11.860148
12.173975
10.680099
11.006078
11.684153
11.897049
10.742779
10.914195
11.883621
10.925646
12.350443
11.502222
11.364013
11.850077
12.285761
12.048481
10.868504
10.839298
12.236635
11.151365
11.309113
10.510135
11.189426
11.370178
11.001126
11.131237
11.530752
11.588754
11.986489
11.740862
12.008541
10.917030
12.045515
12.111606
11.933026
12.025674
10.875994
11.962857
11.463396
10.969122
10.792525
12.483546
11.215788
11.923061
10.930298
11.807051
11.711740
12.159324
12.021780
12.129647
11.150045
12.144404
12.126950
10.684891
11.484370
12.187685
11.239690
11.801216
11.127282
11.769913
11.229863
12.206643
10.904133
12.459576
12.355887
11.272772
12.361841
12.021422
11.286173
10.919194
10.935657
12.225488
12.362548
11.575764
11.630403
11.506095
11.301651
11.840155
10.712769
11.893184
11.154534
11.650965
11.768730
12.042766
10.775909
12.047536
12.236065
12.256195
11.365451
11.042789
11.879662
11.012195
12.201126
11.081631
10.466909
11.937413
10.969193
11.274348
11.848750
12.220920
11.655348
11.108618
12.169777
11.789933
12.191772
11.065874
12.195800
12.246688
11.735814
11.382042
11.812122
11.499539
11.100697
12.145462
11.384921
11.529160
12.264737
12.357095
11.127472
12.182539
11.710427
11.823914
12.241695
11.452820
12.438460
11.874902
11.902335
12.174299
12.120125
12.067505
11.955502
11.434036
12.050770
11.851169
12.246807
11.547622
11.786425
12.280211
12.032099
10.762148
11.009132
10.926130
11.899496
10.662352
11.636867
10.640918
11.596590
11.376645
12.224801
11.332308
11.303375
12.203603
10.710234
12.428535
11.959587
11.440665
10.841700
11.744895
11.792007
10.634168
10.740991
12.007247
12.062982
12.175653
11.967965
11.860044
12.272478
11.621979
11.897542
10.777388
12.331600
12.183105
11.445461
11.587168
11.953330
12.128565
11.325579
11.763147
10.815066
12.240027
12.402071
11.922947
10.959403
11.606770
10.892826
11.394987
11.047263
11.568681
11.171487
11.239853
11.848290
11.798345
12.221617
11.167356
11.630372
10.857964
11.943453
12.352025
11.401866
12.194753
12.140905
11.297499
11.239583
12.430558
11.200050
12.219374
11.333340
11.406532
12.092502
11.724690
11.120631
12.001013
11.525722
10.822080
12.169959
11.675341
12.378223
12.177991
12.339357
12.392833
11.357300
12.146677
11.740306
11.697833
12.069124
10.685072
11.818020
11.924301
12.155434
11.510242
10.857272
12.062464
10.730490
11.899298
11.188678
11.188678
