12.005824
12.224262
11.951738
11.101550
12.439481
11.927904
11.239041
11.271504
11.911374
10.824685
11.059830
10.970855
12.129221
11.487392
12.058075
11.965271
11.981585
12.302834
11.063461
10.804461
12.348650
10.724440
12.095271
11.367209
11.189945
11.060058
11.248923
12.242931
11.257434
12.079773
11.870505
11.893368
12.074853
10.931909
11.650008
12.267079
10.960362
10.894337
11.505145
10.825097
12.495001
11.593602
10.968811
11.736825
10.868592
11.868548
11.013267
11.209143
12.278141
11.657318
12.286556
11.430174
12.169342
10.990228
11.163747
11.670836
12.077014
10.870832
11.448283
12.334595
11.482357
11.630046
10.726803
11.533758
11.566944
11.478865
12.027830
11.043285
10.691979
11.209553
12.361328
10.883919
11.115029
12.133445
11.578905
12.174360
11.510873
12.375935
11.140653
12.119166
11.767732
12.363403
11.318390
12.132375
12.020895
12.195788
11.979574
11.639797
10.875207
11.932254
11.709070
11.267398
11.534312
12.079167
10.854338
11.213503
12.412522
11.601039
11.904808
11.211926
10.980778
11.211773
12.361717
12.057245
12.494137
11.106504
11.003279
11.389636
11.333859
11.145929
12.153579
10.644450
11.707933
11.976809
11.478795
12.278649
11.120185
10.913557
12.035412
12.173934
12.372098
10.806610
12.247042
10.864383
11.785729
12.225087
12.392600
10.721819
12.419742
10.829637
11.735171
12.190076
11.528134
12.487780
11.821219
12.068316
11.022225
10.692981
12.304944
12.400194
11.777867
11.327956
11.213778
12.289806
12.215557
12.357803
11.901938
12.248313
11.129033
11.982396
11.238649
12.294878
11.649754
11.986041
11.008400
10.721797
12.354044
11.358347
12.366072
12.429829
12.221385
10.689334
11.448596
12.322342
11.546244
12.119524
12.259352
11.444044
11.824552
12.472090
11.610571
11.474025
12.308070
12.050587
12.031303
11.308638
11.130484
12.408501
11.992586
10.772273
11.368726
12.434562
10.917235
11.794841
11.912748
11.045032
12.180467
11.286803
10.935470
11.359467
12.261211
11.292267
10.645972
11.346759
11.213857
11.865843
11.903498
11.968317
10.917113
11.958699
12.279163
11.678810
10.745018
11.705476
10.835214
12.014120
11.413293
11.108476
12.272826
11.593383
11.221099
12.018139
11.199065
12.323703
12.085438
10.620237
11.199397
11.991447
11.482675
11.831518
10.675217
11.071008
11.280789
12.213884
12.437323
11.693194
11.875245
12.184234
11.791938
11.493396
12.142369
11.940452
12.029037
10.894461
12.206543
11.064998
11.282984
10.625596
10.930170
10.657486
12.440253
10.890448
11.724681
11.622163
12.056611
10.856177
11.637803
10.831422
10.804690
12.094631
11.591237
11.016112
11.159080
12.433307
10.731145
12.467206
11.717425
11.596837
11.605072
12.047396
11.761557
10.882009
12.112200
12.437079
11.462773
10.579731
11.405615
12.071004
12.012662
12.385932
11.093114
12.028735
11.782672
11.960154
12.405650
10.915606
11.980128
10.955848
12.507710
11.210812
11.783234
12.447760
12.069380
12.413801
12.281405
12.418416
11.881158
12.450714
11.557389
11.731631
11.784185
11.240986
12.080049
10.670258
12.282448
12.299076
12.315131
12.368450
11.849649
11.535717
11.843941
11.432601
10.783076
11.876868
10.693402
12.073481
11.077426
11.099745
11.182397
12.444260
11.444120
11.424418
11.659394
11.832994
11.159433
11.021941
11.673180
11.845865
10.980090
11.855912
11.334555
12.270040
11.386718
11.579764
11.288508
11.962993
10.889502
11.471657
11.908489
12.214526
10.774446
11.391932
11.860637
11.288127
10.767979
12.383897
12.295271
11.658340
12.436124
11.607096
12.188177
11.905702
11.467146
11.155412
10.619237
11.281325
11.441562
11.337752
11.393841
10.970254
12.536977
12.012469
10.541038
11.643715
12.165929
10.872118
11.895596
12.315816
11.176087
11.708409
11.193292
11.928761
12.164003
11.520931
11.328651
11.522987
11.682433
11.391523
11.235518
11.925897
11.300550
11.733840
11.153026
12.195351
11.881816
12.139069
12.049408
10.871112
12.140567
11.462082
11.962772
10.922228
12.006843
11.082407
11.912548
11.771156
10.957579
12.355074
11.340132
11.449891
11.171195
12.145473
11.931783
11.440455
11.141483
12.192855
12.248235
12.473105
12.036829
11.679613
11.317682
11.440582
11.949594
11.071327
11.612684
10.999981
11.717924
11.415337
10.726615
11.810982
10.720195
11.886132
11.581768
12.032064
10.953424
10.964113
11.600365
11.795283
11.332665
12.051023
11.476839
11.520943
12.333455
11.106788
11.564409
11.537192
12.345943
11.869449
11.579627
11.791500
10.916838
11.805093
10.979340
12.379298
12.319624
12.251556
11.025738
11.762043
10.933096
10.739343
12.296788
12.170804
12.038281
11.252675
11.369591
11.422863
11.482911
12.077415
10.904102
12.389224
11.051568
10.762165
11.524807
11.917145
12.087932
10.994785
11.878666
10.992557
11.244437
10.706913
11.584469
12.242908
11.115382
10.913621
11.953731
11.840960
11.360025
11.452517
12.074094
11.433899
11.859564
12.261595
12.201093
10.900584
11.729216
11.897753
11.374934
12.320350
12.451903
11.350686
12.099640
11.056489
11.104936
11.596679
12.372934
10.843085
11.341625
11.120862
11.588140
11.215369
11.401607
11.721329
12.496269
12.170027
11.092984
11.822542
12.190162
11.269415
11.103931
12.053001
11.117657
10.615031
11.391127
10.889944
12.450047
10.979995
12.255948
11.805642
11.896565
11.111554
12.092685
11.127514
11.649935
10.758399
11.891779
12.111915
11.444400
11.801276
11.134417
12.092947
12.032304
11.368457
12.128777
11.651654
11.252367
11.666076
11.939137
12.353369
11.298677
12.194507
10.883262
12.192076
11.516574
10.787885
11.841673
11.831611
10.801915
11.316065
10.854376
11.306232
12.098713
11.988726
12.250456
12.375590
12.381504
11.506858
11.950288
10.602894
11.246040
11.498359
12.045385
11.562261
11.656232
11.117052
10.977841
11.158624
11.064245
12.444700
11.958450
12.159738
11.052517
10.860860
11.348271
11.273071
11.439984
12.354691
11.040996
10.981503
11.956274
10.958689
11.938619
11.242175
11.341973
10.788244
11.649063
10.843661
10.910940
12.301832
11.368499
11.381538
11.286839
12.216248
11.585259
12.456525
11.466258
11.322383
11.181178
12.317319
11.246865
11.326547
11.411043
10.839823
11.422305
12.421143
12.017143
10.783605
11.472772
11.306426
11.256605
10.757321
11.556209
11.606518
11.778322
11.052794
12.435493
11.747801
11.434336
11.733622
11.907114
12.344194
11.506509
12.290632
11.919400
12.153595
11.464888
10.506421
11.069004
11.832300
11.895858
11.189248
12.169426
11.511785
11.736003
11.876512
10.810538
10.945192
11.889337
11.436624
11.355734
10.689352
12.251192
10.840975
11.017031
11.868242
10.763812
10.744887
12.099170
10.951947
10.655397
10.550969
11.468980
11.363226
11.819497
10.638089
11.802215
11.472837
11.550439
11.327868
12.023373
12.119409
11.434278
11.903589
12.238359
11.033340
11.476704
11.083831
12.305590
11.738427
11.718688
10.693471
11.560252
12.153096
10.641086
12.508010
12.385501
11.597219
12.181794
11.341958
11.995675
11.105979
12.433339
10.919618
11.619735
12.471013
12.158063
11.045657
11.672619
11.839529
12.252685
10.826953
11.716846
10.717158
12.177884
11.310087
11.185098
12.092811
11.335982
11.519238
11.453847
10.836920
11.112893
11.287423
11.551991
11.293158
11.862159
12.199631
11.809755
11.147669
10.872449
10.912941
12.391050
12.458761
11.360709
12.246591
11.383892
12.293443
11.431261
11.532967
11.890262
12.107858
10.978046
11.662002
12.315012
10.956673
11.782356
12.364201
11.520523
11.683163
11.347385
11.904141
12.454648
12.017366
12.048098
11.037610
11.027984
12.176697
11.586891
11.898117
11.856341
12.123210
10.838430
11.344609
12.262415
12.180077
10.649136
11.635944
11.993167
12.186016
10.856103
11.163825
11.110704
12.234745
11.015221
11.303647
10.955278
11.140949
10.887902
11.030689
11.230257
12.282343
11.645546
11.254820
12.431202
12.023728
11.172874
10.670003
12.245639
10.772776
12.117608
12.482555
12.092222
12.505871
11.371097
10.659079
11.402785
10.730400
11.245667
11.186820
12.377897
11.385012
12.301070
11.220947
11.020936
10.756016
10.972314
11.418387
12.091075
12.489427
11.389292
11.139165
11.266446
11.901407
11.578091
11.097647
11.926005
12.304189
11.473999
11.479806
11.117319
11.236872
12.169687
11.709899
10.818718
10.806182
11.125398
11.596171
11.753462
10.997947
11.359387
10.734804
11.432134
11.482824
11.540341
11.558872
12.382138
12.166637
11.921744
12.125106
12.141651
11.167357
11.175573
11.339293
12.011033
11.605475
12.140609
12.148644
11.463934
11.999862
11.566770
12.456043
11.551810
10.823620
10.757611
10.658518
11.555840
11.354191
12.286638
12.178548
11.502236
12.393267
11.429054
11.410837
11.296870
11.519194
10.586907
10.780138
11.375627
11.971641
11.688901
11.754072
11.932162
12.468299
11.860584
11.432849
12.137363
11.057226
12.267125
11.766103
11.482752
10.924944
11.640470
12.052483
10.746259
11.890283
11.582641
12.380174
12.099329
11.135949
10.819600
12.440873
11.600220
11.820374
12.406754
12.148381
11.230211
10.755203
11.565682
12.445449
11.234218
10.832903
11.158150
12.058121
12.148432
11.624849
12.349778
11.127375
10.900688
10.954599
10.960803
11.445332
12.396889
12.360797
11.221329
11.648922
11.765763
12.218664
11.733279
11.565596
11.355506
11.222658
10.680906
11.506572
11.818557
11.009501
11.084074
11.926958
11.539363
11.539767
11.091117
11.745208
12.048457
12.071887
12.020296
12.410981
12.250607
12.113996
11.059417
12.314570
11.226757
11.972889
10.795561
10.672883
11.041417
12.360257
11.726860
11.194158
12.277562
10.670018
12.153236
10.838118
11.080262
11.984395
11.602513
11.422732
11.205617
11.238384
11.328484
11.565930
11.188526
11.957941
12.262467
12.053311
12.106185
11.792782
11.023368
11.188771
10.686254
11.965423
11.589645
11.370204
11.426736
11.929730
12.252308
11.754863
12.207181
12.115521
12.462022
11.476964
11.394825
12.390605
10.842047
11.387139
11.418497
11.887596
11.039463
11.802432
11.774301
10.871689
11.870877
11.416533
10.933467
11.681083
11.598110
11.481463
10.827338
10.624732
11.184322
12.087865
10.893392
12.441149
12.380220
11.774321
11.357187
10.771787
11.238562
12.116249
11.219131
11.399920
11.781463
12.275449
12.180751
12.022224
10.878198
11.202512
12.259781
11.871781
11.289147
11.731871
11.598665
11.207077
11.430183
12.169405
10.757486
12.496524
12.226651
11.599768
11.960638
11.461564
10.947113
10.987546
10.936823
12.269670
11.086685
11.198972
12.308183
10.692509
11.154555
10.942619
11.916579
12.276555
12.317741
12.270465
12.376409
12.191454
11.325417
11.358221
11.734923
11.059944
11.400671
11.547541
12.235871
11.004079
12.290421
11.888979
12.319865
11.730151
11.504772
11.981998
11.612655
10.946775
12.188006
11.049735
12.415679
12.217575
11.583263
12.178262
11.421616
11.993908
12.334148
11.235421
11.084588
12.209362
10.785936
11.885601
11.669442
11.049216
12.261337
11.179743
11.147126
11.541082
12.212864
10.695098
10.730946
12.309793
10.919491
11.456284
11.857161
11.556236
12.131440
12.389773
11.407717
11.747921
10.918329
11.132730
11.513896
11.451527
12.181839
11.996207
12.261120
11.082492
11.522664
11.923279
11.260192
11.734159
11.022665
12.203606
10.964342
11.368398
10.921227
11.567335
10.919246
11.095186
12.057303
12.216663
11.664522
12.217470
12.015904
10.883647
11.350504
12.140703
11.320243
12.354474
11.874396
11.021078
12.072265
11.858408
11.568071
12.378170
11.754346
11.915153
12.083077
11.289894
11.589145
11.887920
11.998562
11.056551
11.404424
12.125961
12.288754
11.500404
11.863867
11.469683
11.433511
12.187097
11.174313
11.363226
12.279199
12.394810
11.129998
12.290561
12.301661
12.156613
12.141267
11.077854
11.338248
10.429754
10.708657
11.553544
11.813331
11.596936
10.764227
11.938165
12.475571
11.344053
11.964315
11.799805
12.376620
11.722233
12.388788
11.249041
12.070066
11.507562
10.747371
11.742072
11.808450
11.607871
11.919165
11.180156
11.348017
11.812681
11.823672
12.266234
12.029220
11.618519
11.928835
11.283451
12.007403
12.328892
11.866418
10.925939
11.623209
11.278586
11.551808
11.808448
11.042927
11.130936
12.282128
12.182709
10.785031
11.742811
11.674909
12.051345
11.702321
11.361773
12.166794
11.310550
12.386943
11.000452
11.652190
11.859717
11.701621
10.930315
11.412898
12.318551
11.608500
12.336921
11.542152
11.008707
12.074204
11.678036
11.007081
10.962179
11.949437
11.645059
11.500777
12.261596
12.353598
11.248522
12.352915
11.270243
11.128883
11.295662
11.898819
11.490428
11.107661
11.457070
11.015420
12.015420
10.787095
11.811222
11.196353
12.192575
11.914517
11.243540
10.609556
12.169757
12.202782
10.741424
10.721673
11.138900
11.274522
12.012463
11.736813
11.269607
11.537945
11.248794
12.304336
11.601422
11.377025
10.963597
12.024671
11.183568
12.081196
11.605009
10.822263
11.310117
11.796672
11.103508
11.038534
11.477624
10.719013
11.633715
11.373896
11.172801
11.349397
10.681165
11.307115
11.928052
12.351875
11.384107
11.964742
11.918453
10.640033
11.653929
11.135503
11.397343
11.331716
10.785354
10.997707
11.406878
11.887175
11.816043
12.146547
12.080005
11.159124
11.241644
12.304815
12.108752
11.970086
11.409447
11.161332
12.364747
11.320177
12.355993
12.014440
11.071672
10.913851
11.476700
10.629390
10.885245
12.043085
11.626074
11.362232
11.387826
11.460536
11.123577
12.164076
11.623868
11.770236
11.763229
10.929850
10.880078
11.150765
10.669784
10.965468
11.246794
10.989761
11.831753
10.712191
11.058703
11.462461
11.869616
11.665539
11.113379
11.193013
11.828871
10.857088
11.328502
10.940026
11.508056
10.973779
11.566266
10.783894
10.838601
11.740372
11.128982
11.062611
12.410183
12.300730
10.791873
11.707250
12.216071
11.757312
11.783398
11.436119
11.355015
11.380712
11.518436
12.188239
12.004515
12.212952
11.744626
11.827170
12.140928
12.284450
11.081683
11.394054
12.191076
11.616594
10.857337
11.184031
10.895474
10.772522
11.017166
10.815799
12.333101
11.409201
10.445181
11.407784
11.482685
10.570982
11.312514
12.192000
12.369491
10.831974
11.267143
10.659566
12.003025
11.822102
11.193899
11.206875
11.596902
12.153439
12.026050
11.906941
12.226520
11.248615
10.636179
10.969805
10.635254
11.351033
11.311590
12.145831
10.907965
10.968008
11.924540
12.001262
11.509103
10.840019
11.151426
12.122947
11.953137
10.598591
11.186159
11.342503
11.411543
12.325397
12.171682
12.069680
11.758583
12.357038
11.974673
12.216543
11.314866
11.204744
11.036680
12.411615
11.927922
12.005732
10.747581
11.301591
12.239275
12.169388
11.910324
12.079492
11.893100
12.276529
12.321901
10.711708
11.317451
10.704604
11.317865
11.440930
11.893991
11.429358
10.757947
12.184315
11.784997
10.781523
10.795070
11.915505
11.544225
11.801051
11.103120
11.063454
10.975255
12.133955
10.760756
11.933993
12.315138
11.913247
11.891221
11.147428
11.676343
11.534429
12.052087
12.081382
10.857315
11.446728
10.977189
11.154753
12.207762
11.625532
11.845033
11.792816
11.828093
10.752578
10.756946
11.284477
11.112456
11.170245
12.127335
11.335518
12.161601
11.024698
12.157345
12.223679
11.030129
11.671571
11.526171
11.861568
11.399114
11.742286
11.650457
10.723175
11.511152
11.248466
10.938173
12.214622
11.648453
12.198872
12.193554
11.219242
11.105044
11.325335
11.606903
12.322884
12.195153
11.766752
11.215227
12.122819
12.112609
11.708185
11.583796
12.323668
12.406780
11.491022
12.216187
10.894565
11.955884
11.048289
11.189747
12.335658
11.176549
11.414957
11.133777
11.160332
11.599620
10.948009
11.348501
11.221351
11.210927
11.583672
11.842344
11.566226
11.801852
12.039760
11.814559
11.416170
11.989202
11.437555
11.418954
11.961842
12.105267
10.856977
11.968314
10.874334
11.505624
11.300451
12.255507
12.059428
12.060231
11.622729
10.972415
12.405108
11.428358
12.061122
11.652062
10.764848
11.394761
12.229239
11.865660
11.740157
12.184147
11.111595
12.259773
10.840974
12.044090
11.894059
11.214781
11.243257
11.017483
12.216065
12.213324
12.446938
12.421736
11.424977
11.528940
11.514973
11.697708
11.405382
12.378838
11.120054
12.358357
11.530346
11.407876
11.186500
10.649840
11.560324
11.857341
10.689062
11.809884
10.875151
11.642777
10.814050
10.658646
12.381102
11.142540
11.448431
11.421759
10.773248
11.342024
10.659573
11.751333
11.821228
11.561798
10.880093
11.953030
11.700568
10.903812
11.739983
11.893234
12.196049
12.327237
11.699544
12.223459
10.828929
11.441105
10.975192
10.943331
11.590081
11.985443
11.910362
12.373272
11.703524
11.449916
11.393688
12.204936
11.824117
10.695903
11.672041
11.969285
11.835405
10.811457
10.810247
11.632217
11.370671
10.765381
12.106993
11.154474
12.479375
10.884405
12.218191
11.956553
11.498519
12.166884
11.167668
10.655752
11.800385
11.245417
10.780684
11.705705
10.995578
12.067495
10.771021
11.279800
10.763607
11.154980
11.723507
12.410501
11.234285
11.919418
11.938186
11.816193
12.314414
12.076420
10.962610
10.969336
12.056431
10.787931
11.085516
11.915988
10.749677
11.197792
12.567813
11.001175
11.454192
11.314896
11.455881
11.236980
12.148453
11.351194
11.648462
12.011399
10.813940
11.949833
12.278454
12.309868
11.322947
11.190496
10.528899
11.885224
11.135650
11.622341
12.350659
11.722373
11.375755
11.070258
12.348664
12.328997
11.746514
11.970565
11.719877
11.044502
10.984850
10.615308
12.095648
11.134737
12.204263
12.324931
11.708532
11.717561
11.821494
11.903009
12.042681
11.571409
11.380576
11.320462
11.375469
11.368683
10.897964
10.757304
10.699569
11.594952
10.632246
11.429136
11.865998
11.810712
10.970524
11.827839
12.210916
12.175307
10.711052
12.118741
11.625652
11.805040
10.893163
12.394532
12.279064
11.765387
11.548975
10.617278
12.189594
12.281878
12.192525
11.823404
12.240067
11.068682
11.054571
10.949349
12.404783
12.065446
10.926000
11.664497
11.101084
11.534173
10.847662
12.373148
11.246515
12.478173
10.893391
12.393814
12.043790
11.037061
11.070110
12.472621
11.396942
10.724773
12.071873
11.022291
11.801312
12.291630
12.303554
11.380654
10.598734
11.775841
11.902908
12.141713
11.997540
11.358352
12.322190
12.058473
12.227155
10.750896
10.845036
11.583281
11.329607
12.221865
11.949244
11.913551
11.819652
11.894530
11.610478
10.849285
11.085632
11.734916
11.606252
11.135394
11.010142
10.903093
11.905971
12.280265
12.259535
10.992673
11.326216
11.966504
11.489000
12.328877
10.760403
12.286188
11.631991
12.283219
10.923680
11.492988
10.693121
11.043277
11.777768
11.319759
11.263990
11.200172
11.858866
12.448041
11.260330
11.785361
11.311798
11.708028
12.309972
11.645188
11.786717
12.313056
11.929397
11.236051
11.715775
11.107908
12.310938
10.745340
11.096882
12.109992
11.848390
12.410723
10.822746
11.940446
11.587697
11.252294
11.970644
10.901098
11.935505
11.965373
11.783490
11.297664
12.355293
11.894691
11.508768
10.708455
10.652142
11.247100
11.362945
12.127619
12.304991
10.991380
11.878469
11.732671
10.951987
10.921192
11.738137
11.773423
11.636219
11.639159
10.679293
11.775074
12.175710
11.810834
10.811428
11.094717
11.003330
11.859940
11.632763
12.216292
11.095463
11.550176
11.738395
10.848416
11.923310
10.979648
11.168125
10.909249
12.263704
12.398921
12.398448
11.601871
10.756517
11.957782
11.767099
11.326936
12.335871
11.000984
11.813407
11.552051
12.303628
12.387430
11.914247
10.921175
11.704351
10.794717
11.689384
11.153221
11.239248
11.861903
10.513233
12.063878
12.352885
11.663683
11.624401
11.750761
10.845478
12.143675
10.956460
12.446465
12.450084
11.392505
11.610534
11.539565
12.368824
12.167093
11.128878
11.128667
11.990556
12.360137
11.925428
11.208169
11.365472
12.363324
11.739576
10.665088
11.549974
10.895294
10.680269
11.626763
12.434068
10.709952
10.754499
10.781413
11.998376
10.705145
10.740322
12.291935
11.348368
12.421050
11.398519
12.475466
12.239256
11.956172
11.444685
10.950127
11.258864
10.978696
11.063603
11.241153
10.974540
11.573226
11.743549
11.396572
11.535113
11.249563
11.696458
11.453720
11.784734
11.875823
11.037016
12.090300
12.114826
11.555772
11.171461
10.718290
10.786332
12.258037
12.284702
10.907069
12.082432
12.021384
12.434373
11.660479
11.384464
10.674819
11.322333
11.895293
11.497128
11.187983
12.358843
11.112901
11.497135
11.773667
11.158580
12.273328
12.291536
12.016185
11.932115
11.680273
11.914376
10.716558
11.444206
11.605667
12.394891
11.876820
11.591040
11.912297
11.585207
12.474579
11.884016
12.020491
10.611296
11.677603
11.747359
11.427047
11.825743
11.628798
11.700835
12.120081
11.134528
10.831398
12.165001
10.864002
11.813344
11.387344
11.923102
11.843626
12.268609
11.028953
10.673967
12.471604
11.059345
12.358751
12.354752
11.607459
11.859738
11.876871
11.766818
11.854164
11.195707
11.889627
12.310163
12.186480
12.224451
11.153768
12.005323
11.981080
10.848955
12.309089
11.287387
12.213354
12.225846
11.713269
10.886477
12.039661
11.683022
11.464042
11.670723
11.914522
12.043505
11.577077
11.755643
10.842076
11.627991
11.728504
11.968289
11.046756
12.287103
10.941294
12.275210
11.495022
11.426429
11.947276
12.386835
12.006014
11.712733
11.032605
11.889627
11.402437
10.600315
10.770456
11.795189
12.011996
10.853706
11.493218
12.240794
11.299052
11.771006
10.738576
12.209367
11.417795
10.959256
10.641164
11.248112
12.219024
10.793656
11.561661
12.229798
12.338155
11.635645
11.182610
11.546098
11.805949
11.478702
11.672708
11.365182
12.015764
11.574505
11.096098
11.231609
11.885715
11.557111
12.407960
11.115830
11.242105
12.141442
10.437360
11.084287
11.051330
12.047351
11.542795
10.977640
11.357907
11.632606
12.000543
10.906753
10.878132
10.816000
10.674978
11.010717
10.819996
10.981018
10.785740
10.769906
11.022174
10.598196
11.007391
10.901513
10.756574
10.906958
10.742206
10.879296
11.012601
10.697272
10.779706
10.887045
11.257304
10.798562
10.808437
10.711266
10.995168
10.802984
10.937942
10.677898
10.806615
10.663671
11.263314
10.949514
10.856544
11.079907
10.840142
11.030282
10.671322
10.623969
10.999944
10.878720
11.081687
10.941712
10.757921
10.731279
10.927590
10.863529
10.878145
11.172765
10.820518
11.468533
10.812540
11.099290
11.032245
11.031027
10.924852
10.698435
10.958440
10.701110
11.429520
10.724360
11.191370
11.035093
10.873600
10.741953
10.779486
10.758174
11.022258
11.028575
10.820225
10.975269
10.722452
10.781263
10.660123
11.000131
10.847524
10.775220
10.894779
10.768024
10.710824
10.988053
10.676353
11.158892
10.877322
10.911722
10.773549
10.861743
11.172631
11.452437
10.635479
11.073052
10.852641
10.592349
10.640728
11.078668
10.912976
10.722229
10.637204
10.857803
10.731638
10.756559
10.640886
10.737803
10.773831
10.996756
10.659530
10.956780
10.555016
10.684497
10.773534
10.588009
10.702574
11.068828
10.919061
10.856662
10.573026
11.433274
10.806688
10.853530
10.496616
10.748393
11.580151
11.216098
10.653136
11.197839
10.764118
10.821215
10.703852
11.360538
10.909444
10.678945
10.952546
10.635259
10.743619
10.980131
10.826793
10.928412
10.686330
10.605153
10.561634
10.725953
10.792131
10.782707
11.196358
10.789522
10.730860
10.763112
10.720441
10.944780
10.698859
10.836399
10.761063
10.831078
10.841154
10.522877
11.069554
10.810406
10.999044
10.910185
10.847499
10.871229
10.915113
10.847018
10.958394
10.831421
10.715999
10.669193
11.093321
11.001381
10.958891
10.620629
10.902238
10.841828
10.682725
10.520350
10.899372
11.243360
10.680577
10.911137
11.105283
10.620094
11.028644
10.682092
10.691646
11.249477
10.899471
10.908032
11.092681
10.644499
10.479898
10.925255
10.836107
10.926615
10.475161
10.818695
12.153281
12.009787
12.033815
11.064873
12.078170
11.088918
12.442175
11.587595
12.365220
10.955233
11.184866
12.443045
11.696423
12.303278
12.000666
12.307816
11.795239
11.820709
10.722451
11.227745
10.813587
11.343579
11.307093
12.423429
12.476412
11.282163
11.589904
11.245542
10.557115
11.008719
12.494249
11.350440
12.346521
11.691004
10.888674
11.547463
10.968595
11.019770
10.975697
12.041654
11.427275
11.089839
11.159669
11.013849
10.730764
11.500987
11.795904
11.742887
12.403720
11.403173
10.759047
12.229491
12.107871
11.023002
12.110680
12.259240
12.016584
11.126003
10.815021
11.841431
12.408622
12.209392
11.454158
12.122561
12.063535
11.951532
11.778431
11.956326
11.905762
12.470078
12.352057
11.936205
11.902844
11.826836
11.529770
11.901068
11.701675
10.796137
11.040146
11.904972
11.640599
11.371583
11.280432
10.703554
11.580459
12.037066
11.277090
12.059824
12.445780
10.834154
10.923453
10.632000
12.159833
11.929547
11.029626
12.518474
11.842035
11.807877
10.956034
12.153145
11.807829
12.024957
10.921301
11.696872
11.906357
12.375068
12.281649
11.667197
11.945582
10.665664
10.718746
10.932003
12.075971
12.327085
10.783704
12.078505
12.222436
11.880924
12.270943
11.392107
12.322266
12.371425
12.383207
12.088553
11.928559
11.816628
12.192312
10.976329
11.866809
12.159470
11.117218
11.549688
12.197349
11.911714
11.049899
12.200300
10.748462
11.656971
11.908055
10.738381
12.150530
11.514281
11.553379
11.643644
12.440137
11.860620
11.987737
10.658777
11.768439
12.225658
11.802078
12.282891
12.260935
12.022339
11.526343
12.195747
10.845796
11.211223
10.820963
11.859308
12.189288
10.843054
11.069267
11.232086
11.795739
12.342319
11.812144
10.830045
12.132865
11.360376
11.993248
10.757146
12.323141
11.378628
11.762991
11.566141
12.232609
11.695665
10.736665
10.832897
11.545400
10.832147
12.367261
11.908268
11.913452
12.069410
10.646703
11.959149
12.413548
11.352044
10.807522
11.217479
11.216547
12.402499
11.491443
11.574478
11.442895
10.562959
11.571432
11.106572
12.324383
11.647872
12.296805
11.477637
11.287767
12.411759
11.235325
11.242911
11.807469
11.949234
12.457877
11.287203
11.885331
11.335220
12.080637
11.136490
11.811704
12.240039
11.977168
12.265963
11.090970
11.400206
10.661487
10.982447
11.944902
11.407111
10.995100
11.683103
12.387443
11.864155
10.483524
11.959139
12.417882
12.246716
11.391034
11.786283
12.271314
11.789083
12.147026
10.536344
12.172302
11.243295
11.321054
11.712038
11.914398
10.625320
11.619053
12.369823
11.913799
11.902115
12.268360
11.587761
11.116408
11.726977
10.956934
12.300928
11.095076
12.327817
11.177924
11.995463
12.021024
12.286229
12.238911
11.899092
12.426623
10.936856
11.680051
11.258102
11.516929
12.330714
10.920837
11.385459
11.903229
11.815293
11.488841
12.296809
10.634053
11.706190
11.818293
11.417775
11.535256
11.205408
11.297741
11.468026
10.833145
11.956400
10.835629
11.283650
11.979201
12.497195
12.383240
12.018370
11.364931
10.740192
11.369836
12.027912
10.766538
11.857443
11.247245
12.073458
11.698967
12.321593
10.838737
12.099516
12.118610
11.365519
12.277607
10.944038
11.458405
12.025795
10.880350
11.697988
10.931759
11.027075
11.573007
11.816241
12.242721
11.311099
12.130375
11.087154
11.999106
12.196063
12.131068
12.387012
11.063539
12.035158
10.777551
11.773905
12.177714
11.103028
11.112861
11.222647
11.376874
12.082870
11.263292
10.765914
11.351594
11.736397
11.904047
11.464362
12.274850
11.157311
11.098321
11.030210
12.364169
11.543818
11.834885
11.626633
11.908484
10.693323
11.690345
11.626853
11.992806
11.681659
12.263496
12.417834
11.186954
12.326540
11.044917
12.286085
12.278557
12.258878
11.644773
11.405769
11.247164
11.947937
12.070403
12.381206
12.262714
11.169131
11.550850
11.458499
11.615079
11.678733
12.252573
11.957259
12.038030
10.971898
11.547099
12.233329
12.125903
12.254992
10.997141
12.318258
11.295916
11.358304
10.834132
11.258864
12.130585
11.181153
11.486019
11.807795
11.519208
11.861873
11.112662
10.679811
12.139590
10.802231
11.961449
12.197356
12.403172
11.657349
10.990138
11.622375
11.976762
10.928798
10.630728
10.904154
12.096892
11.811943
12.168318
10.839302
12.091101
11.426119
12.360398
12.407504
11.962959
12.133854
11.514370
11.752654
10.732487
10.715575
12.240940
11.415399
10.869829
11.430894
12.278859
11.635476
11.525587
12.106350
12.427983
12.350923
11.854894
11.352378
11.528312
11.103334
11.337621
10.938937
11.203017
11.164193
12.244231
10.711538
11.747170
10.932779
11.237176
12.062356
11.892957
11.643067
11.616228
12.275995
11.712712
10.765565
11.405242
11.619051
11.933766
12.095497
11.400543
11.206979
11.554549
11.640659
12.321593
11.407501
11.910791
11.825464
12.190714
11.317163
11.006743
12.394824
10.751647
11.635427
11.287409
11.951480
11.225324
10.591518
11.966004
12.407787
11.746174
11.518461
11.429863
12.132843
11.356036
12.300524
11.161235
11.481500
12.384725
11.957874
11.718575
11.647989
12.197369
10.720626
11.787253
11.611887
11.516011
11.274047
11.232347
11.888772
11.437104
11.942965
10.852202
11.246669
11.032055
12.224367
11.840406
12.383849
12.348946
11.121234
12.094195
11.446015
11.265468
11.281858
11.286203
11.878510
11.373091
11.251430
11.123456
11.871809
11.539395
12.252317
11.752759
10.717929
11.200606
11.764346
12.188081
11.765984
11.368852
12.201108
11.621549
11.151258
11.576098
12.337443
12.413333
11.695216
11.172354
12.183906
11.028521
11.202583
11.996683
12.035560
10.828499
11.377585
10.963619
11.657951
11.962744
10.801072
12.009855
11.329358
11.550505
12.441423
12.315245
12.140267
11.256623
11.609206
12.024943
10.748762
11.933745
11.234832
12.072399
11.519067
11.191058
10.812505
12.159700
11.006704
12.119614
11.669822
10.716458
11.310335
11.705042
11.143648
11.136045
11.419594
12.049008
11.160544
11.695488
12.331216
10.955203
11.148791
12.061941
11.149485
12.196981
11.561881
11.419383
11.503564
11.127423
12.276388
10.843087
12.076113
10.817558
11.569974
11.084070
11.969407
11.484309
12.193022
11.643944
10.852030
12.273365
11.873140
12.357798
12.138766
10.995807
11.680729
11.801487
11.569503
12.183297
11.043930
12.204237
11.105704
11.899233
10.835569
11.295256
11.695007
11.836532
12.359708
11.949676
10.825259
11.700610
11.234894
10.983127
11.928156
11.254155
12.164363
11.017450
12.078811
12.361923
11.624428
12.397805
11.746326
11.063176
10.830314
12.202329
11.477278
12.022398
11.893851
12.356305
11.492625
11.668875
10.720836
11.189758
11.863669
10.948947
11.175750
11.712714
12.014341
11.917836
12.151710
11.715209
10.766806
10.972780
10.919278
11.144435
11.676440
11.797736
12.024823
10.912671
12.149888
11.460712
10.696915
11.511611
11.522486
12.449120
11.641930
10.934743
12.259906
11.955234
11.409835
12.182974
11.391458
11.420580
11.145787
11.726558
11.796479
11.877364
12.074072
12.215414
11.281737
12.081748
10.690355
10.928242
11.414499
12.209015
12.142939
12.354484
10.757109
12.283393
11.878053
12.460465
11.157680
12.442242
10.580678
11.537053
11.121682
12.425394
11.106096
11.108768
12.155306
12.247915
12.019359
11.581917
12.136645
11.544938
11.989323
12.216258
11.252967
11.647590
11.788919
11.380513
12.351897
10.698997
11.774681
11.739939
11.332781
11.314585
12.312525
11.836616
11.966415
11.730414
11.794037
11.272560
11.285706
11.841017
12.371885
11.282035
12.346480
11.857739
12.340500
11.222690
11.210331
11.963420
11.899061
11.542060
11.756225
10.922545
11.663307
11.475133
11.156295
11.661294
11.384015
11.280803
10.894149
11.456928
11.732572
12.046013
10.787548
11.675790
11.481308
10.793466
12.014693
12.091908
11.198069
12.299151
11.964522
10.887383
10.853898
11.900578
12.206628
12.299556
11.824221
11.911856
11.966944
10.866286
12.148437
12.187691
11.801623
11.178186
10.620032
11.279138
10.772632
11.085874
12.204715
12.025772
12.413874
11.603325
12.217809
11.762722
11.336498
11.249734
11.878103
12.000781
12.268455
11.032537
11.058470
11.528408
11.921996
11.108777
10.933808
11.027248
11.216069
12.460714
11.051678
12.132304
11.238443
11.074070
12.386704
10.972657
11.727339
10.575920
11.450298
11.226574
11.304857
11.026278
12.320623
10.910513
12.161447
12.340029
11.758058
12.247960
11.387972
10.820084
11.428548
11.727543
10.801740
11.438119
12.004103
10.684527
10.879554
12.327929
12.509390
11.934932
11.880544
12.383780
10.725326
10.884864
11.617488
12.053566
12.278641
11.568105
11.899563
11.341998
11.673263
11.418394
11.190957
11.411027
11.766708
11.340843
12.007923
11.706797
11.662250
11.671226
11.602996
11.137783
12.234549
11.779964
12.273365
11.122505
11.402158
12.292607
11.386096
11.157909
12.220492
11.283099
11.654895
12.139906
11.809392
12.309404
11.975550
11.322370
11.006720
11.009436
10.900521
12.079747
11.617357
11.670665
11.372702
12.180003
12.344285
11.420531
11.005032
11.379032
11.632653
12.136252
11.224348
12.176477
11.983308
11.931910
12.045604
11.778336
11.881622
11.259878
11.135277
11.280041
11.362718
12.093498
11.215301
11.945876
10.929767
10.793734
10.770071
11.818890
10.674594
11.148291
11.045559
11.626621
11.735229
12.320368
11.144408
11.288746
10.677347
12.212885
12.083546
10.665376
11.410363
11.695324
12.082162
11.170563
11.248137
12.358457
12.165476
11.949135
12.053006
11.598267
11.891580
11.646991
12.290882
12.313304
11.549941
10.703178
10.959712
10.883984
11.658309
11.539700
11.926394
11.694034
11.874201
12.317436
10.762022
11.159419
11.040413
11.225173
10.845176
12.131572
12.376134
11.980301
12.465033
10.849123
12.105149
11.889007
12.370647
12.478504
11.684375
11.879481
11.265697
10.896893
12.203849
11.590393
10.741125
11.649491
12.426361
11.796134
10.802496
11.866162
11.388546
11.565986
11.650662
11.256242
12.259727
10.630107
12.043581
11.067647
11.146013
11.698661
12.153811
11.081933
11.594643
11.090280
11.757766
11.564423
11.549602
11.750057
12.228703
11.646114
12.100637
12.213648
11.220874
10.891544
11.398297
12.315901
11.779646
10.753550
12.046230
11.531560
11.876296
12.350186
12.180032
10.815891
11.938657
12.008248
11.398316
11.853034
11.441110
11.478904
11.782708
11.621880
11.521448
11.593082
11.915170
12.117232
12.168341
11.562304
12.297306
12.164349
10.847956
11.449877
12.133879
11.321992
11.762261
11.103209
10.998286
10.724748
11.077707
12.123213
11.917971
10.896131
12.307410
12.173068
12.133715
11.544517
11.049212
11.164261
11.350203
12.336317
10.949038
11.964388
10.942787
11.304765
11.618235
10.769324
11.666106
12.283843
10.737641
12.327379
11.412878
10.855480
11.621011
11.724201
12.021101
11.733109
11.577785
11.778414
11.350465
10.745271
11.515138
11.118164
12.214494
11.812610
11.016652
12.143806
11.036209
11.877241
10.659184
11.822180
12.036264
11.258050
11.334450
11.158376
11.703768
12.193362
11.867523
11.823857
11.201717
11.969443
10.969566
11.158880
11.815721
12.124115
12.266077
11.569679
12.471219
11.590597
12.124880
12.127192
11.978427
12.217874
11.300895
12.149483
10.962784
11.946799
10.583118
11.612279
12.255539
12.282911
10.771688
11.094909
12.190067
12.058005
10.718292
11.512052
11.061682
12.484480
10.954221
11.599494
11.400380
11.236809
11.482370
12.178367
12.494826
12.324219
12.118177
11.634898
11.536640
12.003231
11.006911
12.429858
12.005094
11.521280
11.973389
11.698767
10.420783
11.990389
11.593260
12.387959
11.447643
12.263173
11.254580
11.840650
11.390486
12.307501
11.853782
12.010532
12.367844
12.210616
10.738874
11.930622
11.065463
11.776497
11.932681
12.041020
12.256799
11.980914
10.812279
11.401993
12.382321
11.541929
11.151137
10.862658
12.104466
12.346992
10.993657
11.622154
12.254676
11.342966
12.380957
11.194470
11.484886
11.495254
10.613174
12.088358
12.316230
11.306135
11.770510
12.004208
11.470069
10.908615
12.360382
10.709075
11.980312
11.545258
11.417559
12.225204
11.152113
11.730775
12.009794
11.507751
11.899642
12.049340
10.567743
12.430907
10.854802
11.286824
12.256472
12.123917
12.156496
10.964275
11.061341
11.300804
12.319974
11.994717
12.148257
11.396433
12.145156
11.016714
10.566271
10.665451
11.412103
12.316378
12.374061
11.608955
11.856765
11.757216
12.234533
11.409063
11.055249
11.165519
11.719592
11.589440
11.050893
11.262356
11.790033
12.378120
11.411626
12.378764
11.342315
11.781769
11.833565
11.479189
11.018191
12.403899
10.708546
10.861998
11.925844
10.968596
11.665887
11.507744
12.328860
11.793989
11.675811
12.236746
11.421020
11.460664
12.131974
10.871129
12.347647
11.922898
11.998025
11.847693
11.661711
10.664340
11.751045
10.913227
11.498158
10.712810
11.761886
11.050835
11.234181
11.838109
11.925932
11.426953
11.588942
11.411696
10.804185
11.060259
11.802698
11.475790
12.240513
12.021836
11.522324
11.340718
11.277754
12.013432
12.344419
11.047308
12.013553
10.799588
11.280065
12.050946
11.031489
12.313378
11.398311
11.481399
10.652673
12.201066
10.918899
12.128970
11.613689
12.315520
10.926187
12.219229
12.542934
11.007697
10.770901
10.673077
11.403392
11.553386
10.961915
12.117274
11.593215
11.043094
12.392711
11.431080
10.955942
12.325347
12.281524
10.929617
11.152702
11.958491
11.494928
12.245564
10.983675
11.742969
12.423282
10.707201
12.438199
12.077551
12.327976
11.208774
12.236121
11.992109
11.366824
11.705546
11.020030
10.970164
10.804331
11.315460
12.349790
10.937446
10.769628
11.621279
11.778492
12.456013
11.715150
11.180979
10.768646
10.592207
10.957017
11.020531
11.059650
11.470710
12.223446
10.617628
11.335252
11.904936
11.222328
11.712245
10.751144
11.847375
12.291141
12.465207
11.653897
12.413049
10.875288
11.690464
11.642626
11.362770
11.594504
11.816338
12.430307
10.587151
11.147567
11.337204
11.576291
12.302520
11.785407
12.261019
11.500954
11.851981
11.710748
12.295675
12.297207
11.976125
11.016187
11.328392
11.321113
10.606985
11.956728
11.957597
11.121188
12.066710
12.199265
10.805748
11.785925
11.862527
12.368196
12.431041
11.156680
11.066254
12.108996
12.372121
11.226231
11.831868
11.876911
11.806154
12.110142
11.706361
11.405161
11.536047
11.030624
12.005086
11.396458
12.078191
12.005870
11.515153
11.238090
11.681009
12.072677
12.106949
11.945617
12.165655
10.659123
12.162194
11.825545
10.645151
11.649292
11.450252
12.160832
11.672213
11.050031
11.280033
11.924493
11.567215
12.188488
11.596843
11.870884
11.102072
12.112084
12.385236
11.782277
10.629528
11.190164
12.118770
11.367879
10.664583
11.584307
12.259412
10.711918
12.255236
11.021911
11.385390
11.959071
10.881966
11.335497
10.656739
12.314722
11.934603
10.932040
11.954504
11.822920
11.657063
11.991937
10.775579
11.339525
11.435502
11.827419
11.021011
11.051586
11.386422
11.886044
11.763268
12.426542
10.905644
11.968428
11.239018
12.318248
11.925953
11.563260
11.579168
11.512254
11.467872
12.413147
10.979409
11.501966
11.711496
11.568964
10.776961
12.290171
10.842284
11.925561
10.881753
10.630420
10.778527
11.318531
11.513044
11.449842
11.337833
11.297529
11.125259
11.600617
12.202234
11.798970
11.407314
11.322419
12.272577
12.348402
11.010958
10.997740
12.009784
10.781414
12.181128
11.412313
10.937786
11.594283
12.233069
12.077594
11.523731
11.467043
11.782186
11.397365
10.710644
12.249080
11.107498
12.323666
12.051429
11.645075
11.359414
12.405748
11.411638
10.693020
12.403810
12.140569
12.324027
11.918303
10.877297
11.964916
12.136831
11.204271
11.779516
12.488537
11.192219
11.113472
10.950810
12.190552
10.876542
10.858860
12.494029
11.723435
10.845022
12.111569
11.356776
11.404001
11.758006
12.242424
12.251992
11.687358
12.162759
12.338643
11.145233
11.782545
11.705401
11.888491
11.607773
11.176064
11.058914
10.878334
11.932013
11.984424
11.739018
11.607778
10.936385
11.677368
12.395112
12.294127
11.516101
11.760825
10.750096
11.532243
12.419599
10.835829
11.920609
11.651964
11.812818
10.783453
10.997799
11.417404
10.806279
10.852542
11.295821
10.879409
11.797600
11.924945
10.905853
12.212981
12.458803
11.642845
10.944761
12.377895
11.285344
11.065247
12.269269
11.489856
12.234104
10.967366
10.855767
10.923929
12.096255
12.400865
12.039180
11.367259
12.418960
12.380636
12.063373
10.850410
12.290746
11.073410
11.933824
11.938452
12.122178
11.797788
11.836253
11.761371
11.886937
11.366429
11.230072
11.935491
12.236055
11.628286
10.783454
11.771032
11.194061
10.890057
12.079463
11.017621
11.335175
12.062817
11.086866
10.670259
11.776697
12.337812
11.136648
11.473115
11.358878
11.372991
12.351602
11.479420
10.886262
11.254395
11.881697
11.234503
11.473701
11.309025
10.796758
11.975723
12.182427
11.262637
10.767747
12.292642
10.715538
11.881678
11.011239
11.968444
12.187645
10.842329
11.402949
12.559608
11.944090
11.365250
11.381957
11.444425
11.640116
11.311606
11.404923
12.146512
11.732244
12.371418
12.396633
11.869844
10.776931
11.867877
11.953931
11.901185
11.254202
10.938495
12.153057
12.431877
12.317517
11.495611
12.172258
12.388693
11.063549
11.950163
11.635597
10.550181
11.839861
11.716932
11.259053
12.303577
12.325056
11.528957
11.380946
10.813277
12.497560
12.251719
11.611654
12.419211
11.362056
10.902983
12.305861
10.986406
12.233746
10.648529
11.888435
12.514821
10.711766
11.825266
12.438977
11.209814
11.169631
11.105256
11.997905
11.183862
11.062305
11.867351
10.620405
11.361017
11.021872
11.644978
10.828017
11.855280
11.461857
12.170434
10.628962
10.686281
11.318901
10.773610
11.770397
11.116828
12.043242
11.613544
11.090871
11.187608
11.906686
11.345753
12.425579
11.825560
10.517336
12.283209
11.535442
11.699767
11.205410
11.074686
10.764209
11.317210
12.071381
11.526597
11.516849
11.858422
12.362468
11.194934
11.321349
11.198702
12.385036
12.221843
12.077680
11.835470
12.203740
11.029034
10.757551
11.635300
10.731330
12.000511
10.675493
10.769969
10.800149
12.061669
11.488685
11.789819
11.193066
12.375398
11.490323
11.551019
12.402224
12.191443
10.699151
11.242516
10.957348
11.064067
11.226337
11.611423
11.416751
12.434485
11.777488
11.192124
12.110696
10.837891
11.253090
11.759399
11.961475
11.517440
10.931248
12.158178
11.940351
12.037837
12.124341
12.497909
11.896161
11.681078
11.008867
11.316056
12.445734
11.774341
11.113411
11.682194
12.304473
10.973358
12.341171
10.781906
11.252344
11.719267
12.079385
12.211897
10.796464
11.798178
10.868893
10.724257
12.072877
11.071507
12.421369
11.663873
11.814900
12.223917
12.383547
12.228776
11.844311
10.795209
12.377568
12.081820
11.330861
11.996414
12.036467
11.093918
12.297933
10.549077
10.767650
11.829408
12.039983
11.391512
12.208289
11.654860
11.539744
11.085793
10.877236
11.010146
11.524932
11.785364
11.067554
12.083344
11.031500
12.292747
11.748939
11.268601
11.446614
10.910376
11.724466
11.074661
12.415430
11.251548
11.053948
11.121843
11.996228
11.045333
12.377304
12.434156
11.870097
11.493125
11.176376
11.944198
11.292347
12.307603
11.318267
12.128345
11.591607
11.799744
11.992377
11.643619
11.494786
11.605204
11.988960
11.097060
10.855368
12.018411
12.027105
12.049021
11.302892
11.264921
11.299002
11.435741
12.189620
11.393590
12.237495
12.343791
10.981219
11.661494
11.961687
12.368038
12.476044
11.512972
11.984528
12.348375
10.832988
12.016051
12.420297
10.891865
11.451270
10.879881
11.966492
11.656169
11.687939
11.984082
11.928519
10.853590
11.311790
11.985919
11.416168
11.033992
11.924976
12.188389
11.316720
11.298761
11.465725
11.185101
11.836975
10.671361
11.478510
11.676018
11.256960
11.746261
12.094445
12.234197
11.681992
11.333988
12.198855
12.237056
12.174869
11.928844
11.453592
10.993456
12.186600
12.316876
11.058643
12.002831
11.002831
11.437700
12.194166
12.341672
11.415520
11.986967
10.858883
11.181802
11.030465
10.696649
11.340270
11.472879
11.714562
11.541313
11.478145
10.888831
12.146604
11.850199
11.504091
11.082995
11.320314
11.666190
12.372839
12.112504
11.325351
11.890504
11.532751
11.927566
12.273229
12.312825
11.646666
11.279976
11.753128
11.003484
10.846642
12.312231
11.792284
11.432138
12.095570
11.958395
11.585826
11.863187
12.441542
12.055380
11.322160
12.043777
12.031706
12.456968
11.259311
11.085375
11.212050
10.805022
10.736540
11.605567
11.980101
12.257683
11.754251
12.000252
10.924787
12.353974
11.997460
10.813546
10.733347
11.686282
12.380323
11.843533
11.833302
11.539657
11.110735
12.044932
11.578322
11.515190
12.326192
12.056017
12.056520
11.539304
12.322051
10.946106
11.633145
11.818974
10.839066
11.513383
11.441021
12.309594
11.047197
12.380456
10.815798
10.698804
12.317675
11.268098
12.319657
12.362325
12.304053
10.893322
11.372779
12.252592
12.247372
11.259311
11.586249
10.810927
10.883321
10.839344
11.913676
11.666204
10.849850
11.711365
10.892494
10.877397
11.364561
10.856861
11.300665
11.365013
11.562072
11.680906
10.691538
10.807461
11.242200
11.602332
11.295022
11.842997
11.208971
12.332143
12.157763
10.963830
11.860215
12.460900
11.269817
11.559955
12.339412
11.225913
12.309411
10.798939
10.824309
12.358311
11.705191
11.038570
11.016630
11.691309
10.775528
11.715888
10.724467
10.968236
11.386076
10.687611
11.031099
11.073553
11.183018
10.846020
10.970160
11.107160
12.306691
11.329816
12.159538
12.187937
12.464973
11.244127
11.508890
12.283153
10.829722
11.202622
11.151679
11.774458
11.623202
11.076944
12.089181
12.434970
11.293550
11.223583
11.343949
11.854993
11.488717
12.088915
12.395415
11.079012
12.056220
11.310428
12.206656
12.357916
11.281946
12.107696
12.040242
11.747953
11.099947
12.012327
11.047009
11.991325
12.148094
12.265716
10.687339
12.054737
11.716357
11.532983
11.294065
12.171065
11.701924
12.252829
11.802842
11.001304
11.448260
10.905887
11.630923
12.166482
11.620500
11.981601
10.772302
12.458586
10.914256
10.837066
11.949195
11.062063
10.853207
11.583713
10.599237
11.910880
11.087641
12.126548
12.226363
11.118261
10.693163
11.684060
11.947542
11.632017
11.065052
10.772429
11.295792
11.984753
11.265716
11.429283
12.443502
12.419815
11.531025
10.952823
11.601205
10.525172
10.931118
11.355626
11.630569
11.293915
12.167836
12.291041
11.852042
11.531663
10.861528
11.037853
12.436378
11.059001
11.950791
12.220502
12.061369
11.732125
11.070797
12.356402
10.982544
10.979651
11.881215
11.765273
12.354962
11.847497
12.407524
12.013912
11.641907
12.336171
11.389909
10.662967
11.598924
11.095151
11.417977
10.749811
11.590880
11.883510
11.029671
10.576219
12.284402
12.335483
11.971553
11.534419
12.054071
11.360872
11.590703
11.887789
10.515397
11.420904
11.397824
11.791861
12.402384
11.676421
11.038579
11.542811
11.293164
12.075616
11.831122
11.758456
11.812326
10.925504
12.273970
11.301045
12.169081
11.090787
11.244984
11.403767
11.798091
10.988821
11.808159
11.163774
10.468691
12.457506
12.394135
11.547771
10.975138
11.684753
10.888298
11.292854
12.302333
12.062889
11.741003
12.026074
12.120130
12.254643
11.885927
12.167969
10.988118
11.269917
11.110857
11.552678
12.349228
11.575730
12.420224
12.122611
12.297342
10.797096
12.232758
11.384385
11.489041
11.827978
12.368705
12.097445
11.329747
10.807203
11.405094
11.243944
11.779666
12.156997
10.765685
12.416684
12.149457
11.302141
12.048443
11.613593
11.936660
11.278879
11.325513
12.078560
11.382156
12.217802
10.837964
11.820326
12.149085
11.212266
11.200909
12.194043
12.247451
11.756865
11.574814
10.823044
11.680730
11.684735
12.133101
11.058559
12.359469
12.103794
11.063936
11.179504
11.343656
11.792266
11.910195
11.240938
12.073302
11.370856
11.067116
11.110764
11.261153
12.116268
11.281627
11.625037
11.685449
12.234156
12.226937
12.406960
11.119060
11.476488
11.265813
11.837828
11.299485
11.407422
11.237658
11.115785
10.984135
11.957457
11.579937
10.964587
11.555403
12.039268
11.429551
11.655998
11.124300
12.060202
11.223037
11.920105
11.459083
11.174686
11.702773
12.134111
12.200164
10.680547
12.127931
10.804710
11.666095
11.162267
10.991640
10.957990
11.775030
12.299167
11.822197
11.174454
11.305736
12.070693
12.198204
10.797069
10.578633
12.350684
11.739044
12.005712
12.007328
12.295406
12.270805
11.202174
11.693210
11.736351
11.688394
11.726710
11.905323
11.360850
12.108246
10.825779
11.336742
12.264420
11.510869
11.400167
11.834850
10.881678
10.894725
10.800535
10.996631
10.864569
11.149936
11.053997
12.269723
11.624894
10.741929
10.641898
12.470532
11.014271
12.226368
11.953188
11.273024
11.623640
12.014424
11.385072
12.392390
10.852188
10.819711
12.135778
12.305362
10.571066
11.833389
10.804383
12.281889
11.632344
11.754089
10.824827
12.356581
10.680321
12.301023
12.032872
11.158899
11.466417
11.293223
11.951301
12.372984
11.369447
11.001380
10.954938
12.231269
11.482887
11.933380
10.851449
11.254385
11.146976
11.163499
12.018231
10.767947
11.839389
10.719360
11.175614
11.444229
12.277907
10.832795
12.286461
11.473897
10.843101
12.389883
12.415350
10.844829
10.866290
12.227752
12.086074
11.922489
11.768255
11.274795
11.897246
11.814969
10.958244
12.152846
12.037899
10.997442
10.627083
11.216934
11.270427
11.118813
11.830224
11.889062
12.402798
10.750126
11.231174
10.717899
11.779519
11.746160
12.478720
10.850277
11.028047
12.307034
11.808019
11.468588
11.755094
11.468635
12.210722
10.683840
11.527552
11.738958
11.755722
12.233121
11.788551
11.907949
12.198946
11.689901
12.437294
12.237532
11.468602
10.849752
11.315103
11.467428
11.134595
11.052232
11.430176
11.681909
11.330049
12.379619
12.300384
11.736755
10.817957
11.622567
12.303085
10.978401
10.725169
11.021952
11.337362
11.789723
11.020937
11.709907
11.655272
11.873564
11.888156
10.821630
10.828255
11.354468
10.811049
11.479929
11.988366
12.005960
12.308021
11.040217
10.760684
12.134910
11.079054
12.030193
11.101433
12.221986
11.851695
12.208875
12.120889
11.246443
11.265441
10.678027
11.459077
11.159952
12.227344
11.714695
11.814732
11.918686
11.678813
12.274004
11.928029
11.942880
12.160700
11.773806
12.114806
12.084407
11.064579
11.720819
12.385354
11.774326
12.008932
11.227322
11.043128
11.611564
12.277491
12.524259
11.714729
10.849336
11.135771
11.861245
11.276517
12.181412
12.204428
10.772493
10.722244
12.334289
11.645980
11.485815
11.497835
11.845506
12.017814
11.319906
12.414098
11.705469
12.221684
11.835748
12.113833
10.738657
11.751165
11.046340
11.138550
10.730167
11.420574
11.429078
11.887788
11.913482
11.657988
12.184311
11.521259
12.067521
10.624858
11.558580
11.078148
12.179179
11.384861
10.858956
12.472241
12.059834
11.580856
12.315981
10.991786
12.000946
12.373827
10.641777
11.575979
12.326659
10.727881
12.438235
12.435248
11.022629
11.652653
10.978922
11.512275
11.298264
12.331285
12.402102
11.262350
11.337123
11.221345
11.313660
12.130720
11.049303
12.259848
11.831786
11.737020
11.227481
11.509165
11.640104
10.675805
11.764878
10.948183
11.135388
12.369394
12.129175
10.877719
11.887910
11.646006
11.638305
10.905456
11.725038
10.926116
12.335639
12.456829
11.089555
11.197864
12.145158
11.937921
12.310375
12.314497
11.841078
12.143652
11.778182
11.288278
12.117490
12.446623
11.093365
11.373911
11.855033
10.905754
10.586097
11.896596
10.881564
11.501355
12.282131
11.852883
12.228967
12.156896
11.929152
11.171678
11.852951
12.119977
12.302427
11.077784
11.435501
11.201021
11.949364
11.380905
11.098229
12.413279
11.123622
11.643038
11.284704
11.615158
11.266434
11.671209
11.893068
12.171761
10.900572
12.080868
10.817371
11.547270
12.202723
11.265666
12.125202
12.355705
11.851470
11.997962
12.306328
12.333780
12.408130
11.925618
11.050059
12.300793
11.057649
11.899828
12.200186
11.203121
10.969111
11.099660
12.144212
12.328517
11.431322
10.789426
10.682944
11.774232
10.986082
12.269971
11.164005
11.979194
12.258897
10.938255
10.552420
10.552420
