11.973657
11.642492
11.242145
10.832363
12.464776
11.120721
10.955261
12.459930
11.754496
11.755441
12.141207
11.544018
11.187460
11.431322
12.105712
12.355041
11.023140
11.908355
11.919124
11.244273
11.898463
11.322658
11.841135
11.890765
11.406804
11.926052
11.918763
10.777529
10.734583
10.687306
11.242856
11.233914
10.999209
12.169986
11.144692
11.710903
11.865902
11.486491
12.147022
11.059757
12.174862
11.361493
12.371449
12.361925
10.529470
11.822448
11.626051
11.593493
11.015992
10.690481
11.436853
11.883792
12.244906
12.360823
12.122349
11.941626
11.465048
10.804143
11.756290
11.580728
10.952697
10.902097
12.380444
12.467993
11.830140
11.189411
12.069963
11.855868
11.523356
11.311948
10.920595
12.061164
12.144619
10.863042
12.054833
12.374181
11.504741
11.110787
11.072802
12.172222
12.399795
11.449921
10.836814
11.940909
11.534481
11.676287
11.161259
11.424983
10.784630
10.913328
11.836393
12.262275
12.320609
11.477717
10.666905
12.120702
11.594711
11.941169
11.894931
11.081998
12.031194
11.225658
10.874950
12.057560
11.754318
11.379930
11.353373
11.238277
10.945724
12.548652
12.354082
11.929326
11.648183
11.263803
11.407152
11.013244
10.985173
11.723250
12.413829
12.084300
11.954815
11.916358
12.093706
11.863893
12.236774
11.908389
10.896343
11.531996
11.232856
10.771086
12.120586
10.862642
11.903611
10.792020
11.020999
11.588775
11.396326
11.493597
10.774696
11.868870
11.637132
12.178645
12.318635
12.188644
12.321889
10.867548
11.953273
11.861296
10.908650
12.358446
12.078283
10.780189
11.836054
11.109962
11.066163
11.338045
11.530928
11.373247
12.442108
10.624495
11.442166
10.936373
11.311672
12.246194
12.194853
10.741172
11.961474
11.580811
11.048000
12.363161
11.884799
12.247306
10.995302
11.794885
12.172746
12.499050
12.141087
12.033380
11.924190
11.083706
10.804017
11.501789
11.966709
12.251483
11.540350
11.008793
12.145493
12.276982
11.920287
11.286571
11.687806
11.089804
11.332736
12.346340
12.314595
12.096068
11.809199
11.567280
10.997676
11.438206
12.192097
11.536804
11.494045
10.966243
11.308800
12.098173
10.908118
11.128452
12.094740
11.285308
12.157910
11.230545
12.272577
12.251005
10.895377
11.088979
11.400400
11.669728
10.737622
11.375140
11.400781
10.689274
11.042060
12.324399
11.461254
11.120450
11.311861
11.434468
10.658259
11.098792
11.670721
12.168655
10.832399
10.743562
11.043455
11.598858
11.105307
12.396348
12.017194
10.696543
11.622338
10.809728
11.267818
10.720603
11.525922
12.081847
12.146750
12.423162
12.255052
11.668177
12.104245
10.818919
12.376261
12.295812
11.620402
11.185436
10.928393
11.549814
12.247277
11.749937
12.142361
11.547349
12.005453
11.261791
11.212451
10.534284
11.070703
12.357674
12.216463
11.283305
11.387486
11.100677
11.286013
11.380687
12.323193
11.358540
11.510543
12.063323
12.226433
12.158660
12.252170
11.782925
10.826669
11.047814
11.752897
11.821336
12.332480
11.643682
12.279785
11.624299
11.286812
11.940048
11.872062
11.133662
10.808208
11.014590
10.792079
11.861304
12.487883
11.044489
11.287019
11.521134
11.752711
11.863026
11.490169
10.562218
11.839066
11.300424
10.768171
10.617540
12.214782
11.084084
10.643048
12.174866
11.842298
12.200169
11.274838
12.190134
12.012063
11.345785
12.422899
12.155226
11.593121
12.148639
12.412498
11.719197
12.277504
11.720109
11.923717
11.096292
12.295669
11.949321
11.191429
10.853669
12.281297
10.829438
11.385847
11.494072
11.328571
11.937689
12.230177
11.688817
12.060583
10.857820
11.346075
11.512647
12.022110
11.319429
12.316278
12.293318
12.025501
12.484367
11.871754
10.576710
12.230295
11.687029
11.867127
11.311834
10.753690
12.180495
10.756302
11.691128
11.394227
11.111940
11.685727
11.378302
11.143534
12.298195
12.162709
11.846948
11.453205
11.739279
12.398067
12.181418
11.939303
11.036931
10.785409
11.471885
12.277583
11.190508
11.017090
11.890310
12.402625
11.982168
10.936814
11.716960
11.124332
11.565862
11.354207
11.995125
10.953195
11.093031
10.884119
12.357080
11.516646
10.704417
11.998521
12.324741
12.298903
11.923148
12.205006
11.999526
12.181972
12.041253
11.863771
11.318926
12.030641
10.928740
10.811137
12.147898
11.928183
11.974753
11.157676
10.759893
12.243120
10.624178
11.357041
11.673980
12.170057
12.471071
12.078958
12.147769
10.626464
11.781640
11.712393
11.181375
11.706129
11.067825
10.978108
11.371866
10.695288
10.875780
12.231848
10.995449
11.575134
10.795436
11.232415
12.334672
11.509075
10.895447
11.843642
12.364293
11.845248
12.301751
10.886471
11.885189
11.116400
11.425625
11.037826
12.302641
12.055146
12.133259
12.164607
12.104748
12.090805
11.168121
11.180611
10.946795
12.111439
10.783936
11.582214
10.956412
10.586332
12.082052
10.808109
10.695080
11.597765
11.925379
11.597690
11.866005
11.728199
12.049884
11.157435
11.068854
11.933731
11.404773
12.203997
11.256492
11.506121
10.691201
11.446722
10.579311
12.399795
12.122729
11.488322
11.623410
12.256381
12.173824
11.194920
11.748864
12.526181
11.896557
11.709695
12.380179
12.114800
12.016843
11.478407
12.073717
11.289360
11.807015
10.629409
11.876978
11.451751
11.215871
12.033486
12.049327
11.198793
12.301879
10.968501
11.464642
11.153633
11.206572
12.356527
11.089416
12.202099
11.667914
11.448947
11.954958
10.956800
11.203871
12.291073
11.037936
11.261432
12.367130
11.840252
11.573737
11.121235
11.226389
12.088308
10.426998
12.136011
12.273305
12.193415
11.382603
12.067309
11.809344
10.948967
11.486331
11.334204
11.359705
11.607149
11.373377
12.013813
11.952054
12.376381
11.455032
12.341601
11.073579
10.691280
12.296782
12.324606
12.212253
11.210709
12.354008
11.635812
11.733312
10.716532
12.143579
11.730961
11.451448
11.832403
11.445032
12.080111
11.328252
11.683859
11.575578
11.877537
11.307027
10.575070
12.089606
11.251413
11.124415
10.858616
12.215986
11.179128
11.749799
12.405072
11.757298
11.933901
10.804783
12.492243
10.712612
12.200502
10.942361
12.182073
11.924541
11.699551
11.545289
12.375582
11.480960
11.030846
10.583546
11.777118
11.343153
10.910320
12.300526
12.398885
10.902417
12.164330
12.409536
10.997212
11.455103
10.939197
11.582223
11.502138
10.586568
10.781545
11.450416
11.536840
11.684644
11.603775
11.448492
10.799261
10.938741
10.711942
12.157313
11.760397
12.272489
12.197202
11.539402
11.071368
11.968193
11.803432
12.213212
11.866147
11.757004
10.727937
12.443400
11.830647
11.913920
11.912908
11.489978
12.188842
11.326931
11.006829
12.390834
12.185445
12.099112
10.747134
11.270429
11.553153
11.402577
11.480340
12.263497
12.319991
12.108571
11.225120
10.723186
11.072547
11.137290
11.863945
11.619807
12.206469
11.634979
10.968957
11.708871
11.737519
11.072613
12.218161
11.348934
11.270983
10.696140
12.343787
11.557016
12.283438
12.364910
10.961874
10.738968
11.911126
12.441934
11.166260
10.906376
10.899194
11.562836
11.896155
11.920032
10.781294
11.010962
11.595889
11.025938
11.424125
11.784316
11.374506
11.830877
11.127447
11.152348
12.510623
11.888800
11.620706
11.739674
12.247292
11.867187
11.771585
12.243474
12.027627
12.199995
11.746426
10.776800
11.320667
11.388620
11.850215
12.417299
11.761054
11.883976
11.315101
11.632572
11.644699
11.066065
12.178763
11.714148
12.156456
11.563062
11.771194
11.470236
12.083835
11.352605
11.700038
12.046684
11.992149
11.601525
12.348143
12.446904
11.622012
11.953470
10.908325
11.996236
11.511903
11.945263
12.283473
11.975149
12.205925
11.270536
12.177872
12.138856
11.719006
12.012796
10.799630
11.896269
12.407631
11.604973
12.011927
12.119942
11.669721
10.896236
11.027258
11.493470
11.594017
11.632340
12.180403
10.506217
11.853934
11.636287
11.760959
11.316673
11.289092
10.858476
11.071810
11.305768
12.235920
11.511080
11.859452
11.863476
11.674670
11.737024
12.314402
11.955525
11.559818
11.440569
11.699573
11.379671
11.844205
11.646813
12.248872
11.862024
11.338886
12.330899
10.760842
11.743421
11.835248
10.908293
12.237602
12.098914
12.060770
11.317558
11.101207
11.554947
11.895272
10.886226
11.360451
11.567886
10.862356
12.137296
12.405011
11.049348
11.254249
12.009466
11.783810
10.878448
11.818230
11.600037
10.777966
11.046195
11.260917
10.632938
12.176631
10.847794
11.113916
11.254200
12.203238
10.982383
11.245188
12.204950
11.391368
11.228856
10.841815
10.925659
12.470088
10.667350
10.940990
12.404287
12.413590
11.651777
12.335422
12.120704
10.839859
11.346554
11.620575
11.898946
12.309127
12.143807
10.821047
10.740536
11.896385
10.849553
11.221746
11.059550
11.629645
11.794138
11.751493
10.932114
11.070560
12.334458
12.343034
10.891657
11.122082
11.159131
12.459176
12.051434
10.844475
10.839404
11.836536
12.415506
11.985090
11.412930
12.252178
11.397404
10.939316
11.864750
12.256472
12.033968
10.809718
12.097053
12.129921
11.656519
10.987894
10.816958
11.456284
12.439881
10.783606
10.967541
11.314034
11.953353
11.727925
11.155312
11.517827
11.197805
12.263726
11.238150
12.323088
11.523270
12.406863
11.605261
11.339172
12.407334
11.392529
11.227088
10.815192
11.476635
11.726582
11.273969
11.181150
12.223179
11.903518
11.343671
11.656721
10.616232
10.629479
11.325108
12.376998
12.456030
10.986822
11.559999
11.801185
11.311938
11.692863
11.429126
11.101615
12.160632
11.910156
12.117620
12.080760
12.296825
12.191568
11.798689
11.725672
11.725816
11.217863
12.461925
12.194128
12.025138
10.925195
11.089731
11.687507
10.943571
11.229478
11.355770
12.271606
10.825002
10.863907
12.433541
11.526844
12.267698
12.189031
11.437789
11.326696
11.188395
11.871447
10.875675
11.540029
12.288965
11.118428
11.502700
12.044504
10.975672
11.989885
11.326630
11.926005
11.204358
11.183123
10.936898
10.964900
11.374865
11.205773
11.442759
11.664550
11.986131
10.966315
11.466892
11.767231
11.279053
12.176020
10.787430
11.051875
10.685961
12.096374
11.891266
12.250938
10.815111
11.232183
11.990241
10.877461
11.961856
11.254625
10.808996
11.986880
11.885122
12.266802
11.642075
12.218132
10.914016
12.246526
11.113801
12.187276
12.417167
11.064179
11.335138
11.270371
12.154472
12.342532
12.107614
12.029180
11.375743
12.076874
11.861440
12.333344
12.066314
11.890777
11.005425
11.698689
11.392737
12.301687
10.807145
11.635764
12.337396
12.359986
11.693503
12.214960
10.883716
11.905708
11.524238
11.709634
10.884215
12.181163
10.759306
12.417680
12.036174
12.012350
11.695156
12.033741
11.185852
11.379384
12.347311
11.308751
11.956411
12.419684
10.799623
12.432922
10.660757
12.194991
12.055852
11.191997
10.921094
12.206918
11.377446
12.321396
11.046315
12.299261
11.416427
11.167777
11.343366
11.914584
11.079146
11.584488
11.880695
11.977481
11.817473
10.922613
11.006186
11.128817
12.235583
11.945846
12.280887
11.766649
11.390293
10.880212
11.129592
10.661403
12.023004
11.160159
11.227152
12.073301
11.479057
10.863649
11.578502
11.967490
10.540871
10.998136
11.439723
11.288440
12.172093
11.907492
12.013527
11.090770
11.706055
11.367249
12.191111
11.686849
11.616089
11.381558
10.677123
10.965757
11.888367
12.029917
12.439953
12.321415
11.240648
11.466386
11.460095
10.776212
11.870337
11.876915
12.386274
11.349012
11.643751
11.474687
10.970511
11.630067
11.820523
11.839737
11.374223
11.285019
10.844527
11.364485
11.469997
11.144934
12.284341
12.110675
11.315181
10.930283
12.109123
11.645190
12.087732
11.903923
11.909920
10.780212
11.641931
11.274329
12.248004
12.273167
12.048583
11.942196
10.813268
11.786480
10.923063
11.092167
12.122821
11.983458
10.827236
12.272377
11.374309
11.300391
11.453544
10.823200
10.706580
11.391586
10.982675
11.635727
11.266687
11.391039
11.743180
10.798238
10.701079
10.743648
12.293794
12.187159
12.444160
10.887955
11.107263
11.724604
10.861589
10.784873
11.550639
11.914660
10.873147
11.277648
11.517214
10.965583
10.579242
11.869755
12.156252
11.729122
11.270418
11.919657
10.802333
11.448645
11.647751
11.682290
10.919138
10.864406
11.884448
11.972246
12.201377
11.546479
10.873195
12.177383
12.021682
11.683465
10.771043
12.080566
11.009627
12.326018
11.446273
11.116343
11.113049
11.794726
11.649662
10.972507
11.554718
10.928234
12.025596
11.045947
11.742868
10.742289
11.135349
12.242796
12.567008
12.056474
11.434726
12.066743
12.439081
11.072447
12.160543
12.066584
12.255568
11.691426
12.416305
11.745945
12.307298
11.845798
11.404830
11.911817
12.297370
10.808555
11.863846
12.259267
12.003055
10.979833
10.809021
11.574016
11.492783
11.792996
11.900196
10.906093
10.982578
11.634266
10.624592
11.540439
12.280465
10.898272
10.988778
10.746464
11.007537
12.209234
11.877435
12.436019
10.930317
10.961077
12.482600
11.127012
11.452230
11.950756
12.063851
11.470798
12.386025
12.119071
11.870475
11.462088
11.622080
11.437702
11.538480
11.587874
11.722581
11.797024
11.075939
11.171912
11.122266
11.466680
10.781952
11.849663
11.814582
12.389224
12.299220
11.840231
10.924818
12.252479
11.686297
11.518192
10.938112
11.348246
11.105769
11.390046
11.793039
11.664721
10.972682
11.877149
11.315060
11.412365
11.432240
12.434415
10.883408
11.840104
12.479915
11.163917
12.240009
12.335921
11.375619
12.060421
11.484582
11.349088
12.175709
11.537974
11.226777
11.252337
12.379631
11.427585
11.298648
10.757217
11.483003
11.951356
12.185501
12.086723
10.748789
12.030319
11.598676
12.400130
12.043778
11.622033
11.388341
11.693190
11.999456
10.894121
12.436553
11.382015
11.896403
12.330160
11.601801
10.997108
11.433848
11.052208
12.197533
12.157770
11.189773
11.003331
12.180750
11.372211
12.329103
12.218156
12.448459
12.256829
10.787310
12.283462
12.000897
11.576045
11.043697
12.269545
12.449878
11.804238
11.741235
11.596889
11.207007
10.881777
11.512247
11.119875
11.219094
12.231348
11.561988
10.829596
12.317011
11.700896
11.327108
10.682035
11.601106
10.822640
12.315748
11.368905
12.435794
10.931348
11.330624
11.002142
11.989109
11.806919
11.621515
12.146845
10.762478
11.968639
11.019430
12.169554
11.352108
10.531768
10.714018
12.311611
10.956338
12.231909
10.990572
11.446279
12.290382
11.994778
11.856660
12.255607
10.918566
12.041828
12.499777
12.443154
11.790770
11.451626
11.269193
11.277629
12.369132
12.413262
12.199845
10.829790
11.201855
11.326498
12.248914
12.475476
12.266347
11.134722
11.955931
10.894598
11.742965
10.718134
12.278617
12.447342
11.769623
11.949289
11.806427
11.809164
12.048284
11.172051
12.141413
10.817767
12.010804
11.743798
10.719543
12.258683
11.185917
11.393618
12.200743
10.821078
10.703275
11.985977
11.552457
12.229842
11.700375
11.763247
11.912087
11.259936
10.883860
10.955534
10.945061
11.731999
10.952325
12.106357
11.502679
10.830132
12.369416
11.515668
11.515879
12.202305
11.784127
11.537849
12.323350
11.523467
11.999136
10.445491
11.613144
11.291773
12.054324
11.032054
11.748803
10.653971
12.443533
11.883418
11.823000
12.405906
11.069819
10.545782
11.045447
10.960132
10.962217
12.124845
11.927957
11.860516
10.752301
10.845934
11.685487
11.795491
10.673428
12.090345
10.822305
10.918508
11.662736
10.845323
12.302139
10.657165
11.942046
11.963943
11.911726
10.748862
11.328198
12.065393
11.200297
11.842694
12.208024
12.354252
10.841766
11.859736
12.020888
11.447245
12.029092
11.866793
10.892389
12.034172
12.255664
11.137215
10.826302
11.829330
10.801057
11.862467
10.824799
11.408072
11.626326
11.690325
12.393441
11.843714
11.592173
11.838349
10.802670
11.776214
11.009534
11.270511
12.464337
11.288060
12.212616
10.895793
11.328210
11.743424
12.224369
12.102916
12.137901
11.474731
11.936198
12.203153
11.855552
10.897782
11.930942
11.716072
11.735561
12.403733
11.075959
11.996337
11.161203
10.904295
11.555256
10.828288
12.016189
11.804665
11.874835
11.485229
11.380504
12.409959
11.647985
11.239527
11.039693
11.470527
11.670499
10.957387
11.777076
11.703621
12.243211
10.662191
11.399029
11.437577
12.080441
12.462056
11.803428
11.055090
11.676290
11.389284
10.932939
11.369778
11.433445
11.642790
10.907253
11.199802
11.925205
12.212154
11.003578
12.365015
11.739720
11.280305
10.693414
11.430565
11.116387
11.567886
11.445710
10.798632
12.342905
12.331566
12.483882
11.581675
11.418619
12.126593
11.188005
12.445571
10.791689
11.307767
11.521352
12.453510
11.356960
11.150541
11.289297
12.220414
10.718525
12.111237
11.952604
12.339358
11.379623
11.419864
10.903348
12.017928
11.193528
12.416942
12.194113
11.418558
12.314169
11.823048
11.184864
11.803229
12.061501
11.246338
11.067703
11.784947
11.767071
12.145285
11.720111
11.769741
12.090914
12.180164
12.365560
12.236753
11.501385
11.701892
11.128381
11.857864
11.813070
12.117652
12.302860
12.416467
11.886704
12.355653
11.615971
11.879244
10.746599
10.861061
10.831382
11.415248
10.953433
12.446842
10.814492
10.909162
11.162930
12.243134
12.258156
11.235182
11.966827
11.998899
11.955992
12.159384
11.569317
11.469343
11.512738
12.383082
10.680986
11.356606
11.746278
10.787977
12.219210
10.913647
11.637846
10.892346
11.765215
12.379869
12.244823
12.259357
11.964962
10.825034
11.738018
11.036344
11.365169
11.909645
12.230190
11.674299
11.751765
11.074006
12.002136
12.377674
11.686391
12.282146
12.140717
11.377911
10.737739
12.053595
11.550780
12.054376
12.133550
12.047406
11.432659
12.367959
12.330392
12.296175
10.671702
11.194711
11.982220
12.078399
12.283559
11.795137
11.114925
12.235788
11.256658
12.411871
12.173803
12.183736
11.201532
11.603237
12.386083
11.817386
11.615284
11.022459
11.640186
11.189756
11.230883
11.358153
11.548544
11.276366
12.138649
11.844384
11.821585
10.888424
11.893505
11.739320
12.172244
11.021278
11.984083
11.043418
11.516617
12.310214
12.216588
11.265162
11.660957
10.661896
11.434003
11.063489
12.224727
11.187158
11.578347
11.301380
12.070577
11.910551
11.157172
11.954833
11.113578
11.693788
11.666792
11.738278
11.842282
12.295390
12.094923
11.867320
11.265778
12.279721
11.549503
10.955606
11.716769
11.900129
11.724861
11.961293
12.357238
10.927871
12.126064
10.653417
12.384958
12.065691
12.214066
10.663397
11.681022
12.392629
11.819548
11.510788
10.899197
11.756423
12.205150
11.525056
11.295644
11.547235
11.679910
11.756610
12.309660
10.895695
12.275470
11.922893
11.710355
11.036849
11.701297
10.975253
10.856056
11.551541
11.660001
10.802252
12.253829
12.252824
11.441395
11.103785
11.970087
11.570940
11.786506
11.136098
10.927082
11.658118
11.472490
11.100739
12.378648
11.915386
12.239662
11.753642
11.507792
11.887309
11.435160
11.065740
11.373365
11.914710
11.121677
10.930528
11.624014
10.964067
12.341387
11.431737
10.821658
12.036691
12.068210
12.165173
10.693026
12.359440
11.381925
11.154568
12.160381
10.596608
11.896182
10.786340
10.923856
11.012532
11.084000
11.010973
10.794784
11.940573
10.934591
10.782637
11.506429
10.675901
11.445409
11.826588
11.766684
11.982688
11.116673
11.302203
11.166278
10.910237
11.538620
11.694162
12.372628
11.570044
12.093748
12.277693
11.512193
10.855013
12.214239
11.767095
11.447432
11.096218
10.967329
11.561994
12.182385
11.671580
12.052557
10.885253
12.464252
12.094580
11.004270
11.881406
11.233866
10.659848
11.769409
12.007758
11.615013
10.750029
11.294594
11.435012
11.072183
12.091187
11.212464
12.406521
12.156853
11.735561
12.166229
12.342355
11.727542
10.675769
11.746162
11.683630
10.618905
11.811027
11.389621
10.856724
12.014147
10.744782
10.722235
12.448923
11.349487
11.202090
11.781940
11.093624
11.094813
10.624259
11.598855
10.967727
11.431160
10.717340
11.227687
10.689760
12.201700
12.031080
12.029810
11.706674
11.115673
11.584188
11.103396
10.675799
10.775362
12.218907
11.705815
12.291755
11.977009
11.864767
11.558841
11.575241
10.707501
12.277310
11.956809
10.770981
11.987428
11.603900
11.724921
12.299071
12.011923
12.218603
10.951186
11.283986
12.260860
10.941221
12.393402
11.488177
11.908745
11.332768
12.173415
11.911129
11.850819
11.024778
12.022831
11.713810
11.358613
11.229962
10.909650
11.133015
11.630999
11.391916
10.508782
10.619125
11.878333
11.420789
11.352320
10.937544
11.238546
12.235391
11.467710
10.753828
11.403844
12.210730
11.427604
12.240183
12.468212
12.348444
11.710820
11.219527
11.700221
11.397640
12.483358
11.182416
11.803464
12.126869
11.413495
12.187497
11.943857
12.048871
12.299793
12.446179
11.476814
12.082534
11.614373
10.690241
11.946816
12.322549
12.306680
10.729233
10.921474
11.426761
11.228093
11.793876
12.101293
11.676915
11.282748
12.101151
11.117583
11.074600
11.141575
12.342721
10.864810
10.951189
11.479735
10.658581
11.243501
11.275773
11.684595
12.103156
11.118966
11.909931
11.030595
12.056647
10.894664
10.645990
10.527753
10.843521
11.764450
10.649084
11.979906
11.324279
12.077487
11.251593
12.203495
11.977084
12.316768
10.998647
11.185587
12.043093
12.290596
12.271299
10.822678
11.119776
11.183219
11.644566
11.451078
11.699578
11.294507
12.143888
11.696671
11.255401
11.009518
10.517623
12.288117
11.391387
11.257470
11.331671
11.571684
11.658662
11.617285
11.423696
12.299674
12.162673
12.301490
10.997324
11.998542
10.981986
11.518368
11.439140
12.321788
11.774758
10.960545
12.232910
11.385561
12.249527
12.191970
11.727460
12.140194
11.634322
11.703560
11.141516
10.682923
12.356532
11.144806
12.245339
10.761881
12.193157
12.216605
12.255448
10.692031
10.968149
12.126124
11.433688
10.859988
12.102344
10.809358
11.768053
12.308010
11.229002
11.346464
11.181483
12.159955
12.114762
11.600671
10.733527
11.313583
12.045193
11.526600
11.080051
11.192252
11.164862
11.991577
11.628309
11.967187
11.944431
11.404153
12.187738
11.548159
12.148358
12.153337
12.133040
12.189074
10.850989
11.596083
11.248286
10.749043
10.973478
12.055053
12.034184
11.311004
11.003066
12.267848
12.378822
11.365471
10.768326
12.218034
11.031249
11.616274
11.824595
12.005465
11.845231
11.480105
12.398628
11.605887
12.326618
11.953432
10.913451
10.660571
10.996658
11.368034
11.148624
11.744599
12.131909
11.921356
12.204409
10.725660
12.395466
12.013968
11.603661
11.546342
11.177782
11.802376
12.358926
12.117571
12.077809
11.088674
12.400593
11.505659
11.453504
11.269746
11.227131
12.414219
11.346447
12.262174
11.297788
11.818861
11.380780
11.873604
11.715871
11.894246
12.165002
11.116279
11.887154
11.615473
12.365014
11.187024
12.194087
11.756605
11.611488
11.428840
12.326909
11.096665
11.551780
11.458911
11.756838
12.350498
11.679157
11.240439
11.652248
11.523606
12.069071
11.496720
12.146261
11.581299
10.821326
12.162091
11.194686
11.166770
11.058393
11.082787
10.598399
11.781263
11.377156
10.776242
11.780882
11.524825
11.614453
11.771202
12.441897
11.020225
12.352684
10.606410
12.055311
11.857541
11.003261
11.477269
12.248361
11.392802
11.604700
11.132302
11.231472
10.744018
11.099657
12.267937
10.888566
10.822652
11.751980
11.299029
12.266061
12.350927
10.821145
11.968934
11.102786
11.002025
11.585822
10.698282
12.148434
12.152618
11.982017
11.050520
11.264492
10.783639
11.360523
11.586137
11.657094
11.932961
12.188626
10.611693
11.197896
11.969869
11.660162
11.684516
12.212248
11.875542
12.015298
11.678533
11.610957
12.297724
11.625355
12.270645
10.940803
12.256749
10.782210
11.139030
11.597634
11.639855
11.746306
11.272272
11.924896
10.922051
10.947400
10.981936
11.043531
12.188564
10.842285
11.581505
10.515068
12.155739
12.200269
11.867674
10.699202
12.065749
11.433865
10.679712
12.416008
11.708716
11.994516
12.302594
12.453638
11.753747
11.806055
11.264283
11.780517
10.781544
11.463885
11.762654
11.319997
11.125046
11.449929
10.981308
11.996696
10.701417
11.733368
12.146048
12.017016
11.523258
11.712552
10.945207
11.844459
11.130710
10.873351
10.728404
10.762130
11.440700
11.990075
10.934404
12.454870
10.928496
11.197904
11.256046
11.657434
10.766628
11.488540
10.950219
11.662641
11.179998
12.125182
10.955456
11.228981
11.420091
10.889581
11.781214
10.930533
12.221801
11.122292
11.077995
11.133895
10.840821
10.772153
11.082307
11.021053
11.150272
11.031242
11.230354
11.961097
12.466295
12.202408
10.803890
11.965531
12.369246
11.917588
11.868263
11.376110
11.224034
12.160484
12.257257
10.925734
11.279549
11.819278
11.403153
10.785451
11.696515
10.854841
10.794792
11.457410
12.349263
11.118992
11.502055
10.719445
11.792944
10.772292
11.531629
11.823852
11.026973
12.185543
10.968377
11.866580
11.960515
11.844241
11.446964
11.505617
11.425155
12.132917
12.330123
11.484201
11.948466
11.670546
12.094490
12.224125
11.556060
10.820419
11.253909
10.903736
11.187136
10.800044
11.422576
12.164846
11.431615
11.313724
12.009698
10.679987
11.875021
12.186893
12.133329
10.713724
11.656464
11.653461
12.206388
12.162208
11.893176
11.028862
10.691747
12.004191
11.711361
11.274162
12.124863
12.041592
11.786400
11.967450
12.004544
12.205697
11.215669
10.972147
11.672514
10.869430
11.703298
12.271089
11.602480
10.809163
11.218364
10.557636
12.061997
11.478500
12.333853
10.801409
12.376656
10.903155
11.802721
11.013293
11.820687
12.209480
11.521143
10.921739
11.385218
11.225841
11.744631
10.863574
12.296615
11.330816
11.329568
11.732364
10.850638
12.274410
12.481513
12.320414
11.595801
10.619095
12.047956
12.193490
10.827870
11.000117
10.720517
10.884548
11.379149
12.326821
10.501758
12.302982
12.235353
12.346760
12.435701
11.226647
11.479240
12.189727
11.683485
11.468770
10.785019
10.767989
11.833157
10.728148
11.950119
11.432070
10.817394
11.440259
11.810712
11.473288
10.827460
12.429007
11.607924
11.988532
11.701859
11.816081
12.365736
12.189057
11.971075
11.990661
11.986020
11.538932
11.995954
11.918154
12.152455
11.748271
12.342225
10.979179
11.461703
11.404793
12.156205
11.409510
12.112196
11.853262
11.829618
12.191477
12.058746
11.928844
11.568723
11.397933
12.419195
11.116261
12.167531
11.440417
11.981142
11.376302
11.946302
11.641137
11.256849
11.705877
11.420173
12.174574
12.218039
10.720511
11.235623
11.672564
11.378721
11.428178
12.115436
12.264877
11.566420
12.036488
10.635001
10.848158
12.196503
11.751425
11.721911
10.992764
10.908733
11.846642
12.309586
11.859068
12.053750
11.708177
11.184681
12.270364
11.810422
12.416734
10.834037
12.416047
12.346564
11.561822
11.631517
11.938965
12.425981
11.192180
11.370782
11.690011
11.804162
12.401483
11.759527
12.004350
10.889350
11.111700
11.093231
10.989579
10.926641
12.162202
11.973893
11.235578
10.749264
10.720346
12.022438
12.339462
11.973793
11.007675
11.697185
12.075758
10.789013
12.202389
11.921482
10.918219
11.747995
11.788175
12.244097
11.634596
10.790851
11.200199
11.649372
11.123835
11.347209
11.244655
11.361660
11.459460
10.691325
12.045621
10.881346
11.420900
11.695797
12.394233
11.144115
10.788171
11.623364
11.546978
11.917383
10.903423
11.468486
11.221425
12.126645
12.285565
12.436550
11.288083
11.539903
11.503929
11.349537
11.515112
10.923011
12.181897
11.039368
12.108152
11.128049
10.791033
12.381249
12.111596
11.233501
12.129697
11.495072
11.778363
11.081784
11.073075
11.503717
12.332357
11.827693
12.109793
11.110996
11.066315
11.288640
11.542162
11.178894
11.505823
11.567083
11.915609
12.038882
11.123828
11.998406
11.752627
10.613908
12.044950
12.142896
11.443482
11.240389
11.433957
12.038723
10.695686
11.186656
12.440450
11.368098
12.004635
11.470345
11.371989
11.858827
11.223688
10.841454
12.114076
10.732976
11.386841
10.877311
10.814620
11.959404
12.307139
11.068051
11.834441
12.081142
11.135651
11.781398
11.010086
12.339981
11.975266
11.876976
12.225090
12.186551
12.075971
11.678122
10.758629
12.217487
11.874607
11.197950
11.577730
10.738694
11.100025
10.720362
11.274969
11.469638
10.760831
11.958147
12.409335
11.976236
10.844210
12.297466
10.379208
12.200427
10.825385
11.665407
11.292955
12.326620
11.820877
10.906246
11.723585
10.936470
11.165776
10.918239
11.317313
12.174581
11.745404
12.151664
12.362331
11.123140
10.702239
12.035639
11.063798
11.875982
12.084949
12.061520
12.223951
11.014569
12.199306
11.472377
12.202065
11.378318
12.495658
12.070545
11.048901
11.927232
10.909192
11.226027
11.668018
11.650533
11.647381
12.186017
10.855793
11.789467
11.015935
11.197937
11.320258
11.316171
11.686224
11.496201
11.001819
11.649200
12.340267
12.109540
12.316038
11.074805
11.391717
11.492366
11.187045
11.070791
12.216408
11.631193
11.845711
12.199103
11.593841
11.311918
10.924722
11.925514
12.545779
11.023099
11.226001
11.404497
11.324456
11.188174
11.826791
11.179593
11.457427
12.235747
11.142124
12.028570
10.759106
11.081252
10.650083
11.079374
11.172517
12.164937
11.700830
11.960440
12.389163
12.280986
10.992977
10.887915
11.994419
11.085576
11.729755
11.639387
10.889136
11.655029
12.322005
12.305408
12.359453
10.800450
10.750029
11.675724
12.177413
11.204280
11.029434
11.455204
12.027768
10.879896
11.100792
11.971125
12.435521
11.157477
11.980216
11.697598
11.287597
10.929711
11.506351
10.810358
12.013252
10.795074
12.361093
12.061681
11.965998
11.544702
11.201553
11.987277
11.804638
11.797461
10.749364
12.225083
11.756450
11.412261
10.774734
11.889420
12.049924
11.829411
12.097135
12.402440
11.639377
11.662165
12.310518
11.036120
12.062805
11.657459
12.385051
12.067947
11.914267
11.695482
11.066472
12.384973
10.909738
11.670018
11.423029
11.318086
11.019962
10.950422
12.291609
11.673796
11.170030
12.264393
11.832626
12.123926
12.102308
12.440504
12.238268
11.906640
12.435722
12.120910
11.287652
11.575605
11.983115
12.201934
10.512068
11.808642
11.240671
10.939209
11.970030
11.016024
12.258723
11.128064
12.165380
12.398932
11.601423
12.169846
11.491306
10.761913
11.261563
12.220517
11.006112
11.183506
11.858914
12.284849
10.927589
12.190643
11.169010
11.152589
12.393194
10.668117
11.798643
10.776399
12.192383
11.061245
12.405664
11.269570
12.028760
11.002754
11.223951
10.869558
12.015330
10.764251
11.733628
11.382555
11.639003
11.149138
11.172770
11.985261
11.709908
11.605599
11.582041
11.907882
12.403649
12.215194
11.948718
10.968374
10.794390
11.423779
11.206322
11.352627
11.152681
10.504068
11.677408
11.615739
10.827271
11.338098
11.341731
10.907302
11.632272
11.609656
11.998882
10.893780
11.686324
12.154188
11.373946
11.899482
11.258006
12.378567
10.960955
11.000809
12.019624
11.499685
11.370391
11.186926
11.085912
10.836688
12.496198
12.181677
10.954822
12.230134
11.151392
12.120394
10.857154
11.936221
11.051412
12.189074
11.505491
10.877745
11.648914
11.628151
10.834959
12.341284
12.429548
11.025215
11.541942
10.715076
11.195635
10.774137
12.024857
12.212428
11.714187
11.220757
11.563131
12.429761
11.426795
11.269349
11.821659
10.902024
10.788815
11.680768
12.505196
11.162979
11.969443
12.052013
10.923010
11.783866
12.439928
12.473747
11.037541
11.164010
11.870566
12.124490
10.680159
12.334926
10.910088
11.539149
11.944057
10.889061
11.973630
11.342877
11.951851
11.510822
11.100168
12.211343
11.386678
12.244870
11.460904
12.395946
11.319737
12.065490
10.705804
12.371554
12.057816
12.035209
10.932295
10.974497
11.282410
11.075007
12.070235
12.373603
12.374169
12.064681
11.924653
11.836901
11.244500
11.363220
10.806147
11.022921
12.324657
11.567987
11.854905
10.923777
10.822758
11.311904
12.134989
11.912744
11.016881
11.220329
11.894631
12.463041
11.458315
11.384714
11.631884
11.405897
11.782750
10.960809
11.543249
11.177835
11.992611
11.322371
11.429195
11.140996
12.107238
11.370395
11.695190
10.821961
10.812634
11.895844
11.884078
11.296396
12.261673
11.460006
12.279417
11.001041
11.072014
11.545052
11.038071
11.134856
10.710853
10.939834
11.200863
11.910207
11.137157
12.268704
12.166803
12.005488
11.055257
10.978666
11.437864
11.208768
11.376098
11.383745
12.174149
11.425622
11.277233
11.382898
11.558728
10.779766
10.990896
11.706057
11.758804
11.086620
12.008052
11.659161
12.370231
11.742904
11.931503
11.518454
12.024448
11.131335
12.403889
11.135788
11.028279
11.419682
12.412183
10.568467
11.777279
11.629123
11.099381
10.679873
11.404907
12.291535
10.781622
11.187813
11.994653
12.077524
11.858109
11.572988
11.224877
11.570766
11.563986
10.710053
11.775275
12.134231
12.412511
11.205249
12.078040
11.152490
12.231695
11.841680
11.346745
12.334655
11.070468
10.600857
11.230662
11.475205
11.777006
12.126160
12.373241
11.892274
11.874423
12.451673
11.817891
11.469984
12.454576
11.717633
11.971640
11.725357
10.929934
12.384257
11.773836
11.697501
11.797543
12.023511
12.081884
11.405278
11.127919
11.225945
11.656441
11.605087
11.630748
11.086495
10.683797
11.937245
10.919394
12.110555
10.744866
11.502157
11.926091
11.185459
11.886360
11.935571
11.814579
11.961465
11.555658
11.821107
12.070617
11.819954
10.704356
12.182920
10.655713
12.399260
12.279440
11.641164
11.525158
11.696527
10.892479
12.096744
10.640724
10.958082
12.352352
11.651700
11.793454
11.777040
12.318512
12.325330
10.974682
11.378084
12.076644
11.612735
11.881140
11.612958
11.343634
10.851077
11.074021
12.023435
12.038404
12.359606
12.112243
11.917612
11.650015
11.396214
11.997736
11.581358
11.973984
11.631943
11.415119
11.780032
11.487860
11.321320
11.942415
11.480327
12.157596
12.239740
12.358351
11.396404
11.526225
11.912765
11.827678
10.675473
11.113157
10.697690
10.962047
11.473228
11.003027
10.812773
11.194564
10.918794
10.567868
12.050114
11.429130
11.930717
11.295760
11.155451
11.369238
10.927677
11.083063
10.851218
11.204889
11.830447
12.039228
11.687108
11.087258
12.058324
11.572935
11.270206
11.406371
11.601780
12.325348
11.482294
12.114404
11.565854
11.239143
10.942337
12.395547
12.438221
11.007931
11.258079
10.867152
12.351888
11.967645
11.073921
12.112671
12.309648
11.991855
10.791626
12.345198
11.019751
11.045223
12.185902
11.681235
12.464286
11.146604
11.652428
11.766443
12.271089
12.185178
11.450018
11.053508
11.283641
11.689559
10.926299
10.610203
12.391518
11.394838
11.344631
12.393400
11.574343
11.044618
10.753090
11.003745
10.784779
10.825802
12.246983
11.417033
12.246748
10.692740
11.967662
10.797821
10.931487
11.727026
11.437413
10.676292
10.711107
12.036484
12.371601
11.778030
11.784746
10.957578
10.705598
10.905765
11.957649
10.957097
11.041637
10.703946
12.263912
11.517634
11.870626
10.830240
11.189413
11.374737
11.326055
10.866803
11.329195
10.760456
11.588303
11.153513
11.013945
11.650642
10.991292
11.312193
12.327450
11.463315
11.233731
12.365907
10.735697
10.909215
11.570694
11.376554
11.633171
11.580316
12.287530
11.115146
11.990285
11.093386
11.223654
11.495886
12.300516
10.886993
12.000672
11.934751
10.951029
11.999360
12.383122
11.917676
10.808537
11.848832
11.610684
12.025636
12.450609
12.315922
11.056095
11.340754
12.429383
12.004519
11.104563
11.983587
11.066970
11.113634
10.770717
10.816448
12.016608
12.081688
12.345595
12.392994
10.705805
10.895474
11.811312
11.677543
10.682456
12.218324
11.378608
12.084888
12.085939
12.355451
11.030208
12.307564
11.461300
12.432218
11.550845
11.938411
11.874886
11.364789
12.461784
11.650499
12.393060
10.641642
12.038426
12.500644
11.543807
11.599609
12.311387
12.008155
11.264678
11.813710
11.564858
11.276498
12.307689
10.799757
12.156818
11.593222
11.996764
11.490155
12.341432
11.571382
11.094132
12.234431
12.087481
12.158839
11.337709
10.963954
11.227602
11.152237
11.826544
12.520963
12.042119
10.666106
10.782627
10.980869
10.896705
10.748227
11.064676
10.906042
10.664221
10.849865
11.410963
10.685064
10.733873
10.656612
11.118106
10.658049
10.627342
11.204366
10.809632
10.799264
11.201004
10.833208
10.928408
10.743693
10.794055
10.869275
10.738249
11.353938
10.814203
11.553994
10.772605
10.925274
10.880488
11.257394
10.904384
10.684812
10.615097
10.722223
10.821694
10.866515
10.734367
11.348235
10.747553
10.640334
10.615730
10.663086
10.836884
10.598848
10.771059
10.755282
10.733229
10.702422
10.762272
10.740513
10.898699
10.986384
10.534491
10.666433
10.652243
10.462509
11.102001
10.553670
10.614836
10.736802
11.120891
10.866752
10.923569
10.931272
10.837358
10.674692
10.372933
11.186728
10.890699
10.664158
10.804240
10.913301
10.919994
10.821019
10.859298
11.115134
10.643648
10.645810
11.178176
10.826381
10.685304
10.960113
10.671393
10.812379
10.992722
10.817179
10.723241
10.715872
10.526993
10.723485
11.336748
10.626391
10.933225
10.615977
10.737854
10.816767
10.578715
11.011578
10.792068
10.777934
10.723495
10.725574
11.160631
11.061599
10.705087
10.768470
10.909233
10.667870
10.843184
10.772417
11.070042
10.926321
10.846401
10.534141
10.670156
10.632937
11.055317
10.605050
10.715430
10.792326
10.905031
10.671068
10.681077
10.819309
10.949297
10.772488
10.523512
10.929313
11.058425
10.671310
10.548453
11.141455
10.787693
10.802781
10.613816
10.708355
10.982602
11.028102
10.722892
11.122757
10.951456
10.616111
10.619149
10.745025
10.717260
10.832722
10.606685
10.661186
10.687199
10.949493
10.915222
10.661323
10.844642
10.575384
10.620335
10.741309
10.711491
10.482606
10.979987
11.006066
10.621063
10.514548
10.824774
10.790902
10.939330
10.492924
10.644158
10.938445
10.849809
10.539314
10.938471
10.677775
10.640167
10.373685
10.843839
11.182051
10.897088
10.680570
10.831517
10.768390
10.947543
10.862192
10.829635
10.637151
10.926283
10.527985
10.704209
10.819146
10.583856
10.898936
10.712625
10.699204
10.710665
10.821312
10.964010
11.405788
10.677625
10.579652
11.240706
10.762298
10.879537
11.081813
10.823517
10.806410
10.760112
11.360535
10.964407
10.696141
10.802508
10.782931
10.681649
10.757002
10.798702
10.882453
10.687728
10.978268
10.882511
10.587633
10.684279
10.876772
10.885660
10.907250
10.929507
10.659257
11.041713
11.052898
10.723425
10.720158
10.848152
10.898903
11.187091
10.741265
10.950106
11.036855
10.774002
10.576805
10.887289
11.050777
10.800825
10.636768
10.907162
11.018061
10.859249
10.977238
10.777801
10.680527
10.630904
10.576574
10.817057
10.961827
10.611375
10.762332
10.727015
10.660934
10.753105
10.800729
11.206472
10.820146
10.940888
10.529600
10.863720
10.703470
10.887719
10.745149
10.516608
10.842905
10.663282
11.054006
10.759410
11.153824
10.685837
10.839957
10.731907
10.852542
11.097920
10.555395
10.644658
11.045956
10.768071
10.699090
10.686038
10.728455
10.562024
10.606756
10.743030
10.772470
10.770261
10.585659
10.648516
10.714738
10.930541
11.041940
10.799538
10.658475
11.237907
11.135285
11.068997
10.803102
10.758945
10.768213
10.833372
10.609102
10.635927
10.893071
10.785034
10.842937
10.492480
10.718885
10.939811
10.637296
10.710194
11.050117
10.624522
10.781447
10.762408
10.710802
10.882641
10.996938
10.693719
10.642389
10.597950
10.757570
10.590922
10.836763
11.047305
10.575293
10.701684
10.726473
10.754193
10.788004
11.117806
10.906354
10.718705
10.793405
10.872573
10.558262
10.636631
10.709403
10.586348
11.100557
10.802765
10.683848
10.979762
10.826689
10.848536
10.881669
10.786168
10.969049
11.258049
10.806920
10.630328
10.680701
10.553274
10.749152
10.909760
10.522458
10.989852
10.671932
11.017165
10.723525
10.619292
10.998460
10.704927
10.704171
10.771416
10.716432
10.819488
11.098077
10.805348
10.908563
10.662235
10.714992
10.839905
10.658373
10.760490
10.633220
10.623483
10.734217
11.080621
10.681242
10.590138
10.723098
10.847648
11.084030
10.603692
10.762704
10.621633
10.738473
11.329816
10.865061
11.025390
10.771793
10.647058
10.543107
11.271612
11.157313
10.943292
10.815529
10.805569
10.908934
10.690551
10.635081
10.826149
10.730005
10.803709
10.873130
10.567036
10.713928
10.569224
11.453654
10.709214
10.760128
10.745115
10.956124
10.822363
10.648977
10.727932
10.577804
10.856235
10.831835
10.743606
10.938426
10.816556
10.845538
10.642768
10.871024
10.640982
10.705351
10.611362
10.857219
11.692752
12.157940
11.426671
11.336762
11.427201
12.273765
11.901469
12.356346
11.744682
10.830210
12.025711
12.036914
11.727734
12.184784
11.507921
11.836047
11.293986
11.234551
12.094974
11.861588
11.215056
12.246017
11.853740
10.886747
12.170688
11.662478
11.156192
10.928348
12.299258
11.452201
12.324492
11.931679
10.688317
10.742868
10.814522
11.041078
11.454999
11.350276
10.915396
10.671134
11.213990
12.147248
10.894069
11.273546
11.195824
10.911017
10.895892
10.655468
11.284848
11.451279
11.355607
11.569871
11.934102
10.815490
11.343632
11.225570
12.179294
12.518612
11.811533
11.892544
11.922454
11.767366
11.618473
11.590424
10.987890
11.520600
12.196942
12.183966
11.474210
11.619345
11.493920
11.224268
11.308361
11.468460
11.798158
12.019010
11.509352
10.791104
11.125813
11.432631
11.792368
12.220361
12.376370
10.926153
11.451682
11.782529
11.151022
11.231236
10.779584
12.425969
10.718635
11.165582
11.655828
12.150602
12.409305
12.024421
12.359276
11.760046
11.151654
11.703559
12.336172
11.995409
12.223114
11.861642
10.769618
11.383692
11.965286
11.361694
12.243182
12.279462
11.434448
11.577260
11.720087
12.189633
12.308741
11.248183
11.370589
12.305718
10.752206
12.247405
10.826655
11.441020
12.225882
11.202533
12.412916
12.113988
10.792272
10.885844
11.057500
11.918508
11.983027
12.437557
10.984505
12.309533
11.187499
11.166571
10.919463
12.027142
11.993682
11.186951
11.226780
11.051582
11.703552
10.749887
11.536519
12.248723
11.996720
11.340385
12.098407
11.513250
12.275303
11.473058
12.303060
12.237184
11.112607
11.640903
11.834074
10.943815
11.100102
12.278248
12.206685
10.679473
11.045638
11.611989
11.969422
12.489831
11.906913
12.061644
12.057729
12.125803
11.010869
12.389426
11.114314
11.817203
12.434505
11.358935
11.478096
11.527349
11.038921
12.189416
10.995399
10.709145
11.917596
12.172618
10.719583
11.367556
10.910146
11.507901
11.613079
12.450826
11.280248
12.243580
11.987256
10.895105
12.176542
10.597067
11.681831
11.860999
11.501779
12.310832
11.939411
12.005175
11.299560
11.054989
11.575081
11.335908
11.086040
11.862743
12.223894
11.949797
12.215631
11.675941
11.238546
11.031117
11.017273
10.979465
11.327678
11.298996
12.224801
12.188482
12.334060
10.780128
11.045037
11.134133
12.239707
11.489004
11.112228
11.821451
10.932111
11.495231
11.465854
12.307475
12.219390
12.159994
12.170443
10.935161
11.187372
12.340563
11.961265
11.924789
11.815113
12.099571
11.020634
11.827347
11.814923
12.401094
11.460712
10.777394
11.239300
11.707332
11.939806
12.353417
12.132751
11.270211
10.995750
10.919868
10.733325
10.998351
12.081513
10.962861
11.569474
12.444758
11.601174
12.382667
12.021590
11.112743
11.595801
11.092118
10.648308
11.342644
10.969648
11.818082
12.369343
12.001558
12.356741
11.363793
10.875653
12.235403
11.779640
12.362205
12.126148
11.551839
11.689044
12.327178
12.270642
11.022580
11.472047
12.089987
11.526106
10.973009
12.165504
11.930432
11.903731
11.093007
12.008796
10.740960
11.533301
11.710397
10.898188
12.176114
11.816009
10.726604
11.609989
11.585374
10.779214
11.836078
11.402635
11.698764
11.818774
11.983588
10.842962
10.967336
11.746709
12.350048
11.642572
11.217606
11.599772
10.479652
12.049043
11.249537
11.961835
11.547493
11.157639
11.329370
12.253520
12.135392
11.855835
12.350955
10.909770
12.261291
10.475414
11.235637
12.240745
12.002042
11.331413
12.258081
12.408014
10.818548
10.732761
10.765207
11.767065
11.326105
12.288230
12.103976
11.779603
12.236383
10.663469
11.562025
10.618842
10.694978
11.807916
11.708646
11.939381
11.113692
11.723231
12.037477
12.245969
12.271759
11.307940
12.051594
11.975451
12.203093
12.189654
11.956820
11.242470
11.565983
11.264374
10.684260
11.406231
11.637421
12.337341
11.515869
11.698750
12.291354
12.127488
11.457398
11.618339
12.228451
12.375025
10.468669
10.786550
12.347628
12.465119
11.102289
11.390907
10.953343
11.302768
12.123807
10.819034
11.508441
10.777771
11.498783
11.229211
10.721010
11.894490
12.419546
12.417986
11.391874
11.161360
11.236351
11.128730
12.402875
10.744250
10.722629
12.493286
12.152809
11.794196
11.114604
10.969380
11.783152
11.254946
10.762437
11.253704
12.055227
11.845007
12.133247
11.991570
11.606196
10.966359
12.448183
11.476562
11.065478
12.331340
11.990648
11.889602
12.321162
11.835081
11.786226
11.500616
12.160360
11.510416
11.372009
11.421660
12.396065
10.689813
11.491455
10.699730
11.857697
11.293936
10.989209
11.338648
10.955635
12.219987
11.760949
12.375659
10.828288
12.042803
12.190287
12.287845
11.171641
11.531544
11.328073
10.908378
11.897543
10.946405
11.592281
11.740250
11.786337
11.238438
11.486964
11.707980
12.228487
11.682048
12.079308
11.392201
10.728936
11.037245
11.192859
11.865279
11.442127
12.390271
10.730777
12.214876
12.068760
12.124705
12.228703
12.305880
10.757336
11.944147
11.521798
10.670920
11.899644
11.925665
12.014999
11.256726
12.357276
11.751511
10.962919
12.269562
11.527267
11.119623
12.072890
11.855542
11.102220
11.174692
11.925241
11.341842
11.805153
11.305413
11.778231
12.023504
11.199859
11.746569
11.507465
12.281254
11.683821
10.941102
10.894701
12.011906
12.431927
11.360626
11.750354
10.883933
11.712889
11.798759
12.129351
11.568136
12.273958
12.331982
11.505935
11.510194
12.037454
10.730269
12.278459
11.055334
12.363103
12.317084
11.378447
11.655120
11.970336
11.276942
11.425529
10.856791
10.640881
11.824748
11.596015
11.719601
11.502866
10.981587
11.620303
12.366221
11.919695
11.359308
11.658599
11.773094
10.950870
10.813925
11.430518
12.204222
12.304238
12.095572
12.079460
11.075797
12.313628
12.005215
12.102147
12.329931
10.956889
10.663836
11.719091
10.577362
10.928235
11.953476
12.227715
11.282379
11.230653
11.329821
11.268785
12.052289
12.200104
10.920248
10.857939
11.331130
10.595554
11.738456
11.556569
11.667498
10.785103
11.403037
11.401055
11.833222
10.950316
11.200953
12.038655
11.091527
12.175262
11.175102
10.796070
11.657776
11.238745
11.562601
11.103904
10.682402
12.216554
10.832573
11.824897
11.847557
10.782678
12.152302
12.276296
11.112458
11.566728
10.880195
10.907926
11.743695
11.814944
11.994163
11.128261
12.289000
11.901171
11.037121
11.773133
11.292357
12.147293
11.778504
11.400755
11.058006
11.548584
12.276720
10.821420
11.452732
11.765201
12.360160
11.583883
11.464065
12.282531
11.212065
11.063162
11.567321
11.759192
12.336352
11.833220
12.024257
11.018293
11.709127
12.418225
11.891790
10.685905
10.900605
11.770463
11.128307
10.588427
12.322744
12.235975
10.888560
12.180753
12.057678
11.600778
11.373058
11.192730
11.177987
11.292209
12.487212
11.684629
12.176198
10.873774
12.056673
12.299121
11.892630
12.007369
12.343484
11.179897
11.399259
11.312164
11.867722
11.566486
11.751575
11.111704
10.859363
11.860250
11.527604
11.954170
11.036213
12.309556
12.184773
12.394560
12.090781
10.717590
11.959297
12.146500
12.049644
12.039737
11.456551
12.371646
11.073885
11.914405
12.420882
12.305600
12.169714
12.029184
12.118572
11.262506
11.761267
11.545413
11.359657
11.861647
11.577561
10.756623
12.133953
11.619673
12.217201
10.798541
11.410278
12.102278
11.390246
11.855117
12.309140
10.902672
11.798457
12.431176
11.257635
10.796928
11.644550
10.840088
11.215428
11.875963
11.256467
12.060148
11.834927
11.963288
10.953338
11.413288
11.272754
11.803765
11.477877
11.833536
11.090479
11.351119
11.526991
12.057469
11.705541
11.599788
11.076176
11.313012
10.907468
10.993417
12.178417
11.672116
12.388576
11.295637
10.662800
10.994893
11.561915
10.737428
11.103499
11.662256
11.061205
12.101759
10.850953
12.374544
11.632676
11.322165
10.979984
11.140309
12.210713
11.499119
11.176849
10.757188
11.953529
12.463227
12.028477
11.565222
12.470898
10.879367
11.065442
10.865676
11.371045
10.865781
11.397561
10.842514
12.098159
10.660861
11.213123
11.345035
11.519800
11.725043
12.378740
10.834520
11.428699
11.725141
10.657989
10.880595
12.183721
11.159421
11.325089
11.844539
11.141468
12.101750
10.609473
12.031485
12.281490
12.283179
11.928841
11.284664
11.111326
12.085119
11.136908
12.363949
11.406078
12.263888
11.567684
10.833551
11.938284
11.731570
11.570868
11.632833
11.061475
11.706069
11.580650
12.189222
11.909426
12.000600
11.985719
11.459644
12.110810
11.947942
10.691351
11.533170
12.152259
11.571767
10.807132
11.226909
12.451421
10.625025
12.455306
12.042797
11.756174
11.049501
11.522249
10.574524
12.299626
12.229396
11.857674
11.986935
11.509463
11.449220
12.359717
11.882043
11.527522
11.385774
12.213205
11.211669
12.365077
11.470854
12.142962
10.704100
11.801701
11.254207
12.293188
10.664909
11.178813
10.780256
11.250839
11.999585
11.946596
10.827648
12.001516
12.033360
11.272545
11.930277
11.308647
11.974838
12.376306
12.156130
12.252929
12.342107
11.472539
12.428024
11.295550
11.241111
12.219141
11.431598
10.717011
12.040159
10.624379
11.097835
11.594725
12.173502
12.208199
12.213070
10.839539
12.395711
11.528443
11.786038
11.352171
12.296727
12.257736
10.766504
11.719667
11.096911
10.844033
12.325854
11.042699
11.391147
11.328429
11.402020
11.356939
12.359807
11.932399
11.683054
11.561715
12.423323
12.324927
12.011037
11.352602
11.844662
12.057806
11.491214
11.319038
11.515995
12.253959
11.009098
10.879965
12.120754
12.213322
11.857627
11.307183
11.727857
10.637166
10.986727
12.258810
12.291243
12.109376
12.356645
10.648878
12.400297
11.926629
11.234054
11.309219
12.376888
11.175207
11.963126
11.173173
11.171654
11.671161
12.407324
11.601028
11.149804
11.002767
10.992432
12.398628
11.765129
11.786947
10.896076
11.169531
10.903319
10.920692
11.625034
11.082561
12.047416
10.897971
12.255795
11.873102
12.190995
11.984435
12.011188
10.681248
11.823927
12.082592
11.021713
11.455656
11.784520
11.927713
11.034681
12.338893
10.937522
11.541175
10.708837
12.032604
11.700940
11.524170
12.250199
11.643824
12.356855
11.618521
10.629389
11.788417
11.501394
11.763558
11.474340
11.689649
12.177375
11.557864
11.451018
10.631806
11.501092
11.282966
12.100258
11.013182
12.403669
11.402322
11.608782
10.975925
10.912538
10.807437
11.362866
11.667490
11.260515
11.390180
12.101317
11.668154
10.905645
12.181659
12.225979
10.740971
10.859554
10.965811
11.002928
11.234050
10.872412
11.342388
11.620493
11.497046
11.358902
10.552637
11.275494
11.589976
11.710358
12.211813
10.841394
11.453724
11.255222
11.243972
10.907707
12.294019
10.887115
12.402030
12.393910
10.848579
12.193367
11.997678
11.373192
11.364675
12.236686
11.840247
11.400306
11.956620
11.115939
12.195597
12.311376
11.797031
11.194839
11.209976
12.060234
12.306712
12.344405
11.761572
12.457738
11.543448
12.149264
12.211903
12.437820
12.128571
11.279423
12.130786
11.493765
10.559444
11.320455
12.254778
11.349112
11.668084
10.906101
11.565214
10.697820
11.991587
11.140681
11.611452
11.902081
12.247439
11.531840
11.967657
10.924048
11.116050
12.382351
12.252549
11.579763
11.559537
10.708632
12.234114
11.863903
11.124745
10.716284
11.970369
12.423285
10.894593
10.655405
11.849894
11.244682
11.298662
12.354701
11.140854
11.148472
11.364373
12.144101
11.995075
11.787688
12.179758
12.021937
11.602193
12.132512
11.600827
11.210781
11.738151
10.966310
12.403907
11.052797
10.833903
11.482365
11.326318
11.459248
10.952376
11.775778
11.271636
11.271636
