11.263813
12.027621
11.378068
11.983535
10.656838
12.096730
12.032407
11.123209
12.205584
11.434113
11.206136
10.745119
11.578940
10.757290
12.047630
11.899242
12.081411
11.387848
11.572231
11.500929
10.934170
12.419581
11.528977
11.300706
11.514957
10.690064
12.313176
12.389903
12.195022
12.149090
12.363206
11.041213
10.941485
11.662397
11.908288
11.012646
10.595826
10.971975
10.658118
11.770595
10.775515
10.712102
11.399507
10.634710
11.775646
11.841363
12.345114
11.733680
11.618769
12.224529
11.134619
11.584643
10.688582
10.665247
12.050535
10.985535
10.782550
12.419236
10.490803
11.130844
11.273822
11.243405
12.074898
12.298587
12.441523
11.137995
10.972967
11.742860
12.141256
10.907508
11.996757
11.757778
10.760247
10.859769
12.115695
11.424564
11.924292
10.733715
11.248656
11.563989
11.983676
10.898647
10.982144
11.347706
11.430445
11.045237
10.745577
11.491049
10.963157
10.853937
10.732992
11.822817
10.613205
11.635896
11.497557
12.030539
11.256234
11.948445
11.791943
11.029088
12.295707
11.065808
10.768220
12.431083
10.849539
10.925446
10.978062
10.984652
11.711103
11.229641
11.950931
11.367620
11.829066
10.850775
11.681394
12.176452
11.144846
12.295579
11.275243
11.210169
11.761380
12.315587
11.027179
12.254074
11.522877
12.415134
11.400360
12.083513
12.050516
11.799892
12.221725
11.910037
11.075881
11.283259
12.031418
11.716478
12.319609
12.079329
11.524114
10.902299
10.768182
11.254213
11.061006
12.226438
10.671728
12.092139
10.832674
11.977261
12.030580
11.403162
11.889206
12.340221
10.974431
11.701722
11.589212
11.713360
10.662004
11.472727
11.580265
11.395517
11.254918
10.577015
10.875227
11.128418
11.748743
11.305991
11.061038
12.173561
11.724972
11.991615
11.388947
11.144952
11.643929
10.957316
12.467080
10.956471
11.401057
10.778550
12.418221
10.727787
11.540925
10.691572
12.130952
10.936896
11.879460
11.689708
11.529082
10.508254
11.007100
11.101464
11.930361
11.549687
12.240747
12.286498
10.858849
11.348233
10.634326
11.396430
12.293549
12.011418
10.775784
11.626210
11.562157
11.756364
12.201618
12.367695
12.075012
11.858345
11.506902
12.372092
11.503648
12.400602
10.821318
11.486123
11.437723
10.576239
12.291045
12.259550
10.620601
11.057788
12.425605
11.457287
12.454629
11.957593
11.395306
12.431137
10.814683
10.796665
10.765488
11.037101
11.169387
12.465953
11.959437
10.695174
12.175334
11.747096
11.239318
11.381312
10.733882
12.381312
11.807571
10.641589
12.143133
10.784267
11.413348
11.979495
10.917339
11.446869
11.878012
11.357998
12.087303
11.252193
11.072373
11.723125
10.782355
11.062109
10.701674
10.840639
12.247681
12.072342
12.243687
12.015948
12.241596
12.064365
10.776373
11.792208
11.933000
12.384120
12.480560
12.327033
11.006188
12.205511
11.026828
12.226526
10.735729
10.948597
10.906092
12.273798
11.915462
11.550477
10.741884
11.828099
12.065115
11.214670
10.917753
11.897221
12.064935
11.330719
12.294081
12.276390
12.393025
11.999177
11.656359
11.891722
10.920727
11.118182
11.526649
10.769051
11.870349
11.818867
11.296888
12.199643
11.766900
11.517010
12.022048
12.363706
11.189817
11.844238
11.304111
11.748111
12.315437
10.818295
10.986275
12.127401
12.148003
10.842504
11.866840
12.199060
11.623830
11.014989
10.803185
11.051811
11.201584
11.004510
11.348470
11.223320
11.469369
11.286128
11.177570
12.277896
12.422539
10.553635
12.138739
11.731613
11.270037
11.454594
10.701337
11.338256
11.717322
11.442378
12.111510
12.005483
10.844845
12.091514
10.724995
10.775103
12.135722
11.117057
11.128020
11.678185
12.342946
11.348116
10.673971
11.870200
10.963049
10.806528
11.747720
11.094681
11.924004
10.916074
10.866794
12.306984
11.360495
11.110961
11.712642
11.296912
11.977957
12.269914
10.667262
12.115029
11.039199
12.126159
11.877057
10.633350
11.312059
11.757697
11.403582
11.473427
11.666381
11.258774
11.867071
11.637549
11.673181
12.192294
11.583458
11.378016
11.621010
11.428838
10.670976
11.361188
12.265275
12.357315
12.060457
11.605622
12.140301
12.443066
11.206621
11.786426
10.621828
11.207567
12.111734
12.214536
12.532138
11.593278
10.887346
11.827758
12.167352
10.714480
11.485331
11.656914
11.860330
11.354221
11.238279
11.745479
11.843368
11.603544
10.807049
12.073630
11.128172
12.068865
11.973616
11.996628
11.701295
12.398541
11.631948
12.393863
11.735069
11.886278
10.895413
10.947693
11.147718
10.892530
10.709358
10.667851
11.590801
11.000981
12.384622
11.049433
12.134956
11.423624
10.706024
11.399354
10.689201
11.300042
12.186986
11.085780
12.458713
11.648138
11.375244
11.415956
11.853698
11.202934
12.191943
10.833254
11.669496
11.140423
11.216622
11.442668
12.188236
11.111436
10.881068
11.868720
11.811958
10.933015
12.417070
12.141840
11.224828
12.265325
12.181788
11.821936
12.158482
11.119216
11.725722
12.415579
11.695604
10.690152
11.213026
12.429900
12.085001
12.022241
11.463383
11.767307
11.596966
11.099232
11.870570
12.109439
11.758181
11.461225
11.398148
12.340981
11.544579
11.393878
10.875296
11.292139
12.367861
11.069181
11.759640
12.248803
10.978276
12.394924
11.599918
11.963529
11.513109
11.850595
10.831408
11.297427
12.257511
11.868319
11.061812
12.133513
11.216737
12.275228
12.273416
11.172011
12.411507
10.744936
12.432307
11.619008
12.239432
10.788461
12.026363
11.315462
10.858560
10.870441
10.724202
12.270390
11.403001
11.847323
10.920034
12.353284
10.623759
12.010062
12.114923
11.266080
11.104131
11.114654
12.108554
12.105742
10.933535
11.222874
10.931231
12.034001
12.099376
11.275659
11.581623
11.858701
10.841722
12.155346
12.448374
12.298249
10.704277
11.546354
10.958976
11.263407
10.763428
12.050654
12.156348
10.810928
10.735451
11.824851
11.158155
11.468145
11.277539
12.361670
10.831324
11.233780
11.279165
10.884170
11.193564
11.225283
12.119541
11.970678
11.406741
11.651812
12.355885
11.479904
11.977993
11.187449
10.837619
12.201337
12.376381
11.712386
11.908564
11.411602
10.830667
10.869138
10.878504
11.164104
11.299103
11.036591
12.280734
11.871335
11.661940
11.102882
11.516575
12.424030
10.817407
11.493909
12.305060
11.554543
11.456444
11.566894
11.163265
11.626016
11.306527
11.755098
11.204158
12.209534
12.444529
12.381608
12.111363
10.722069
11.177746
11.263467
10.777466
12.017424
11.201876
11.378030
10.879423
10.911759
10.712242
11.419051
11.471550
10.858454
11.384465
11.287059
10.849006
11.965488
11.719762
10.833816
11.644178
11.876851
12.035900
11.225253
10.916426
11.964765
11.998152
11.951446
12.435561
11.550087
11.949153
11.154055
12.239385
11.994598
11.353889
12.408589
11.540631
11.431327
10.892429
11.852437
11.595298
11.764288
12.278093
12.217327
12.422968
10.891109
11.370004
10.982995
12.100895
12.102078
11.457353
10.998152
12.086229
11.730031
11.712759
11.714836
10.654100
11.649746
11.288299
12.051637
11.811004
12.229896
11.799050
12.003832
11.834897
12.035413
11.990167
11.768885
11.091995
11.358790
11.669068
11.676015
12.227598
11.218738
11.518512
11.272594
10.742617
11.387152
11.314771
11.489659
12.249214
11.248577
10.955727
11.475607
12.200814
11.734577
10.862960
12.166527
11.796224
11.560317
12.050327
11.477277
10.955751
11.686505
11.317921
11.304538
12.172457
11.208192
10.640995
12.121162
12.109219
11.087925
10.559150
10.992466
11.190443
11.599499
11.115282
10.972444
10.778004
11.114950
11.091049
12.132343
11.697580
10.981716
11.272490
12.172648
11.017616
10.684634
11.278715
12.380866
12.481663
12.049226
12.455346
11.297948
10.958673
11.269987
11.093197
10.407664
11.990668
10.844035
11.587930
11.526688
10.875047
11.330806
10.646674
11.242795
10.796085
12.142134
10.868055
11.747895
11.591575
11.210748
11.674946
11.964115
12.178451
10.849254
10.739380
11.764891
11.382039
11.660871
10.905204
11.439737
12.301490
11.696294
11.557352
11.957117
11.841139
11.135173
12.019089
11.038818
11.567186
12.300149
12.280748
11.164794
11.070731
11.406979
12.020290
12.101661
10.970037
12.403726
11.042499
12.107973
10.955928
11.991305
12.387099
11.844990
11.939389
11.432847
11.763810
12.391581
11.312551
11.139229
11.085891
11.587767
10.714251
11.625244
12.282416
11.911547
12.310997
12.404059
12.314972
11.373799
10.581456
11.780196
11.756437
11.012077
10.777476
11.893113
11.628448
10.854582
11.140797
10.908484
11.055196
11.226904
12.253735
10.893450
11.545538
12.240965
11.919065
11.982468
11.363935
12.121839
11.431715
10.959824
12.023274
11.127839
12.259029
10.871591
12.323580
12.374504
10.864513
12.296313
10.732471
11.111073
11.788944
12.266566
11.934347
12.398265
10.683684
10.647683
10.925962
12.205832
12.195851
12.031003
11.809839
12.344670
11.525257
11.109321
11.962120
11.556124
11.707691
10.647621
12.510850
11.740899
11.005496
10.877660
10.747279
12.267062
10.790551
11.441493
11.288940
11.055263
10.655751
10.598343
11.934584
12.397701
11.518034
11.812043
11.564896
11.644718
12.101854
12.005796
12.358281
11.527093
12.054781
11.616243
10.688697
11.192152
11.227778
12.394950
11.965562
10.705170
11.065965
10.976151
11.886506
11.072131
11.863595
11.702025
11.224936
11.090799
12.374266
10.738174
11.176277
11.844281
10.747483
10.779509
11.977404
12.349575
11.825880
11.971365
11.098244
12.344688
11.350923
12.007712
11.698159
12.067793
11.832164
12.221126
11.482589
12.161743
12.010241
12.328296
10.781862
11.553598
11.157036
11.562616
12.287943
12.389559
12.125476
11.965639
10.679838
12.059616
11.853228
10.996948
12.066396
10.872773
10.630347
10.780387
12.014763
11.093964
11.860882
12.302816
11.206127
10.943637
10.683869
12.422874
11.364344
12.312649
12.055676
11.052185
11.517878
11.516531
12.025037
12.133948
11.242832
11.111710
11.821687
11.855325
11.469854
11.791590
12.095587
11.316552
11.238890
12.217687
11.162877
11.512926
11.455076
11.424641
10.725031
11.183709
12.009533
11.110106
11.092175
11.731793
11.737356
12.297968
11.290499
11.925688
11.813415
11.869892
10.846128
12.309389
11.794471
11.129033
11.330512
11.301807
11.645963
11.460997
11.021265
11.769508
12.356956
11.565384
10.780979
11.978874
11.953522
11.518380
11.156401
12.297605
11.925985
11.140383
11.337154
11.905693
12.025298
10.851467
12.204944
12.031409
10.920043
11.179953
11.817875
12.092368
11.887911
10.879310
10.722159
11.680589
12.403615
10.760052
11.895048
11.769588
12.093139
11.823067
11.647319
12.325517
11.754528
11.315072
12.046705
11.663454
12.287856
12.263055
11.237414
12.340742
11.754923
10.779851
11.164326
11.191660
12.299645
12.568498
11.665867
11.605010
10.740698
11.815152
12.368374
12.410568
11.907162
11.328792
12.312568
11.469605
11.740948
10.786054
11.339312
11.208378
12.075098
11.764617
10.855296
12.180169
11.177534
11.012913
12.151118
12.024022
12.457350
11.811598
11.549283
11.965425
12.382991
11.549916
10.965620
12.312988
12.248661
11.761712
12.046713
12.198076
12.100946
11.257380
11.019986
11.595296
11.476970
10.873211
11.513827
12.141960
12.331030
12.335490
11.142611
12.347375
11.500256
12.125424
11.698483
11.438224
10.971882
10.766120
11.933170
12.366580
11.985474
11.176232
12.307179
12.166581
12.089730
11.036980
11.401090
11.430216
10.768533
10.490253
10.863173
11.949882
10.837190
12.325749
11.442275
12.109967
11.840460
11.727094
11.921046
11.811397
12.139871
12.041865
11.134459
11.852217
11.581484
11.710197
10.790699
10.621354
11.571112
11.016846
11.137593
11.454560
10.750084
11.031438
10.644691
12.198608
11.652882
11.684162
12.259702
10.561108
10.832930
12.051996
12.250944
11.964907
11.247422
10.668990
12.486472
10.791356
11.510267
12.064177
12.260473
10.629438
12.115639
12.422767
12.058269
11.071085
11.030661
12.296444
12.393667
12.348580
10.596974
10.934593
11.809655
11.483661
12.273172
11.910884
10.830631
12.221053
11.530567
12.409718
12.054554
12.123226
11.746363
11.543001
11.362835
12.367878
10.922892
11.157262
11.023402
10.780828
11.205997
11.765475
12.258801
11.675852
12.375442
12.376395
11.818971
10.902967
11.163120
10.792895
11.628303
11.711418
11.292791
12.124387
11.385414
12.044221
11.349047
11.775562
11.269811
10.855078
12.079363
11.319894
11.794867
11.395114
12.332771
11.274557
11.899179
10.844239
11.622134
10.842285
11.916836
11.149549
11.676962
11.015433
12.466218
12.281538
11.598851
12.091616
10.562793
11.732898
11.126299
12.366672
11.085488
11.863525
11.129752
11.322786
12.102363
12.324604
11.538743
11.488167
12.078082
11.086893
12.435591
10.592955
12.416691
11.648502
12.271542
11.860646
11.751329
12.331513
12.205061
11.518351
10.978983
10.817194
12.082192
11.816425
11.490156
11.994845
10.648598
12.307669
12.040210
11.018563
10.983757
10.612385
11.951036
11.163346
11.761630
11.950611
11.818687
11.671728
11.430239
12.210468
12.169844
11.158900
12.333633
12.313779
10.817569
11.229401
11.254825
12.486668
11.183314
12.269884
11.546603
11.131174
12.155699
11.357678
10.955449
11.768455
11.393976
10.780298
10.917643
11.815834
11.402653
10.921767
11.127719
11.504268
11.091070
11.611407
11.140477
11.179238
12.021178
12.034604
10.963466
11.316855
11.479622
12.136866
12.304584
10.970673
12.084836
11.358886
11.545965
12.417994
11.771451
11.011045
12.084517
10.743060
11.093390
11.965418
10.972577
12.304212
11.041851
11.091059
10.976605
11.739817
10.916296
12.001518
11.338927
11.471923
12.377955
11.607555
12.136264
10.914803
10.866067
10.938876
10.741862
12.323407
10.574557
11.648018
12.422044
11.527582
10.866126
11.644604
11.954728
11.493150
12.182301
11.226686
11.991654
12.150315
12.296063
12.232582
12.097125
12.149649
12.031748
11.068632
11.450443
12.176123
12.480802
12.265249
11.651021
11.620225
10.731676
11.314266
10.914056
11.149127
11.466416
11.180116
12.172372
11.006603
11.221070
11.358220
11.405367
11.199752
12.430534
10.776310
12.061100
11.084537
10.897256
11.837221
12.417421
11.672072
11.959355
11.541928
11.161876
12.119271
11.513105
12.106556
10.665659
11.460074
11.930952
11.409753
12.359843
11.172608
11.452271
10.969971
11.993900
11.510309
11.156139
11.399018
10.835927
11.964259
12.001085
11.851676
12.103981
11.759577
11.136059
11.787989
11.541844
11.262940
11.943378
12.094547
11.766855
11.514606
11.647950
11.769905
12.281524
11.247004
11.542360
10.980190
11.786650
11.793701
12.383459
12.502621
11.286884
12.405368
11.761139
10.919059
11.705296
10.673485
12.149963
11.763432
11.355968
12.376742
12.188803
11.614819
11.759666
12.442201
11.070957
12.257244
11.450596
11.436963
10.602467
11.210378
10.704656
11.066898
11.012599
11.847500
12.017085
12.062976
11.655559
10.971299
12.323457
12.427582
11.894065
10.958537
11.299429
11.473569
11.183795
10.857248
11.487303
11.487098
12.056553
11.501608
12.391938
11.575474
11.209136
12.086057
12.140624
11.758350
11.869404
11.401044
11.366424
12.126570
11.783864
10.931654
12.324071
10.922023
11.707367
10.945866
11.676195
11.861924
12.409730
11.424018
11.913708
12.321844
11.810284
10.979991
11.879175
11.065817
11.817956
11.312789
11.662345
11.306325
12.349316
11.964527
10.833170
11.562578
12.088203
10.879841
12.464603
11.089791
11.831528
12.278455
10.945915
12.334172
11.724210
10.718095
11.695521
11.754815
11.372186
12.061945
11.147725
10.791900
11.186399
10.888178
12.199243
10.620578
12.261118
11.929432
12.064593
12.153056
11.128072
12.249270
12.405046
12.387591
12.265898
11.749185
12.383873
10.698789
11.760970
11.976252
11.167704
10.877403
12.145269
11.356984
11.369473
11.317953
11.157207
12.027836
12.255298
11.567830
11.836234
11.616655
11.919090
10.796815
12.064567
11.912617
11.435161
12.036559
11.939263
11.763133
12.276707
11.833696
12.118242
12.051793
11.806974
12.078617
11.476054
12.484647
11.610480
11.642857
10.961009
11.459601
11.513938
12.216342
12.204221
10.817225
12.398827
11.656373
12.085000
12.113537
10.745190
11.608460
11.668521
12.207648
12.208381
11.325884
12.373571
11.922286
11.804857
11.254489
11.674980
11.851417
11.577982
11.936881
11.759525
11.681711
12.518201
11.041907
12.454869
11.368450
11.952495
10.873330
12.022154
12.086679
12.468713
11.798182
11.322636
10.930758
11.130518
12.091850
10.763654
11.377100
11.389195
10.792392
12.104603
11.446089
10.867087
11.185204
12.392233
11.713436
11.538613
12.107192
11.751095
12.328335
12.338432
11.194253
10.809493
11.126460
11.629843
12.078625
12.037916
12.124056
11.790755
10.599492
11.574917
12.052407
12.144518
11.551120
12.250222
10.561715
10.939673
12.178351
10.851739
11.097280
12.451834
12.362296
11.528737
11.544194
10.640156
11.992422
11.307760
11.089227
12.376955
11.178324
10.904321
10.781573
12.233141
10.886371
11.968880
10.895423
12.414957
11.104991
11.511949
10.934112
12.253776
10.713110
11.884369
10.743390
12.023534
11.330458
11.154240
11.540658
11.685870
11.448074
10.715431
11.838736
11.375232
10.751576
11.962926
10.858832
10.930538
11.080382
11.920856
10.866955
10.889026
11.660804
11.699183
11.335716
11.554710
11.101339
11.875276
11.687604
12.206008
11.504134
11.425913
11.631517
12.389352
12.469681
11.547539
12.399347
11.298320
12.226117
10.920233
11.898961
11.771071
10.928259
11.272031
11.669445
12.225995
11.843687
11.999392
10.902083
11.454991
12.091166
11.319405
11.102818
10.691896
11.893369
12.329803
12.288279
12.002081
12.179872
11.669231
12.098322
11.549591
12.171278
11.249268
10.770903
10.907140
11.779261
11.377875
12.076756
10.913568
12.151604
10.845648
11.018163
11.304278
12.256571
12.019147
11.998985
11.367774
12.339002
12.378906
11.827595
11.263860
12.230436
10.969252
11.655009
11.364680
11.921093
11.940195
12.152048
10.954697
11.825167
11.129281
11.206123
11.020001
11.071949
11.516828
11.846913
12.320538
11.577634
12.269967
12.091682
12.156912
12.131702
12.195113
11.393198
11.666135
10.634498
11.779952
11.489644
10.955650
10.707249
11.833167
12.356744
11.652367
12.204624
11.718923
12.311095
11.505931
12.366934
10.717411
11.569359
12.024353
11.601596
11.634613
12.193847
12.372620
12.395761
11.976108
11.481784
11.662999
11.919561
11.611109
10.775287
10.943047
11.677829
11.239978
11.159170
12.289735
12.100500
11.363524
12.099152
12.113935
11.899301
11.160248
11.953604
11.277201
12.158575
12.418391
11.739043
11.429158
11.689788
11.842414
11.469877
12.187580
11.851716
12.066506
12.052943
10.840469
12.163993
11.257497
10.794430
12.384771
10.904894
11.609962
10.828634
11.778106
10.633399
11.872711
11.003361
12.261780
11.971796
12.200106
12.010129
12.165037
10.488494
11.329786
11.122910
11.271241
11.120696
12.050591
11.107851
11.551167
11.260006
11.231028
11.163404
12.242007
12.206892
12.427186
11.941254
10.785478
12.305187
11.236633
11.881658
12.390675
12.229592
11.105023
12.181654
12.227222
11.663314
11.968812
11.279439
11.356495
10.761699
11.356625
10.973946
11.599721
10.935642
10.893435
11.561501
11.915538
12.324693
11.309628
12.114325
12.009179
10.714335
12.250793
12.193068
10.937316
11.834156
10.648470
10.720286
12.130783
11.121283
10.848888
11.940429
11.548219
12.081818
12.301284
11.703571
11.111993
10.750780
12.205708
11.101266
11.743020
10.625170
11.738334
12.329309
12.241772
10.996841
11.766240
11.409634
10.979844
11.884618
11.680381
11.573027
12.317228
11.210107
11.965484
10.904958
11.602376
12.232569
12.267293
11.845903
11.609212
12.032843
10.725671
11.462117
11.804535
12.309518
12.248277
11.590300
12.078690
11.803744
11.760899
11.218342
11.589865
11.567002
10.699105
11.489829
11.952628
10.710933
12.461597
11.395282
11.628958
11.447546
12.143207
11.053012
12.369844
12.499847
11.838426
11.630883
11.691800
11.805158
11.128588
10.704513
12.117493
11.030249
11.066443
11.377378
10.924862
11.036129
11.681051
11.040830
11.680757
12.057596
10.691182
12.053744
11.658556
11.645129
10.807066
12.205281
11.169861
11.649845
11.091537
11.571049
12.100199
11.925746
11.318890
11.649210
10.985577
11.662590
11.374673
11.156686
11.342387
11.399849
10.911134
11.108463
11.172139
10.746061
12.080525
12.423617
11.475515
11.123638
12.190690
10.923769
10.628580
10.918323
11.463004
11.504156
11.831596
12.002795
11.525532
12.369185
12.194963
11.455665
10.982879
12.054977
12.265086
11.313643
10.746010
11.899126
12.013563
12.188697
12.310370
11.623966
10.768049
12.264214
11.633238
11.932033
10.811697
11.327081
10.857603
11.272123
10.941649
12.035862
12.352648
12.239117
12.368939
12.442370
11.325468
11.404957
12.433350
11.767343
10.586340
10.919835
11.397199
11.541269
10.839688
12.093547
11.322714
11.746347
12.128632
11.564499
10.939119
11.786444
11.895030
10.822209
11.489761
11.183467
11.302109
11.540406
11.655061
10.952608
11.625263
11.041524
11.030297
11.366473
10.854500
11.007447
11.793209
11.626607
12.376090
11.688626
11.199606
12.059145
10.865130
11.492718
11.075840
10.648280
11.000227
11.341305
11.097074
12.273114
11.970360
11.412407
12.338922
12.184277
12.090824
12.285245
12.248738
11.658870
10.936858
11.111983
11.816038
12.372993
11.032458
12.280685
11.919952
10.869799
11.970585
11.267589
12.064985
12.024757
10.962830
12.108506
11.268249
12.220891
11.577154
12.399771
12.079837
11.823586
11.411595
12.328171
11.469370
10.854182
11.968996
11.875901
11.617238
11.811424
11.097762
12.026931
10.986452
11.811012
12.329309
11.855362
11.244923
12.021319
11.154641
11.135084
12.370218
11.781836
11.982407
11.002664
11.206683
11.292709
11.206770
12.366289
11.949533
10.919629
10.811147
11.206766
12.412032
11.510406
12.014140
11.969532
12.139388
10.966606
11.989673
11.366137
11.615270
12.437487
11.181798
11.223739
12.030257
11.829358
10.909818
12.382541
12.329451
11.692385
11.399781
12.124701
12.137782
12.281393
12.025412
10.687761
11.799308
12.433938
10.796502
12.315443
11.035997
11.607755
10.627500
12.289558
11.494222
11.587607
11.899716
11.501429
11.891408
11.352792
11.719795
11.648927
11.822719
12.455973
10.904454
11.747133
11.880605
10.715842
12.352322
11.906832
12.453258
11.420968
12.119588
10.625191
10.991577
12.125269
11.041937
12.298428
11.100530
11.460840
10.749241
12.033559
11.845232
12.293756
11.290356
11.354016
12.391574
12.407136
11.807813
10.665411
11.052076
11.907261
11.350922
12.431225
11.167552
12.255640
11.606043
12.098376
12.154643
10.572638
12.355723
11.844645
12.090263
12.210284
11.393554
12.408706
10.960020
11.121936
11.677698
10.689357
10.794020
11.408363
11.395464
11.842696
11.916696
12.127577
11.648132
11.644020
11.062381
12.076421
11.628229
11.782896
12.224383
12.022189
11.852321
12.304592
11.668588
11.943121
10.637395
11.854727
11.735254
10.610960
11.565952
11.513810
12.172213
11.086376
10.644769
12.311525
11.988877
12.377135
12.102039
12.461868
10.804612
10.691941
11.416770
12.467805
12.160212
11.427040
11.013164
11.927113
11.310688
10.595784
10.721733
11.705480
11.714776
10.997607
11.645522
10.755528
12.364960
12.225351
10.658134
12.402824
12.086187
10.870084
10.810922
12.449844
11.730312
11.745517
12.219143
10.730904
11.301843
11.331541
10.788846
12.218338
12.089559
11.230551
11.458477
10.747930
12.098826
11.901341
11.728884
11.618051
11.789170
12.043601
12.294780
11.468116
11.505310
12.074759
11.637793
11.463282
11.724326
11.826261
11.377299
12.106133
12.335920
11.966342
12.382798
11.839070
11.236219
11.609518
10.993682
11.772669
10.711715
11.119231
11.856069
12.018916
11.658907
10.980959
12.133316
10.839522
11.453861
11.967212
10.805164
11.054492
11.702078
11.220593
11.347580
11.618255
11.537673
12.088052
12.275647
11.715165
10.885316
11.712438
11.886352
11.974184
11.657527
12.195655
12.124650
12.353589
12.152873
10.892582
11.933873
11.981476
11.127981
11.970574
11.880135
11.645242
12.411173
11.180106
12.269534
12.119109
10.878211
11.035631
12.301013
12.214772
11.034914
10.796914
11.852298
11.186428
11.849874
11.667638
12.174314
11.767559
12.355374
12.105826
11.035670
11.084084
11.508173
11.891975
12.192343
12.141433
11.670120
12.300653
11.214596
11.634162
11.885847
11.138921
10.990973
12.326114
10.914698
11.629341
11.771379
11.727349
12.213757
11.905968
11.390916
11.594868
11.144292
11.749873
10.756029
11.670637
11.456946
11.233745
12.034065
10.759884
11.836617
10.765011
12.335139
12.052773
12.202968
11.454791
11.282074
12.283465
10.731141
10.992042
11.184316
12.348654
11.695459
11.752550
11.214265
11.298853
11.554184
11.573474
12.464573
11.742120
10.902644
11.138381
12.093808
11.804430
11.912076
11.067128
12.197457
10.874491
11.758535
10.997640
11.816025
11.831113
11.370414
12.027053
11.247966
11.817644
12.173035
10.918650
11.851387
10.709100
11.803950
11.403807
12.009955
10.634713
12.386247
10.981669
12.056145
11.306113
11.902356
12.118059
12.182788
11.519183
11.495675
10.965246
10.642239
12.281102
10.810753
12.117218
11.016401
11.536408
11.933453
11.663466
11.960177
10.613768
11.521254
12.417471
11.413884
11.507530
12.278380
11.065265
10.928041
11.201679
12.377842
11.572449
11.728891
12.394108
11.933266
11.493821
10.894175
11.231478
11.336457
11.114228
10.856654
10.669098
11.137512
10.687225
10.773740
11.189109
11.682255
11.072662
12.039674
11.894333
11.586707
12.450961
11.237685
11.601114
11.277815
11.528446
11.581938
12.020080
12.463734
10.653273
11.682768
11.235599
10.625752
12.379185
10.705604
12.333267
11.832869
10.934508
12.054670
12.127137
12.337414
10.746297
10.848704
10.773591
11.556430
10.734605
11.819363
11.269589
12.236267
11.672533
10.922078
10.552848
11.162995
10.857486
12.150598
12.133427
10.872122
11.743561
11.662830
11.991438
11.745893
11.174617
11.078725
11.169903
11.864088
11.696561
11.783208
11.796599
11.249316
11.286889
11.055535
11.517052
11.606542
11.241744
11.659670
11.902004
12.220997
10.771352
11.429978
11.207114
11.640437
10.926897
11.423467
10.678470
11.257116
12.218520
11.844734
11.631854
12.303534
11.806331
11.026664
11.117386
10.608517
11.032966
11.487055
11.192038
12.154989
11.611831
11.439603
12.144149
11.991194
11.782876
11.022986
10.731535
11.842473
11.620562
11.401471
12.014565
11.763001
11.332242
12.339836
11.463113
11.071708
11.487391
12.024095
12.298386
11.259634
11.467451
12.253847
11.592916
11.799066
11.609263
11.712809
10.708510
11.428418
11.259718
12.416030
11.221502
10.654169
11.832802
11.766956
11.864829
11.091513
11.490213
11.633127
11.938530
12.346226
12.425399
11.537597
10.808823
10.403007
10.973093
11.779134
10.823718
11.502973
11.361243
11.692655
12.319748
10.959118
12.045680
11.570749
10.661023
11.749500
11.203129
11.713971
12.000895
11.673635
11.752619
11.453154
11.149660
10.818228
12.166269
11.301802
11.407126
11.542912
11.255926
11.543500
10.793359
12.265266
11.235367
12.030076
12.326759
11.406773
10.665127
12.128922
11.548510
11.715207
11.064848
10.859618
11.811472
12.153477
11.861039
12.415373
11.804238
11.828067
10.854192
10.643475
12.242755
11.829462
11.639763
11.666204
12.365474
12.061174
11.505520
12.173105
11.116887
12.496382
11.018652
11.907843
11.911281
11.111066
11.392360
11.809138
11.759219
11.172550
10.947695
11.038102
10.666480
12.159249
11.186518
11.113563
10.627871
11.173913
11.475192
11.671169
11.313661
11.262130
12.109887
12.309148
10.850295
10.958958
11.192963
11.472490
12.303890
12.340024
11.770801
11.176906
10.669777
12.024427
11.872478
11.818036
11.854480
12.391986
11.145975
11.937667
12.151498
11.722460
12.143430
11.805928
12.438397
11.468982
11.119847
10.592961
11.757459
12.239929
11.881802
11.003740
11.774024
11.862212
12.007262
12.165810
11.891460
12.356264
11.864194
10.894971
11.497253
11.193513
10.872598
11.092702
11.585326
11.162368
11.068347
12.406866
11.013661
11.980424
11.511669
10.993443
11.050915
11.126486
11.676804
11.215891
12.036338
11.420019
11.695560
12.355653
12.171457
10.737462
11.531917
11.313594
12.207969
10.580908
12.469380
11.098112
11.904311
12.395503
10.913079
10.786296
10.894423
12.489561
11.037105
11.852825
11.813127
11.136426
11.449536
12.177331
10.941181
11.471311
11.086576
11.747156
11.422775
11.434573
11.880272
11.663606
10.682601
10.981328
10.836657
12.402185
11.525236
12.155883
12.024986
11.503525
11.239868
12.341565
11.609291
12.319166
11.117690
12.326093
11.576918
12.256425
12.059316
11.689301
10.668063
12.294366
11.194772
10.613449
12.240399
11.648746
11.488017
11.424212
11.188348
10.962259
11.493284
11.378672
11.214428
11.538460
12.211610
11.961406
12.069160
11.545369
12.284223
12.010739
11.893694
11.443173
11.082155
12.413096
10.886426
11.605188
11.691623
11.787334
12.088054
10.715009
12.273955
11.856360
11.476837
11.260298
11.726186
12.105622
12.452875
12.054046
11.685441
12.147356
11.945878
11.441264
11.554644
12.220987
11.326769
12.252332
11.660872
12.095212
11.182502
11.437809
10.853611
11.331438
11.472172
11.654875
11.473899
11.518630
11.596591
10.938547
11.730708
12.020725
12.334679
10.910244
11.898481
11.659767
10.866750
12.089111
11.845663
11.373479
12.199714
11.696228
12.282184
11.144140
11.287206
11.855275
11.604912
11.184290
11.356872
11.443490
11.234032
12.087162
11.435784
12.078855
10.826113
11.756055
10.921271
12.329435
11.367814
11.319351
11.187577
11.370947
12.029012
10.832779
10.766235
11.487193
12.001246
11.844635
11.410534
11.494774
12.268243
10.725002
11.594220
11.165565
11.703422
12.402366
10.842417
11.502646
10.704848
11.810827
10.730211
12.078792
11.925914
10.806422
10.777832
11.742567
11.135037
12.137803
12.225550
11.975752
10.970662
12.346087
11.107348
12.188940
12.116555
11.895240
11.076822
12.218551
11.347214
11.020781
11.161563
12.222902
11.045231
10.601289
11.573090
12.310204
12.429701
11.266884
11.781225
12.365290
10.742883
11.753273
12.412763
11.125459
11.467059
11.271328
11.976909
12.269498
11.285714
11.958056
11.413434
12.283994
12.004031
11.780573
12.352489
10.820224
11.894203
11.945867
10.973437
12.232071
11.598513
11.490347
11.682833
12.146299
11.270792
11.683182
12.090705
11.940252
12.104602
10.619458
11.565683
10.924350
11.962767
12.141487
10.658871
11.680720
10.697974
11.213431
11.553595
11.945292
11.121295
10.985318
12.070162
10.823593
10.975897
12.298371
12.267365
11.781370
12.450255
11.444838
12.278278
11.670538
11.882520
11.254408
11.719341
12.079215
11.167519
11.186989
11.723314
12.351782
11.808875
11.184322
10.680761
12.024102
11.770283
10.992747
12.383542
10.971881
11.252843
10.966881
11.236760
10.614666
11.204908
10.438498
11.630440
12.223990
12.283662
12.452168
11.676443
11.802931
11.210383
12.007381
11.415753
12.312838
10.589467
11.184994
11.661393
11.575215
10.741217
12.133697
11.131950
11.743429
11.882189
10.982721
11.437598
12.289906
11.091084
10.944468
11.659215
11.186977
10.716449
11.105379
11.671111
11.648755
11.471730
11.502902
11.360382
12.255260
11.984183
11.614415
11.277558
10.803725
12.197325
12.106214
11.740766
11.323499
12.212277
12.368752
12.220112
10.893784
11.759722
11.877616
12.110977
12.176737
12.421815
11.717041
11.354334
12.303972
12.129729
10.997470
12.056215
11.806507
11.090892
12.197417
12.127572
11.088839
11.604624
12.195442
10.895024
10.745659
11.815417
12.087232
10.832677
10.783654
11.822263
11.154302
10.932795
12.352070
12.309952
12.313397
12.092716
12.406367
12.106610
11.359980
12.027357
11.441830
11.324492
10.713979
11.959174
12.370976
11.922903
11.945150
12.160980
11.900266
11.924059
11.887915
11.844992
11.868582
11.555992
11.527290
11.679837
11.801280
10.714561
12.297353
12.169226
11.894121
11.043747
11.321734
11.003411
12.216216
11.895027
11.409131
11.343448
12.368137
11.138315
11.443734
12.132472
11.568105
11.657146
10.825213
12.366764
11.127673
10.680842
11.257070
11.875680
11.183329
11.635372
11.632435
11.677045
12.060797
11.664690
10.792432
12.257414
11.666670
11.366424
11.019958
11.976569
11.586808
12.404527
11.791338
11.488329
12.067051
11.997314
12.039071
12.034149
11.537611
11.815151
11.286752
11.159514
11.614109
10.761821
12.366557
12.031017
11.919269
12.105783
12.007957
12.181883
11.865527
10.545436
10.984686
11.833677
11.936109
10.777492
10.793247
10.564294
12.446680
11.938800
11.735811
12.089327
11.676765
11.320465
10.627843
12.422832
11.360517
11.301159
11.939938
11.554758
12.062625
11.628259
11.826515
10.998876
12.434345
11.793621
12.097210
10.815850
11.606504
12.212314
11.640872
12.093583
12.295020
10.842630
11.020846
11.272101
12.476988
12.098970
11.305400
12.365573
11.536545
12.188568
12.354699
11.822572
11.883345
11.205168
11.735998
10.836101
11.053673
11.751546
11.505329
12.207872
10.942659
11.015019
11.921305
11.336838
12.094310
11.706092
12.400222
11.003159
11.467371
10.901462
11.049054
12.012088
12.188936
12.320753
11.203323
10.926890
10.830293
10.873542
11.020462
12.433476
11.838071
12.277818
11.252793
12.153853
10.844091
10.985355
12.356906
12.406224
12.280963
11.397039
11.709505
11.705619
11.600172
12.261667
11.475807
12.217027
11.830151
11.983872
10.930664
10.888245
10.832935
11.385929
11.694404
11.569276
11.441082
11.173174
11.905666
11.967028
11.721429
11.819921
11.108444
12.125878
11.650060
10.595110
11.459721
10.927180
12.387915
11.726663
11.808731
12.274160
11.379088
11.851176
12.097532
12.189291
10.697205
12.064428
12.073033
12.055936
10.789983
12.255622
10.869998
12.104513
11.920806
11.112887
12.076439
11.181514
11.716639
12.368125
12.020449
12.290743
12.441763
11.159207
11.816180
11.369953
10.788385
10.905916
11.901557
11.834269
10.816471
10.927786
11.686874
10.615461
10.807910
12.107887
11.855574
10.996609
11.396536
11.854446
12.587570
11.209174
10.993026
11.707737
12.369194
12.279482
12.389872
10.802461
10.851243
11.493004
11.278352
12.162339
10.868904
11.956197
12.204339
12.420756
12.239787
12.255836
11.760562
11.115497
10.737036
11.655353
11.296144
12.470596
11.908208
11.061713
11.078152
11.270854
11.081395
11.024007
12.410591
11.284895
10.796701
12.340696
11.920976
12.181076
11.870610
11.382970
12.344843
11.224615
10.876038
11.016092
11.785092
10.840613
12.030978
10.937746
11.326235
12.209317
11.082112
11.760860
12.126016
12.363931
11.154760
11.112853
11.631035
12.303390
10.872146
10.813758
11.315579
12.044035
11.876107
12.177010
11.825574
11.555997
11.286017
12.271198
12.334119
11.262678
11.668316
10.678187
11.694885
12.071577
11.149069
10.701118
12.066710
12.188455
11.661154
11.517278
11.178025
11.679009
11.887022
10.776225
11.977128
11.011201
11.293531
11.268781
11.658311
11.560329
12.339776
12.223961
11.489700
10.896492
11.333255
12.107320
10.629244
11.115742
11.202364
10.809124
12.165280
11.630859
12.362482
12.171181
11.923281
10.988669
11.883972
11.223250
12.364224
11.409145
11.128068
11.212025
11.776218
11.999908
12.184335
11.287670
11.524255
11.833879
10.858442
11.425714
11.827143
11.097011
11.179958
10.862038
12.067043
11.929686
12.146252
11.884015
11.953860
10.762111
10.770294
12.114749
12.034418
11.397361
12.158259
12.216162
11.915553
11.733138
10.708413
12.140712
12.122502
12.068665
11.128540
11.311195
11.452678
11.992735
10.920724
10.917662
12.345174
11.154454
12.113708
12.218166
11.709306
10.873763
11.948489
11.618672
11.677653
11.055547
11.935534
11.758318
12.366694
10.594468
11.880645
12.468577
10.807012
10.735780
11.143728
11.607455
12.077187
11.927410
10.850591
11.287624
11.511665
12.127550
12.078547
11.830636
12.070160
11.258450
11.573717
12.030959
11.018128
11.106133
11.442314
10.801677
12.090239
12.363211
12.248001
11.982630
10.802972
12.403122
11.791988
12.237673
11.643930
11.039746
12.282539
12.252501
11.750555
11.862837
12.030430
10.504521
11.900812
12.389154
11.351951
11.086473
11.236837
11.325837
11.267955
12.490204
11.206918
11.439507
11.601893
12.327216
11.333644
10.907083
10.740371
10.919662
10.700719
12.350071
12.069951
10.990870
11.126328
12.346269
11.188674
11.828369
11.517448
12.098398
10.745463
11.367285
11.668369
11.574205
10.896142
12.197311
10.957097
11.395873
11.855832
11.288759
11.175797
12.112692
11.756677
11.457268
12.446882
12.166803
11.555260
11.354604
10.784923
11.300491
10.813080
11.760343
11.262192
11.973588
12.018787
12.321487
11.730938
11.264716
11.201072
11.199983
12.337977
11.701740
11.114861
12.234220
12.381510
11.832489
12.230970
11.719993
11.897358
11.073843
11.186971
11.949568
10.913801
11.339691
11.969688
12.346821
12.225967
11.137989
11.855661
11.968411
11.831378
12.008099
11.196442
11.769553
12.215270
11.028537
11.568057
11.939084
10.885020
11.781201
11.614722
12.309304
11.534780
11.291011
11.498178
11.296734
10.999960
11.487254
11.623018
11.463537
11.642173
11.376528
11.882885
11.609007
11.829017
12.043331
12.074585
12.421579
12.093731
12.099188
12.342679
12.155159
10.943880
11.794578
11.858273
11.936094
10.639130
10.765111
11.131158
11.074897
12.083267
11.683723
11.356612
12.469364
12.032130
11.464945
11.487944
11.148520
10.730703
12.042267
12.084342
11.808149
11.835774
11.065371
12.053928
11.895666
11.729490
11.552420
11.632547
12.037993
11.564026
11.786017
10.768201
11.437735
11.092258
11.711847
12.290513
11.376586
10.662028
11.297775
11.977065
11.736482
11.404109
11.539640
12.230046
12.234256
12.429606
12.185995
11.368514
11.484289
11.853690
12.030021
11.673931
11.195918
12.168577
11.744983
10.762561
12.435049
10.732116
11.395662
10.966492
12.485850
11.801622
11.222511
12.211132
11.671755
12.228572
12.275396
11.661994
11.117304
11.527082
11.551279
12.377531
12.531190
10.966165
11.249899
12.072475
12.242153
11.055789
12.020250
12.206843
10.810311
11.747508
12.387110
11.605490
12.107271
11.777547
11.359532
11.751969
10.853548
11.171930
11.361205
11.243388
11.382050
11.276541
11.576564
11.532375
11.611097
10.867554
12.327399
11.123390
11.505288
11.028287
11.741322
11.113684
11.721541
11.343244
11.793791
12.287644
11.495701
12.172730
11.677010
12.223090
11.236814
10.829611
12.489905
11.195459
10.555534
10.892203
12.159522
11.046924
10.940434
12.217138
11.251527
11.147371
11.908494
12.357774
11.117426
11.910763
12.170727
11.172499
11.996694
11.550824
11.597537
10.871134
11.712321
11.687837
10.992310
10.842296
11.101143
12.177049
11.515349
11.551702
12.518601
10.949136
11.614503
12.026843
12.295407
11.602378
11.190577
11.681710
12.080795
11.869461
12.268257
11.915638
12.202260
11.648833
12.090927
11.768989
11.383851
11.122865
11.395264
11.511899
10.800745
11.280453
12.193790
11.257617
12.468522
12.090343
11.322067
11.666836
11.988053
11.420332
12.301177
11.142597
10.946956
11.748457
10.978228
10.868782
10.848058
11.765367
10.564238
11.419950
12.039756
12.310392
11.696243
11.979753
11.906430
11.000344
11.360004
11.500439
12.285441
12.275554
11.793492
12.270535
12.184743
11.670279
12.183597
11.837456
12.035249
11.938016
10.895417
11.926622
12.305361
11.979004
11.852166
11.096408
11.737387
12.042482
12.257190
11.449823
11.639680
10.674263
11.624615
12.204897
11.621062
12.133757
11.989735
12.132303
11.695497
12.443853
11.870724
11.675512
11.833601
12.062677
10.487207
11.901849
12.118503
11.223274
12.442534
11.465520
11.149875
10.704235
10.682349
11.555522
11.477167
11.028158
11.373370
12.209361
10.737906
11.526095
12.385442
11.579791
11.016614
12.401100
11.871273
12.044562
11.352747
10.662122
10.940734
10.960922
12.355249
12.105285
11.934680
12.231298
11.910635
11.051309
11.784229
11.380613
12.186359
11.590069
11.768333
11.069774
11.301919
11.687164
10.783048
11.424900
11.151415
10.639810
12.275334
11.131729
11.370288
11.504065
10.823033
12.339533
10.733672
12.296308
10.998206
11.961690
11.722191
11.993221
11.440770
11.985006
10.752960
12.328117
11.260362
11.182033
11.724463
12.122195
12.030765
11.078507
11.425248
12.263215
11.994685
10.649211
10.691293
12.106073
12.174574
12.370586
10.847732
11.554233
12.240662
10.822345
11.281728
11.842010
11.855196
11.924974
12.430442
12.342320
12.423090
11.428624
12.078466
12.249071
10.803914
10.998203
10.806254
12.118680
12.173607
11.474617
10.933533
11.966689
12.184037
12.212937
11.991427
11.250040
12.351784
11.953130
12.049252
10.729913
11.366665
10.551013
10.978140
11.001228
10.625241
11.274332
11.154045
12.150105
11.969435
12.072570
11.067590
12.001275
10.676632
10.646178
11.055538
11.113471
10.753044
12.223789
12.026435
12.078798
11.735869
10.744058
10.953493
12.158128
12.186959
11.856429
12.214835
10.857176
11.507284
11.859290
10.895481
11.819090
10.633061
11.414755
12.430857
11.738734
12.245069
11.207455
12.115913
11.228856
11.727285
11.331514
11.064109
11.902086
12.406467
11.231619
11.370600
11.334009
12.319231
12.385133
11.761741
12.378035
11.979909
11.720108
11.171601
11.844740
12.148254
11.034963
11.018699
10.870780
11.992634
12.030955
12.388729
10.707967
12.230879
12.150491
11.765971
11.130489
11.516648
11.175999
10.815712
12.178895
11.683333
11.635921
12.123302
11.461470
12.183505
12.173979
12.241019
10.670165
10.794004
10.671574
11.562255
11.796785
12.169975
11.891303
11.091702
12.415308
12.348383
11.257062
11.009335
12.263505
10.876179
11.617526
11.730333
11.172207
11.642468
11.835464
12.116223
12.370143
11.219456
11.852029
12.214007
11.974801
11.503130
12.259512
12.379709
11.283475
12.001251
11.884203
12.305915
12.051455
12.419180
11.855659
11.954590
10.800943
11.295961
12.059462
12.458726
11.769541
11.225979
12.066764
11.480247
10.716220
12.424849
10.504328
10.828344
11.656571
12.105664
11.363752
11.149928
12.126411
11.652663
10.717264
11.437787
10.827274
11.322108
10.858891
10.895611
11.218437
11.693701
11.610580
10.998888
10.798727
10.601520
10.949173
11.000868
12.174694
11.032736
11.574079
11.894104
10.610159
12.124418
11.654854
10.552976
12.224208
11.316116
11.053254
11.770837
11.559378
10.766290
12.162104
11.216473
10.831387
11.742570
11.909445
10.640737
11.681945
12.416036
12.385898
10.844553
11.890330
11.232022
11.409420
12.247434
12.034271
12.301590
11.530444
11.693882
12.246477
11.470288
11.684784
12.154412
11.111747
12.050617
10.958977
12.188857
12.198635
10.920232
12.197371
11.858397
10.983872
12.064958
10.670287
10.945179
11.927814
11.559757
10.971969
11.051842
11.997012
11.854386
12.266929
11.266297
12.219453
10.713945
10.672732
11.984743
11.009375
12.140858
10.987656
12.379989
12.249350
11.854054
11.449015
12.332663
11.839725
12.307023
10.823874
11.256644
10.895649
11.753565
12.338278
12.276974
11.646843
11.396658
11.343862
11.365450
11.225305
12.155497
10.841946
11.025945
11.910944
10.723258
11.784574
10.844935
11.239447
11.465378
10.691943
11.867781
12.369152
12.265996
11.274161
10.892517
10.988585
10.721320
10.742819
11.302618
11.930346
11.984416
12.110382
11.027736
11.012336
11.824847
12.385068
10.885055
11.222177
12.100738
10.894010
10.694987
11.929164
11.344799
12.267975
11.469354
11.393140
12.035251
10.763216
12.289432
11.778826
10.712911
12.144370
11.231015
12.113560
12.030795
10.806194
12.382388
11.958827
11.451064
12.403177
12.143288
10.931154
12.123678
11.593981
10.645257
11.188253
11.976859
11.891999
10.891531
11.282166
11.420195
11.127240
12.145338
12.282413
11.130994
11.842187
11.736004
12.001134
10.917693
11.838933
11.894658
11.213610
10.882049
11.974386
11.204533
10.585629
11.512752
12.075990
11.773139
11.040065
10.919288
10.762009
11.429024
10.504239
11.809140
11.572713
10.798010
12.310493
10.602078
11.598193
10.631118
10.805666
12.401030
10.796416
12.244000
10.760867
10.874740
10.644059
10.664251
11.022572
10.917384
11.205797
12.112306
12.161380
11.626166
12.314990
11.802682
11.941590
11.218468
10.677154
11.776434
12.356875
11.629788
11.863557
11.881694
11.926668
11.877266
11.304773
11.780767
10.974024
10.881656
11.917223
12.475432
10.732644
11.472367
11.325375
10.729384
10.834105
12.177348
12.255446
10.619601
12.022163
10.958279
12.479431
12.269250
11.225557
11.997289
11.973590
12.319294
11.725378
11.338524
10.673182
11.601091
11.233411
11.909307
11.201835
11.220073
11.880791
10.788649
11.308517
11.438795
12.457946
11.239500
11.870115
12.035590
11.576685
11.426430
11.569495
11.886314
10.969245
12.403149
11.807407
10.991261
11.419580
11.600391
12.236037
12.095714
11.428368
11.710064
11.032098
11.617905
12.227353
11.606384
10.838682
11.973971
11.607987
12.003146
11.253478
11.611906
11.040875
12.283533
11.632164
12.328589
11.767378
11.380534
11.905304
11.151560
12.401920
11.702900
11.031426
11.512675
11.383562
12.179333
11.690549
11.995652
11.481006
11.788864
12.013169
10.758141
12.417041
10.980075
11.492718
12.147390
10.727881
12.420601
12.307961
11.753470
11.687562
12.222694
12.167826
11.454565
12.261412
11.203039
10.709674
10.968309
11.321526
11.787198
11.846578
10.630601
10.738352
10.953992
11.852729
11.234910
12.192455
11.575284
11.870857
10.966641
12.276664
12.346027
11.023386
11.691180
10.906050
11.431577
11.404608
11.594860
12.222658
11.861637
11.577794
11.593455
10.955838
11.477508
12.006795
10.680456
12.271611
11.211958
12.228447
11.618536
12.404215
11.334447
10.780847
12.068303
11.655700
11.673636
11.212798
11.452987
10.407492
11.509226
11.602212
12.221533
12.529033
11.801431
12.270609
11.440770
11.199130
11.446243
11.723774
12.208342
11.221413
11.556800
10.850397
12.463513
12.262410
11.265957
11.944916
11.386692
11.147949
11.957121
11.979758
11.009155
11.950639
11.598463
11.729762
11.170984
11.515223
11.635765
12.362828
11.100214
10.662541
11.565521
12.335902
11.773369
11.280616
11.028815
10.790217
12.295533
11.674020
11.858823
11.857901
12.286670
11.697753
12.452523
11.638901
11.987251
11.373186
11.780061
10.698946
11.657753
10.732150
11.418288
11.211766
11.833208
11.960016
12.348017
10.627796
11.955718
11.382930
10.589465
12.487019
12.325127
10.577450
12.368235
10.967183
10.710650
11.411106
11.863974
11.080357
11.530310
11.840252
12.269735
12.394071
10.747881
10.834828
11.500808
11.013033
10.465283
10.700978
11.320743
11.060061
11.750582
12.114012
11.001130
10.642446
10.724699
11.705593
11.617473
12.211854
11.919925
12.127465
11.819130
10.948498
12.320045
10.770126
11.985189
10.541820
11.314809
11.307120
10.730879
11.630422
12.387586
11.107241
12.084835
11.139301
11.184621
12.151906
12.293792
12.369886
12.231894
11.117232
12.243056
12.181439
11.383897
12.113835
11.575107
11.408611
12.293493
12.019342
12.082303
11.507935
10.527158
11.861591
11.583449
12.104878
11.437381
12.335934
12.442331
12.424834
10.735882
10.930720
11.461964
12.027805
11.106813
11.151722
12.432150
11.605172
11.201404
11.535647
11.770574
12.198843
12.224731
12.098046
11.628594
11.697874
10.970845
11.115983
11.394491
12.222834
11.811446
11.971705
11.796687
11.380775
12.263630
11.026996
11.410770
11.259907
11.075203
10.951265
11.163954
11.643420
11.645009
12.440987
10.846678
10.548285
12.415454
11.430125
10.875347
12.323930
11.947063
11.003393
11.749679
11.501719
11.562315
11.551416
12.478724
12.024291
12.050274
11.697086
10.994486
11.792215
11.520078
11.957607
10.676022
12.039077
11.648623
11.905147
12.010534
11.279143
10.548867
12.133208
11.137957
11.728644
11.859596
11.893332
11.455598
12.290649
12.399104
11.795470
10.913599
10.951040
11.759736
10.796382
10.678146
10.867696
11.985493
11.587522
10.769495
11.797256
12.229050
10.996036
11.110997
12.319644
10.772000
12.298831
11.200704
11.883647
12.077097
12.356546
10.838728
12.191552
11.884833
12.308296
10.865735
11.183752
11.773035
12.382909
12.238735
11.618317
12.169711
11.916809
12.412085
11.298679
10.876777
10.850705
12.367581
11.912814
12.319074
11.426134
11.757920
11.519296
10.889757
11.026178
11.779351
11.016821
12.031729
11.337370
11.117247
11.540824
11.112178
11.734373
12.291965
12.204205
11.410939
10.802312
11.780348
11.205055
12.226592
11.170225
10.661118
11.550564
11.369140
11.430715
11.599453
12.321675
11.160494
12.070425
12.318894
11.489685
11.784899
11.084388
12.095938
11.694775
11.502973
12.056672
11.536398
11.123977
12.205962
11.240095
12.226390
12.081040
10.951933
10.679345
12.097018
12.379242
11.883743
11.758591
11.547561
12.025112
11.275660
12.063199
11.114124
11.115849
11.887206
11.086976
12.011975
10.903855
11.458988
10.945914
11.364368
11.521914
12.377568
12.089291
12.386677
11.864946
11.770150
10.805921
10.915896
11.676346
11.865589
12.498491
11.110713
12.360282
11.969168
11.273256
11.009242
11.541334
11.888737
11.246238
10.618369
10.720822
12.315406
11.331407
12.208453
11.861406
12.111808
11.184699
11.105641
11.363569
11.574724
12.120655
11.627738
11.311011
11.043667
11.826593
12.145412
11.269135
11.507964
11.303363
11.933125
11.581533
10.963966
11.937740
11.229313
12.151437
12.226078
12.215825
11.713200
11.633301
11.218863
11.097964
10.917940
11.098379
11.403930
10.914650
11.046449
12.170573
11.822926
11.372379
12.203114
12.150349
12.217958
11.283125
11.330236
11.624983
11.134829
12.007282
12.084653
10.929864
11.345810
12.039092
12.098038
11.883832
12.355198
12.184209
11.541665
11.767098
11.279451
10.951360
10.780455
11.909020
11.326010
11.599504
11.167758
11.918256
12.516147
11.528688
11.759285
12.310318
11.174105
11.196695
12.110678
10.568241
12.415913
11.452170
12.344410
11.366628
12.405704
11.854591
12.334999
11.620899
11.690514
11.238450
11.866074
11.973151
12.332710
12.342264
12.396428
11.494018
10.815632
12.374451
11.174412
12.414420
11.743295
11.793555
12.265647
12.085759
11.610901
12.388299
11.010945
11.666710
12.296203
11.426761
11.597909
11.985766
10.614056
11.708827
12.188300
11.995172
12.110146
11.507048
10.960263
12.304766
11.391787
12.013411
11.335542
11.883713
11.816786
10.870814
10.911415
12.384077
11.332020
11.028682
11.918023
11.269240
11.589554
11.065624
11.250670
11.565780
10.813532
11.085377
11.867445
10.896062
11.281916
11.667776
11.581239
10.831309
11.622065
10.940198
11.182720
11.732233
11.786577
11.317529
11.165991
11.981011
11.559765
11.555050
12.315306
12.280063
11.815738
12.027052
12.111762
11.944635
11.662534
12.268811
11.573122
11.223723
11.580716
11.498614
12.331987
12.137731
11.953397
11.371514
11.885279
11.969797
10.633099
11.716485
11.549953
12.325366
12.350413
11.262242
12.450675
11.919926
10.758851
11.056412
12.132143
10.914549
11.888244
12.297879
11.972139
12.442141
11.491881
11.696861
10.540179
10.862675
11.913498
12.126510
11.525150
11.526480
11.534491
11.947637
12.015499
12.217677
12.291390
12.275123
12.347218
10.703575
11.807402
12.127101
11.061517
11.624824
11.631910
12.117447
12.001366
12.051361
12.202594
11.039966
10.919279
10.954223
12.322359
12.315898
11.817791
10.734610
11.756567
10.944834
11.975658
11.612809
11.987459
11.551485
10.980343
11.977024
12.074078
11.881828
11.024340
11.745885
11.502341
11.602433
12.275479
11.710325
12.371904
11.764761
11.703071
11.932443
12.290291
11.502334
10.676101
11.668061
11.229097
12.218964
12.166559
12.344271
11.898498
12.142932
11.076249
11.491471
12.490349
12.062770
11.546589
12.418568
11.292739
11.775369
12.254839
11.026244
10.833921
10.785860
11.078183
12.157321
10.797821
11.873094
10.724848
11.223701
11.770642
12.362809
11.285831
11.234721
11.156197
12.334410
11.406488
11.551760
11.224381
11.942345
11.710578
12.221062
11.304714
11.723864
12.439013
10.733749
11.355035
12.016949
10.665135
12.344215
11.800030
11.127006
12.412270
11.860010
11.834910
12.072962
11.284915
11.183992
11.925455
11.147294
12.027083
12.463079
11.858048
11.742224
12.303396
11.695222
11.322698
10.613220
12.368053
11.499495
12.296985
12.146004
11.247200
11.247200
