11.453267
11.185889
10.899893
12.398284
11.948085
11.593510
11.810032
12.217673
12.304742
11.707750
11.810148
11.274982
11.963035
12.395775
11.950327
11.003944
12.361211
12.464246
11.006434
10.795196
11.715799
11.346744
11.687523
12.424160
10.792226
11.830475
10.942855
12.400732
11.298509
10.820878
11.844066
11.783607
12.143972
12.350908
10.826009
10.867826
11.516135
12.389145
11.509791
12.258749
11.987964
11.483091
11.867217
10.512944
11.438727
10.940121
12.043054
10.863513
12.493728
11.889111
12.299352
11.517675
12.017780
11.899197
11.390806
11.603173
12.068329
10.758166
10.683224
11.054548
11.484606
10.708093
10.971657
11.279591
12.306427
12.013729
11.034020
12.352416
10.804604
11.381543
10.762484
12.331466
10.964373
11.799330
11.552570
12.194383
11.790387
11.718513
12.351915
11.662946
10.923232
12.141748
11.926867
12.289710
11.093381
11.135205
10.942560
11.974052
11.546380
11.632495
11.495043
10.872656
12.427862
10.795120
11.051295
10.940553
12.352264
11.203565
12.200142
11.629442
11.296050
11.645309
11.542307
12.159289
11.636349
10.667013
11.494280
12.010412
12.060150
12.216934
11.241990
11.734026
11.825670
11.810400
12.387953
11.147456
11.169562
10.867382
11.649466
11.326417
10.989572
11.398663
11.556640
11.686083
12.238117
12.045091
11.623180
12.235911
10.795334
11.913902
12.446627
11.918404
11.997446
11.144317
12.207582
12.003202
12.291846
11.098222
12.285723
11.278713
12.331060
12.078320
10.663470
12.294284
11.146717
11.049954
11.115599
11.015815
10.761919
11.526513
11.800068
11.240940
12.526254
11.522322
11.142101
12.157248
12.265652
11.489229
10.963329
11.933474
11.594226
12.213162
11.214960
11.446781
12.438892
11.962550
10.700917
10.766270
10.843600
11.259395
12.124862
11.160650
11.789383
12.379626
11.873541
10.609832
11.628729
10.963571
11.470845
11.959859
11.223508
11.443820
12.218949
11.177697
11.972986
11.540926
12.214037
11.648331
11.498642
11.422138
11.834228
12.363539
11.264491
11.114658
12.477409
11.658546
10.854210
10.688466
12.151771
12.152035
12.263815
12.133367
10.729540
10.911999
10.858296
12.068179
10.818374
11.751997
10.806506
11.481457
11.497670
10.858660
11.973695
11.363705
10.804267
11.685943
11.854507
11.399444
10.984144
10.875751
11.218185
11.347249
11.653152
11.575464
12.160036
11.449337
11.912258
10.922323
11.331962
10.851621
12.285623
12.131787
10.861646
11.786142
12.264538
10.957156
12.173029
12.145335
10.672690
11.548379
12.123656
11.699553
11.712346
11.778047
12.244493
10.890841
11.433658
11.636234
10.771377
11.172337
11.619705
12.024792
11.994970
12.543792
11.527082
12.084157
10.971617
11.590564
10.935379
12.460327
11.848539
11.287788
10.761927
10.966911
12.217611
12.049904
10.725116
12.323411
12.411611
11.824235
12.127344
10.832233
11.375020
11.313094
10.834307
11.474089
10.700910
11.273430
11.360446
10.945358
11.357746
10.978559
11.858965
10.623146
12.135320
11.801314
12.125772
11.180329
11.221221
11.582662
10.998729
10.743878
11.078067
12.341470
11.359093
11.411121
10.767049
12.105635
12.355178
11.359989
11.786391
12.262729
11.028988
10.950700
11.589032
11.114323
12.059572
11.361839
12.051273
12.374192
11.108856
12.239849
11.851965
12.371629
11.617945
11.105520
11.345571
12.430438
11.196459
12.278023
11.887428
11.612231
12.019946
11.511367
11.615036
11.617197
11.176201
11.167177
11.594317
11.862316
10.943080
12.041384
11.011124
12.031798
11.683254
11.319355
12.408507
11.973338
12.242022
11.749229
12.378556
11.942955
10.933548
10.917342
11.772729
11.729324
11.293242
11.669996
11.254371
12.187794
11.615103
10.868307
12.017729
12.071076
10.754847
12.003524
11.503757
12.308388
12.500264
12.200423
10.989317
10.948163
11.994752
11.502506
11.889843
12.356545
12.290407
10.984090
11.177265
10.713731
11.203205
12.016157
12.349694
12.441232
11.763067
11.415333
11.443144
11.390425
12.078950
11.823526
10.680181
11.956757
11.305120
12.490986
12.159988
12.299158
12.026988
11.864693
12.296805
11.317283
11.486377
11.494725
12.116242
11.102504
11.209196
12.226834
11.981634
12.090472
10.784823
10.604672
11.558898
12.218142
10.674979
12.357686
11.355505
11.954382
12.437467
10.828519
10.827642
11.366429
11.932377
11.606861
12.228075
11.726957
11.425575
12.316760
12.428197
12.135592
11.948184
11.044674
11.150628
11.861492
11.795962
11.857711
11.660475
11.460327
11.000294
12.083644
11.716548
11.417193
10.722046
11.768835
10.972850
11.296555
11.673583
10.904836
12.039351
12.410086
12.387562
12.325028
11.353431
11.629564
10.744520
10.844322
11.989349
11.135074
11.584305
12.087929
11.366193
11.753676
11.604839
12.240862
11.443496
10.808361
11.877863
12.182994
11.057854
11.490928
12.068427
11.121202
11.503531
11.101103
11.276915
12.038564
12.425249
11.820899
12.351079
12.010823
11.992288
12.223453
12.128348
12.346369
10.997477
10.908889
11.358898
11.082563
12.153860
10.642666
11.491087
12.264039
11.928203
11.004300
11.718235
12.287243
11.044017
11.435567
10.926450
11.556832
10.874391
11.071914
11.535902
11.873059
12.163103
11.540738
12.127138
12.192707
12.506156
11.275104
11.954292
11.537604
12.518280
12.339501
11.007971
11.449191
12.045743
11.234065
12.409662
12.042194
11.667450
11.770864
11.900129
11.870413
11.983404
12.222007
11.472949
11.898696
10.843500
11.775623
11.618475
11.741083
12.215245
10.735574
12.002675
11.609744
12.411140
10.887916
12.358593
11.437152
12.237669
10.953743
10.990789
12.007748
11.642700
11.514104
11.873509
11.465625
10.710770
11.242054
12.165075
11.457906
12.187641
11.122773
12.053080
11.975829
12.263574
11.750489
11.435985
11.751154
11.101619
10.555957
10.996568
11.529393
11.687494
12.229745
11.507947
11.289438
11.866293
11.855697
11.660894
10.968894
12.436487
12.315457
11.744709
11.469258
11.461876
11.671996
11.979116
11.356107
11.655507
11.619474
12.115341
11.227026
11.997409
11.085924
11.609077
11.178001
11.858772
10.855679
12.097483
12.317880
11.419357
11.950558
11.169478
10.926486
12.182437
11.312994
11.534956
12.026347
12.318356
11.379062
11.029610
11.892249
12.155874
11.956960
11.643709
11.138302
11.553726
11.818383
11.944314
10.706952
12.273362
11.620318
12.428880
12.009381
12.132248
11.623259
11.443894
12.038455
12.433146
10.765267
11.169471
12.489025
11.549642
11.993872
10.855892
11.592578
10.731421
11.314953
10.892268
11.495056
11.343724
11.600899
10.637373
12.461307
11.787073
11.835585
11.965325
10.672160
10.801550
11.864704
11.781982
12.352766
11.481786
12.361035
12.283562
11.671999
11.103664
12.265295
11.314353
11.568357
10.808965
12.107361
11.833962
10.527512
11.974047
10.804623
12.160071
11.082465
11.437442
11.978897
11.824024
12.016045
10.713712
12.014894
12.069507
12.024464
11.159036
11.376536
12.214778
12.421645
11.934103
11.559770
12.225782
11.870528
11.787962
12.416970
11.957121
11.632641
12.244937
12.121759
12.224080
10.878500
10.656850
10.798473
12.484074
10.711164
11.617955
11.931997
12.199163
12.231630
10.574217
11.834124
11.996655
12.246123
10.699664
12.333416
10.812586
12.244938
11.848506
11.073908
11.862393
11.715065
12.376490
12.215503
11.565531
11.278411
10.667902
10.799419
11.934788
11.460702
12.248026
11.966530
10.725413
12.134174
12.069370
11.555561
11.588924
11.313278
11.752543
11.824478
12.351657
11.964276
11.297898
11.728292
11.314979
10.908565
11.894364
12.408726
11.557874
11.548079
11.078153
12.148826
12.343222
11.500791
11.558797
11.184922
11.631263
10.911813
10.950250
11.252161
12.031769
10.847999
12.334885
11.871607
10.873238
12.074953
11.139865
12.118678
11.211050
11.467177
12.034628
10.938536
11.992689
11.191652
11.494045
11.324624
10.857434
12.389659
11.116627
11.456326
10.813821
12.435088
11.388850
11.933304
10.711888
11.800316
12.406040
12.204527
11.748504
11.809933
10.593514
11.140404
10.816734
10.867854
11.385656
12.166618
11.411394
11.668683
11.843112
11.190933
11.002547
10.922833
11.907102
10.951249
12.114127
12.104107
12.027425
12.187200
11.901781
12.199928
12.100534
11.900190
12.294193
12.080760
12.096200
11.055043
12.130356
12.180167
11.474537
10.831942
11.624880
11.374073
11.115357
12.439926
11.824036
11.423412
11.328298
12.279655
11.035193
10.661997
12.280311
11.545395
11.129276
11.797413
11.983635
11.860714
11.440328
11.867271
11.236963
10.885948
11.531526
11.177733
11.728183
11.636539
12.268480
11.231824
11.282662
11.586862
12.394031
12.278932
11.775880
12.237167
10.733936
12.407167
10.843214
12.365451
11.526720
12.095263
11.921691
11.236222
11.679590
12.082010
10.997730
10.880498
12.415690
11.479869
11.138533
12.452335
11.903332
11.318670
12.265074
12.108929
11.132839
10.964010
11.652561
11.978313
12.085237
12.245130
10.564592
12.352971
11.826636
11.197758
11.423559
10.870550
11.445132
10.608486
12.173515
10.859251
12.329000
11.973303
12.140808
11.953425
12.275166
11.986325
11.605692
12.121675
10.884787
11.402019
10.534154
10.789987
11.925242
11.027523
11.004166
11.620737
11.239332
10.814402
11.020296
11.688796
11.500376
11.560924
11.474115
11.065748
12.233212
12.049075
12.151796
10.916385
11.531808
12.168427
12.204114
10.954296
11.589377
11.243523
11.590992
11.203730
12.231781
11.974998
10.899590
12.327173
11.974978
11.592184
12.285083
11.769612
11.826668
12.311308
11.238724
11.814048
11.070049
11.679365
10.922042
12.248613
11.938427
12.409660
10.769180
11.941744
11.246843
12.318891
12.358679
12.288868
10.712904
11.348281
11.142739
10.750697
11.748771
11.989057
11.051505
10.561991
11.694523
11.887358
10.862462
11.521575
10.906336
11.141388
12.091552
11.204140
12.397498
11.372711
11.593593
11.678739
10.846875
10.711846
12.202027
12.449758
10.998063
12.083728
11.054227
11.927012
11.240261
10.881390
12.419783
11.229288
10.668148
11.639000
11.853863
12.344515
11.106553
11.648094
11.235888
11.120329
11.861477
11.454399
12.301241
11.525142
10.713520
11.793649
12.334996
12.106228
11.665356
12.174131
11.662578
10.734764
11.892705
11.720883
11.859952
12.306122
12.289457
11.925908
11.437527
11.216568
12.333699
11.471028
10.709193
12.533179
12.334507
12.007731
12.310338
12.184878
12.148838
11.261904
12.451205
10.605423
12.041854
12.330689
10.880253
11.760825
11.908806
10.747856
10.938662
11.853676
10.962226
12.412211
11.578208
10.996766
11.502943
11.757749
10.941633
10.849227
11.109405
11.911794
11.936307
11.867463
11.294581
10.779004
11.447160
10.958634
11.995414
12.349375
11.403212
12.074710
10.871132
11.982313
11.064842
10.948263
11.075164
10.835256
12.384865
12.233818
12.073485
10.518677
12.350914
12.055169
12.160876
11.716147
11.937090
12.224934
12.345860
10.628201
11.018795
11.549423
11.812707
12.280780
10.746441
12.401523
12.265402
11.294406
11.475425
11.124926
11.821669
10.825480
10.717554
11.711350
11.360238
11.242095
12.338595
10.711999
11.820731
12.175255
12.202589
10.898668
11.193420
11.639673
12.435811
12.238843
10.752467
11.295740
11.069065
12.322482
10.733128
10.735811
12.282974
10.704770
11.722075
11.533717
10.551557
11.206975
11.927882
11.208026
10.617921
10.984742
12.338004
10.989768
12.359176
11.518004
12.074217
11.303244
11.741876
12.078096
12.224468
12.396708
11.900326
11.806945
12.358161
12.163053
10.735023
10.991176
11.238412
11.482061
11.898285
11.578743
12.285442
12.004380
11.585114
11.112044
11.924072
11.965150
11.839336
10.977914
11.694700
12.146295
11.929383
11.749852
11.357652
11.687896
11.937313
12.033386
11.900362
12.286423
10.932330
10.939714
12.206209
12.305186
11.767535
11.862676
11.405424
12.054060
11.868902
12.431841
11.786412
11.391223
12.360674
11.147531
11.131097
11.038587
11.971563
12.132585
10.931315
10.965307
11.707144
12.094485
12.263843
12.335950
11.062206
11.810202
11.545821
10.741995
11.111651
11.481159
11.697347
10.638006
12.028787
11.554883
11.383697
11.347905
11.670362
12.279664
12.092756
10.987196
10.820420
11.664518
11.593103
11.373981
12.262741
11.405240
10.925418
12.106939
10.828076
10.748463
12.433132
11.438226
10.565937
11.350190
12.010063
10.875656
10.783063
11.582735
11.844149
11.496408
11.111131
12.181626
11.933143
11.852571
11.354982
11.900012
11.439848
12.245871
12.089442
12.137183
12.051924
12.202810
12.062978
12.304880
12.234062
10.822742
12.463624
10.936187
11.346217
11.053380
11.744566
11.247151
10.942940
11.032472
11.598466
11.249895
11.593418
12.316788
10.978844
12.030053
12.329419
11.920127
11.273132
12.158253
12.410787
11.460376
11.003626
10.730223
12.317611
12.143364
11.108056
12.025297
10.917611
11.784952
11.535649
11.938919
12.301069
11.545815
11.907154
11.698607
11.280871
11.329646
12.449723
12.011294
10.996631
12.491857
12.075569
11.763057
10.958353
11.654304
12.431608
12.138093
12.326963
11.586467
12.240504
11.760482
12.211067
10.656484
12.261592
11.453760
11.444000
11.987923
11.090829
11.841442
11.275464
11.869750
11.090207
11.397581
11.405062
10.960856
11.191667
11.272648
11.716303
11.502541
11.757198
12.246601
11.650847
11.796553
11.743644
12.472990
12.088420
12.106944
10.504714
12.329764
11.135434
11.697837
11.347558
10.900567
11.136374
11.870503
12.294147
11.770978
10.904964
10.995089
11.633126
12.264168
11.903590
11.755771
11.588693
11.685309
11.945521
10.743590
10.787281
10.960425
11.451129
12.406968
12.417536
11.966111
11.239129
11.829129
12.021405
12.411283
11.061012
11.633224
10.751670
11.634379
11.311509
11.313727
10.613960
11.325094
11.647388
10.928972
11.506203
12.039079
11.008317
11.475367
11.836646
11.407300
11.086361
11.359503
11.840383
10.862799
11.261021
11.946082
11.278511
11.533057
11.540518
12.206194
11.544238
12.312729
11.361577
11.967240
12.284503
11.358135
10.734380
12.410226
11.711804
11.309733
12.300064
12.177412
11.380721
10.854614
12.286541
12.158098
11.485573
12.298058
10.973688
11.593503
11.476559
11.264870
11.384401
12.294361
11.263134
12.043994
11.678947
12.308214
11.405539
11.436567
11.733107
12.151899
11.612953
11.425219
12.187643
11.751134
11.456319
11.192756
10.704621
11.999958
11.969355
11.457067
11.251346
11.697975
11.613833
12.386984
12.048552
10.828736
11.449856
11.400909
11.681322
11.207112
11.613324
10.984758
12.115058
11.164698
11.438190
12.098581
12.302979
10.667402
11.559237
12.076438
11.586088
11.518470
12.423103
10.802658
11.623148
11.669282
11.656226
11.443475
11.403907
12.200848
11.268373
11.464187
11.978828
12.357311
11.804218
11.893849
12.066808
11.633029
11.706676
11.384506
11.217825
11.981336
12.298907
12.084474
12.461576
11.503078
11.044139
10.690696
12.133209
11.803296
10.919362
12.139628
12.319753
12.002722
11.962017
11.037719
11.047581
10.849159
12.039369
11.699659
11.148839
10.605678
11.557544
11.926354
11.156073
11.691594
11.163709
11.140012
10.663279
11.834910
11.509148
11.580749
11.171791
11.861633
10.900246
11.425956
10.746377
12.127251
12.187189
11.071351
11.746744
10.955172
11.348125
11.990010
12.336256
12.439917
11.694862
11.870146
12.309063
11.711244
11.610930
10.905789
11.758863
11.784407
11.150414
12.462517
11.207077
12.509244
12.261551
12.391872
11.036073
11.519596
11.338490
12.006869
11.345667
11.338347
12.389479
12.078499
11.556222
11.287083
12.246804
12.391288
10.787803
11.584219
11.327396
12.012695
12.339664
11.372631
12.072436
11.634551
12.089512
12.162857
11.016196
11.450538
10.954615
11.937993
12.379784
10.982662
12.276485
11.022331
12.043413
11.783478
11.533173
11.021211
11.978595
10.974733
11.809527
11.862784
11.314960
11.676721
11.008409
11.490020
11.505672
10.993492
11.957719
12.091250
11.177945
11.072876
11.340098
11.973299
11.801531
10.888647
11.012980
11.580570
12.260057
11.714922
12.091707
11.388051
11.117140
12.125293
12.176752
11.101856
11.239863
12.125950
11.127270
12.091849
12.030704
11.550022
11.775232
11.651403
12.554054
11.402835
11.740704
12.216788
12.337735
12.254022
12.046971
10.942110
11.820340
11.582543
11.939106
11.318974
11.587559
10.746530
12.307056
12.075146
10.872168
12.283512
12.410247
12.471080
10.959154
11.244455
10.695145
11.175174
11.400939
11.197868
11.449319
11.120766
11.902979
12.038835
12.182390
12.207856
10.664191
11.438981
12.445629
11.794109
11.276766
11.981222
11.606320
12.448965
10.838792
11.340870
10.835400
11.574813
11.904398
11.037874
11.421673
11.271998
12.036456
11.529524
11.655712
12.228711
12.092002
11.995501
10.889466
12.090724
11.132103
11.092860
11.681309
12.163291
12.199025
11.737926
11.355391
11.305973
11.588688
11.633928
11.006466
11.306605
10.666006
11.979467
11.996903
11.826170
11.679765
10.993990
12.051881
11.097010
12.023119
11.731358
12.178792
12.463201
11.297131
11.860897
12.106580
10.821655
11.898104
11.867699
12.243883
11.390544
12.245840
11.709642
11.617482
12.408722
12.384265
11.452840
10.983284
12.006366
10.977046
11.019544
10.806107
11.520331
11.704384
10.537178
11.518575
11.597932
10.987729
11.495324
11.419886
10.927763
10.872064
11.056626
12.398983
12.081526
11.093857
11.991068
11.900779
10.681291
11.115253
12.328754
10.974452
12.328464
10.963153
10.524856
11.876426
11.125002
11.976042
11.078644
12.292552
11.320078
11.850317
11.654526
12.146804
11.292958
11.966549
11.905923
12.277964
11.034847
11.980118
11.345998
12.170801
11.505096
11.961947
11.515745
12.044085
11.456039
12.091646
11.023790
12.317195
12.361861
10.579373
12.109440
12.331229
11.830175
11.438652
11.481181
12.231393
11.500166
10.941838
11.885422
11.497969
11.859234
11.063022
11.745422
11.404625
10.998169
11.478271
11.503378
12.047954
11.649586
12.107615
12.377728
11.741147
12.319079
11.041256
12.057290
12.501143
11.972639
11.872650
10.784989
11.912720
11.727442
11.955610
11.584008
12.293013
12.035053
11.463475
12.245846
11.893208
10.772065
11.258281
12.354934
11.720788
12.260797
11.347776
11.399148
11.758289
11.891154
11.872025
10.674646
11.300925
10.508029
11.530522
12.114100
12.167039
11.322744
11.341146
12.248638
11.102538
11.964436
11.367533
10.854521
12.217485
11.042889
11.456184
12.070886
10.947363
11.275230
11.224601
12.477568
12.385783
12.243160
12.392320
12.086671
11.927517
11.965167
11.413703
10.989702
12.320848
11.117108
11.922267
11.995535
11.633106
11.016108
11.491983
12.368438
12.088785
10.974676
11.037969
11.160410
12.118175
11.493159
12.394023
10.711000
11.958988
12.350896
12.212569
12.005104
11.200023
10.809658
10.735613
10.957644
11.719506
11.848860
11.106888
10.711460
11.530922
12.240667
11.855026
12.405015
11.934306
11.972469
12.199278
11.539753
11.470040
11.117148
12.065147
10.762996
11.079955
12.416704
11.216956
11.402886
12.041795
12.152843
11.824656
12.415400
12.240941
11.887284
11.244727
11.567468
10.948174
11.582285
10.724839
11.066514
11.993697
11.455501
11.298699
11.269004
11.863517
11.503499
11.627397
11.878894
10.952204
10.843857
12.047465
11.362261
12.079871
12.418517
11.835560
11.328335
12.368729
11.319792
11.560054
11.945200
11.467835
12.155825
11.902088
12.465830
11.377270
11.035195
11.414873
11.852171
12.483868
11.264580
11.448234
11.482948
11.989135
10.995287
12.237075
11.009520
11.666436
12.354803
11.931451
10.742250
12.313344
12.201439
10.943885
10.943136
11.246503
10.861166
11.918572
12.397614
11.276398
11.792895
10.899157
11.899456
11.604386
12.271324
10.880828
11.377767
11.338511
12.138704
11.477156
11.841048
11.879899
12.312675
11.787711
11.707605
12.095184
12.310032
11.280774
11.485500
11.235505
11.660289
11.485403
11.067314
10.999390
12.211980
11.642582
12.219932
11.004254
11.859053
10.992627
12.401001
12.068109
12.321623
11.561664
12.125860
11.070279
10.759462
11.467145
11.482367
11.413287
11.980816
11.883428
12.462467
12.213576
10.835423
11.248094
11.456810
11.829198
12.528406
12.304409
11.844096
12.123185
11.553437
10.942416
11.124299
10.879380
12.397459
12.506139
11.604726
12.249704
11.566317
11.804713
12.137289
11.699158
10.842224
12.095985
12.366117
12.094948
11.502782
11.071577
12.355115
10.594907
11.221255
11.929207
12.342434
12.402267
11.134280
11.388620
11.735591
12.297910
11.407984
11.637729
11.586162
11.186562
11.913202
11.439506
11.130844
11.548239
11.015491
11.310987
11.079642
11.939571
10.878597
11.835504
12.230555
12.255148
11.661098
12.145553
10.695965
11.309400
11.878482
11.213237
11.492336
11.697646
12.435712
11.108788
10.715675
11.355092
12.382383
11.193465
11.458131
10.992993
11.594856
12.493572
12.409667
10.883725
11.954889
12.166799
12.084187
12.073159
11.089581
11.751829
11.711760
12.012348
11.797432
11.554106
11.411107
10.726294
11.840243
11.239193
11.397607
12.092682
11.024619
10.997506
11.551710
11.365778
11.669190
12.351663
11.661325
10.873618
10.693747
10.783531
11.190585
11.230510
11.480562
10.776855
12.401204
11.109501
11.335417
10.970968
12.238104
11.352505
12.195147
11.063204
11.633690
12.301558
11.688794
11.775184
11.844652
11.330517
11.758465
11.788201
11.725121
12.379538
11.304286
12.138137
12.249514
12.348010
12.243917
12.029482
11.296700
10.947346
11.663470
11.588564
12.375982
10.618887
11.108512
11.708483
12.076756
12.207930
11.028041
11.913722
11.675858
11.315248
10.975145
11.942421
11.079650
12.355492
11.973764
10.749753
11.611422
12.196046
11.260467
11.483748
11.025559
11.609221
12.301055
11.076727
11.481750
12.037505
12.349134
10.843101
12.107409
10.834188
10.910556
11.590007
11.369110
11.781712
12.497629
11.684131
12.119708
12.323529
11.165836
11.255893
12.141280
12.432816
11.840215
11.416410
12.206689
11.055244
12.236506
11.090603
11.170374
12.334642
11.255018
12.181217
12.314437
12.279284
11.942305
11.221793
10.877899
10.620482
11.017578
11.402612
12.430809
11.014009
12.171583
11.553530
12.244590
12.431440
10.938724
12.047598
11.552131
11.717724
11.882886
12.076073
11.005637
10.960657
11.673097
12.036981
11.489775
10.927890
11.070101
12.108846
12.235477
11.052228
11.730091
12.334711
11.980014
11.990157
10.970690
11.689476
11.664084
10.984367
12.016431
11.836443
11.643602
11.992103
11.895148
11.590806
12.001720
11.190614
10.795065
10.826495
11.863073
11.475658
11.001715
11.269808
12.021729
11.837727
10.691392
11.914967
11.893666
11.444654
11.847159
12.394579
11.690449
11.800704
12.302124
11.347797
11.762971
10.845565
11.907987
10.922016
10.970215
12.185235
11.492496
10.802867
11.967042
11.306767
12.147501
12.082332
12.244780
11.121821
11.510961
12.116839
11.455162
11.683537
11.350686
11.704467
12.096113
11.223235
12.245174
11.228809
11.977735
11.591934
11.540507
10.762476
11.560699
11.916072
11.390800
11.188439
12.253032
12.038097
11.322853
12.372759
11.010073
10.784717
11.721890
12.206925
12.220443
11.753033
11.522713
11.543801
12.094555
11.897873
12.245678
12.250504
12.131222
10.782815
11.745489
11.868970
11.529359
11.941890
11.257937
10.859499
10.981061
11.467844
11.191594
12.403771
11.055833
12.450985
11.150732
11.618067
11.455919
11.051853
11.891830
11.533379
11.725485
11.069534
11.123089
12.189207
11.766834
11.754721
12.166381
11.430860
12.143169
11.937217
12.050875
12.051973
12.333186
11.346758
12.371500
11.673298
12.040699
10.797196
11.160286
11.698795
12.427524
11.509909
12.173866
11.313322
11.778417
12.235277
11.952889
11.209229
12.026614
10.685910
11.479765
12.444443
11.704377
11.645652
12.179540
11.029546
10.740009
12.160752
12.182110
10.604993
11.900561
12.197898
10.651303
11.920130
11.464133
10.674424
11.911553
11.483615
10.928848
11.150687
11.818524
11.957039
12.039315
11.550274
12.005600
11.022733
11.319334
11.508782
12.336417
11.301281
10.545579
12.421926
11.604763
11.445056
11.595444
11.719455
12.055092
11.904503
11.420577
11.116240
12.342447
11.884067
11.070020
11.205247
12.006348
12.075792
11.190864
12.321062
11.529965
11.315377
11.212517
10.852648
12.369207
10.780260
11.100977
11.872790
11.713916
11.697736
10.990104
12.485021
11.691185
12.443378
11.318664
11.214738
10.901971
12.193998
11.214130
11.183548
11.391689
12.043457
12.356007
11.849227
10.666159
10.963959
11.633236
10.768177
11.057410
11.087489
12.320930
11.413609
11.491907
12.331697
10.973969
11.284867
12.252455
11.134182
11.281781
12.394925
12.285068
12.046814
11.902786
10.693969
11.022103
11.262524
11.699337
10.969392
12.211518
11.229735
11.476819
10.482236
12.401164
11.245775
12.160920
11.470095
10.916818
12.288991
11.064463
11.441665
11.010617
12.173215
11.885222
12.017187
11.050649
11.976605
10.781626
10.977667
12.228151
11.747087
11.935788
12.364585
11.876086
12.181995
11.248573
11.808717
11.081159
11.503315
12.324233
11.163573
12.367195
11.938369
11.709340
11.075170
12.128647
12.300352
11.387658
12.212068
11.238086
10.991033
11.739394
11.927165
12.070710
12.157829
11.901184
12.176939
11.398765
12.115441
11.909485
11.173863
10.740904
11.312472
12.030857
11.653416
12.331133
11.387667
12.142391
12.317227
11.920617
12.139571
11.768468
10.925204
12.148358
12.322374
11.595522
11.339371
11.764572
12.077120
11.724639
11.666278
12.431429
11.204434
11.739723
11.631552
11.861152
12.012752
12.005167
10.611807
10.868553
12.068466
11.642230
11.679505
10.711676
10.975274
12.188286
11.672936
11.520481
11.831780
11.573327
12.200545
10.698250
12.028186
10.960296
11.371666
11.638499
11.468504
11.289665
11.853965
12.107736
11.298653
12.296804
11.739636
12.315635
11.129132
12.038767
11.521856
11.764895
11.511547
11.900069
12.046622
10.768491
11.937994
10.702101
12.345506
10.965086
12.198450
12.193956
12.151727
12.119794
11.299941
12.436647
10.965540
10.969361
11.409494
11.067382
11.473955
11.926280
11.081410
11.364884
10.870235
10.849036
12.076829
11.168333
11.049462
12.517064
12.054275
11.909163
11.978035
12.159917
11.329030
10.995661
10.990081
10.762828
11.449605
11.161924
11.861244
11.390304
11.159873
11.160690
11.244758
10.954663
12.039505
12.391793
12.450109
12.093280
11.259438
10.850624
11.253661
12.384422
12.188568
11.650783
11.385513
11.625339
11.774379
11.225612
11.586931
11.620176
11.763070
12.405844
12.028171
12.181540
10.836461
12.217553
11.920139
12.196143
11.916877
11.049458
12.398856
11.610970
10.785332
12.300913
11.826634
11.511701
12.302563
10.972307
11.395693
12.464821
10.809933
11.259263
12.153844
12.369912
10.878872
12.259377
12.181194
11.569899
11.447333
10.867219
12.192486
12.123248
11.128878
12.228004
12.055546
12.274571
11.176895
12.355843
12.417356
12.392815
10.713649
12.400503
11.919289
10.989383
12.060867
11.237585
11.998359
12.086331
12.119665
11.964665
10.890060
12.343114
11.305414
11.448037
12.291054
11.088771
11.896117
11.721310
12.157465
11.615378
11.151481
11.680029
11.795894
10.863498
11.668621
11.698314
11.649447
12.250878
11.673522
10.841250
10.978880
11.796114
11.171973
11.572945
11.546848
11.839608
11.560110
11.397484
11.905197
11.651977
11.807805
12.146855
10.764575
11.285747
11.644954
12.268261
12.091087
12.087036
11.682449
11.363954
11.280465
12.046679
11.420450
11.892148
11.024483
11.342790
10.736954
10.700830
12.176085
11.289942
12.125221
11.769649
12.172497
11.885262
12.357983
11.669570
12.099650
12.155280
10.647517
11.580364
12.350257
11.771360
10.847093
10.722517
11.625970
11.567054
11.516357
12.403556
10.722196
11.660521
12.250782
11.557276
11.174905
10.755298
11.352893
11.001907
10.709657
10.885649
12.417428
12.219476
11.123827
12.319056
12.156568
11.705345
11.227519
12.181622
10.689066
11.719225
12.456654
11.724444
12.247031
11.241105
10.789614
11.449363
12.394612
10.976303
11.422928
10.931183
12.404597
11.079897
11.379144
11.093586
11.643910
12.068920
11.999090
11.926101
11.626266
12.418492
12.134394
12.063088
12.428984
11.076668
11.862634
11.685469
11.306251
11.803638
12.413223
12.014546
11.871568
12.112321
12.112280
11.558250
11.932784
12.142786
10.882847
11.310316
11.685645
11.677394
12.253525
11.960575
10.877476
11.567937
11.851023
12.320342
10.677312
12.058555
10.865649
12.104809
11.754187
10.843821
12.504809
10.640987
12.201852
12.248853
11.934298
11.525456
11.267845
11.872640
10.763750
11.157203
11.480187
12.035776
11.621403
11.090589
12.341658
11.806782
10.648056
12.367194
11.012143
12.083688
11.853938
10.966946
12.044121
10.797829
11.507610
11.897501
12.371675
11.073187
11.401482
11.450837
12.085156
11.006234
10.797788
11.475916
12.437536
12.466121
11.542773
10.612835
11.372225
12.087667
11.065315
11.522100
11.993834
11.292649
11.172073
11.748764
12.361177
11.963946
10.715697
12.098028
12.032819
11.890143
11.014513
11.141453
11.744471
11.787619
11.070631
11.938967
10.777469
11.950509
11.201556
11.817257
12.392706
10.918550
12.039409
12.448118
12.239569
12.132618
11.171852
11.784548
11.961191
11.692714
10.665433
12.164514
11.617796
12.409061
12.389586
11.698143
10.695818
10.668825
11.558765
12.495261
11.415934
11.981821
11.623399
11.505973
11.661869
12.167357
11.808719
12.211729
12.298252
11.683250
11.278164
11.157605
11.765067
11.748442
12.505421
11.837759
12.204532
11.775318
11.017419
10.839336
11.424411
12.372925
11.636550
10.918257
10.973878
11.906068
12.433101
11.822960
11.449783
11.334958
11.837724
10.873031
12.300678
10.891845
11.895382
12.468005
11.788130
11.175548
11.972133
10.795153
12.287694
10.720129
11.352212
12.264225
11.567657
11.339542
12.213068
11.093755
11.985899
12.131289
11.560901
11.485529
10.814568
10.945647
10.491590
11.551180
11.942564
10.903580
12.223637
11.899555
11.598795
11.800477
11.432780
12.061962
11.839249
12.073217
11.274084
11.558615
11.242736
12.256887
12.266653
11.437055
12.254712
12.364988
11.815863
11.168618
12.350397
10.827593
12.255137
10.630305
11.466986
12.363916
11.501879
10.825926
11.833932
11.530028
12.483508
11.627817
12.487998
11.728563
12.115297
12.192043
11.322500
11.307406
12.285800
11.160030
10.968624
11.908384
12.153196
11.714135
11.834345
11.414749
11.009348
10.767933
11.451362
11.383732
10.746998
11.873918
11.184931
10.892705
11.194926
11.054284
11.211021
11.054698
11.153193
12.275134
11.039606
11.181919
12.281171
11.854768
12.387134
11.516660
11.271851
12.207496
11.392023
12.365133
12.114182
11.902815
12.080569
11.353132
12.168650
11.782505
11.135262
12.380643
11.748089
11.117218
12.261158
12.049298
12.206391
11.374257
11.383945
11.729663
11.706929
11.689283
12.055169
11.935829
12.303462
11.552328
12.062383
12.452659
11.656431
11.220095
11.121125
11.908173
11.603433
11.582009
11.216698
11.430418
12.106669
12.255123
11.225948
11.456241
11.488269
11.402632
12.197218
11.679743
12.269508
11.649497
10.594419
10.522763
12.264608
12.356911
10.700643
12.403095
11.535150
12.226952
10.747278
12.246029
11.780894
11.059504
11.552753
12.140968
12.362916
10.850300
10.691041
11.594001
11.762976
10.817998
11.185412
11.908925
11.593680
12.381593
11.314464
12.338174
11.552894
11.975568
11.912871
11.110235
11.252237
10.781363
11.380124
11.957364
10.979411
11.970494
10.909610
10.918655
12.034312
12.283717
11.385214
10.742319
11.804831
12.327481
11.135234
10.865836
11.719268
12.434029
10.695059
11.985625
12.428621
12.290586
11.607367
12.037449
10.817889
11.352739
11.256535
12.161634
11.752726
11.885292
10.983686
11.382938
11.427995
11.345324
11.503867
11.564874
11.966677
12.166688
12.254377
11.529024
10.788746
10.862838
10.995881
10.759608
11.552613
12.423867
12.222229
12.256499
11.895779
12.039344
11.864583
11.623475
11.730101
11.854007
11.659837
11.494501
11.948110
11.797784
11.213392
11.964210
11.526101
10.805546
11.496028
12.233908
11.042590
11.201650
12.203110
11.000900
12.110406
10.908665
10.787270
12.239902
11.738041
10.821568
12.240743
10.978371
10.866427
11.142573
12.461516
12.345593
11.213248
11.255936
12.305667
11.402758
12.040358
11.719367
11.868437
12.011455
12.343367
11.393021
11.804620
11.809489
11.445968
11.892853
12.234693
11.068242
11.319708
12.304603
11.073444
11.690690
11.294445
11.725633
10.614761
11.381537
12.427254
11.198149
11.812076
11.564164
10.570003
11.639709
10.825611
12.380638
12.375940
12.353449
10.799950
11.759621
11.144580
11.267441
10.605627
10.947578
11.811456
11.647023
11.201494
11.765782
11.968651
11.295366
10.816809
11.470698
11.369635
11.023666
10.955198
11.521333
12.126893
11.855170
11.394043
11.786380
11.726863
11.909427
10.766483
11.875545
10.707132
11.592325
12.267888
11.752040
12.280471
11.076299
12.109499
11.405597
11.874174
11.368760
12.418151
12.374604
11.953909
11.525738
11.934616
11.710709
11.700551
11.875793
11.230334
12.040752
12.362819
12.408986
10.768292
11.427020
12.410290
10.931686
10.792490
11.740587
11.954288
10.699923
10.700130
12.258165
10.444719
11.334236
10.539246
11.738121
11.400674
11.159865
12.181251
11.465026
10.867905
11.572273
11.798263
12.000786
11.584254
11.351953
12.253994
12.051989
11.217562
11.334396
11.947147
12.453646
11.842623
11.368938
11.577394
11.855345
11.206869
11.274483
10.657619
11.688801
11.719443
12.148912
10.837034
11.936825
12.365477
11.578904
12.131462
12.470158
11.050129
11.446353
10.691260
12.440125
12.255756
12.222788
10.849150
11.843465
11.848447
10.773343
12.339002
11.792581
11.056520
11.556443
11.920959
11.143856
11.937836
11.784356
12.189364
11.835403
12.109647
12.065328
12.418283
11.680027
12.280081
11.309637
11.510740
12.209545
10.943388
11.842729
12.062837
11.158681
10.645989
11.437635
11.911219
12.271245
10.836236
12.093392
12.184808
12.295916
11.611120
11.611100
11.254732
12.459936
11.647036
11.666615
12.429099
11.633208
10.794003
11.083817
12.032851
12.405971
11.395846
11.948561
11.813769
11.330944
10.784146
11.182718
12.422198
10.808998
10.915859
11.100492
11.419887
11.897525
12.392936
11.539461
11.471212
11.914993
11.251812
11.042202
11.420910
11.486667
10.815292
11.015254
10.888952
12.320002
11.166808
12.221131
10.976536
11.109712
11.378874
12.273924
11.974949
11.359076
12.029433
10.836174
11.626593
10.955869
11.596021
11.907209
11.051078
11.962291
10.707135
10.876830
11.969266
12.473117
12.267196
10.846688
12.225179
11.656251
12.264795
11.099883
11.474041
11.657001
12.002317
11.948399
12.142828
12.250751
12.143627
12.244404
12.146727
12.357703
11.878199
11.585357
11.419422
11.575576
12.391287
11.273958
11.469492
12.290402
11.373336
11.977391
11.392182
11.518844
12.346446
10.857170
11.928881
12.468298
12.190957
11.610146
12.077853
11.510647
11.149592
11.035865
12.005428
11.523306
11.216619
10.874230
11.107160
12.075309
11.963564
10.872797
11.250031
11.345553
11.670062
11.368109
11.801648
10.846107
10.720010
12.496369
11.582800
10.840911
11.510381
11.265079
11.933971
10.751608
10.917522
12.547545
11.109816
11.047398
11.243815
10.744487
12.154642
11.059616
10.917237
10.895833
11.636303
11.511072
12.203593
12.359071
11.237566
11.880815
11.288997
12.223618
10.858715
11.002012
11.537737
11.864599
11.281943
11.360451
11.803397
11.885645
10.744717
11.404126
11.310198
11.068957
11.943799
11.713814
12.283265
10.796286
11.110093
11.280308
12.135977
12.052760
11.480456
11.356045
12.295973
12.181023
10.725859
11.537357
11.742555
12.304496
11.879258
12.065981
12.213555
10.717527
12.396358
11.669110
11.773376
11.991526
10.904081
12.464053
11.537416
12.327893
11.997701
11.598258
11.716805
11.500186
10.899601
11.378763
12.291708
11.328543
12.172240
11.646141
11.337173
11.379915
11.780227
11.881916
11.242102
11.182587
12.492617
11.069440
10.925909
11.561954
11.213155
12.279439
10.986778
11.060013
11.872080
11.590077
10.646316
11.221945
12.308597
11.606821
11.058056
11.706944
10.986430
11.345578
12.249485
11.411545
12.349432
12.451646
11.870577
10.671369
11.050206
12.417628
12.267153
11.266032
12.025780
11.577189
12.334965
11.965220
12.224909
11.231010
12.137300
11.908198
11.774705
11.671702
11.403899
12.029319
12.273089
12.231522
12.051957
12.275314
11.499721
11.780447
12.233335
11.705197
11.672957
10.924291
11.805248
10.759661
12.250715
11.321528
12.284753
11.374150
12.330965
10.642803
12.083778
12.078053
12.350148
11.981332
10.855107
11.752841
11.830550
12.022954
11.259903
12.026734
10.662569
11.739652
12.400544
11.086233
11.397087
10.946272
12.034446
12.084302
11.324617
11.608522
11.713370
12.171880
10.944901
11.556359
12.074022
11.516602
11.402480
11.902032
11.878662
10.955144
11.047095
11.668633
12.284948
10.804320
12.422244
11.945034
11.753371
12.037925
12.112709
10.600236
12.373714
11.386186
11.804336
11.272120
11.049108
11.778671
12.471634
11.055600
11.275820
11.433816
11.268962
11.567645
11.903101
12.399377
11.978993
11.522147
11.386389
11.238036
10.994810
10.897001
12.238086
11.532942
11.761013
11.055293
11.953609
11.504632
11.262438
11.977248
11.193588
11.687136
12.305997
10.573246
11.997030
11.414512
11.225746
11.026027
11.078471
10.565628
11.379664
11.220833
11.705784
11.482012
12.095114
12.030798
11.562863
11.467945
12.075785
12.265085
12.255024
11.821724
12.372084
11.459306
12.098080
11.506998
10.870126
11.090227
11.585934
10.738366
11.239827
10.808819
11.246819
12.201079
12.073085
11.182187
12.282766
11.205987
11.940455
11.935820
10.820799
12.085400
11.287470
11.031121
12.168906
12.050820
11.306839
11.580726
11.192733
10.854926
10.831078
12.119881
11.496796
11.726380
10.889122
11.274588
12.295984
12.262602
10.856686
11.749702
11.689679
12.080620
12.408575
11.147564
11.792050
11.508737
11.760249
10.726322
12.133528
12.122848
11.496098
12.319712
11.814740
10.988526
11.174635
11.946642
12.031927
12.046596
11.269023
11.659799
10.757403
10.749067
12.064452
11.704085
11.932425
12.405399
11.258738
12.479286
10.815113
11.691392
10.687531
12.481038
11.306691
11.756896
11.257362
12.353169
10.942332
12.016748
11.849590
11.423747
10.946847
11.637200
11.808239
11.259694
12.348752
11.014875
12.417449
12.003996
11.589849
11.628836
11.208906
12.225598
11.186540
11.626053
10.806179
11.510713
11.923392
11.346876
12.400616
11.918369
11.835933
11.277660
11.891197
11.460560
12.055318
12.257601
10.932048
12.397951
10.703204
11.017788
11.950768
11.992347
11.794274
12.210084
10.796220
10.743132
11.366042
12.052336
10.801338
11.404030
12.362979
11.609086
11.970671
12.044126
12.441061
12.306860
12.308595
11.019761
10.952161
11.054357
12.208199
12.395463
11.723929
10.936202
12.028346
10.750130
11.524565
12.076546
12.147285
11.306861
12.406552
10.957066
10.913904
12.332004
11.171450
11.792001
11.642944
10.888379
12.337795
11.209778
11.491382
11.983041
12.460646
10.905881
11.746760
11.529188
11.101050
10.921967
11.980265
11.052469
12.336677
11.939390
10.940413
11.553543
11.068558
10.949501
11.618829
10.751235
10.996217
11.102916
10.962170
11.705670
11.458054
10.795167
12.283669
11.888380
11.510885
11.189145
12.375833
11.991562
10.856675
11.872861
10.829539
11.044903
11.954193
11.841552
11.858893
11.088297
11.078054
12.155935
11.336830
12.281045
11.487968
12.003916
11.130988
11.576777
11.438774
11.174713
11.089778
11.852703
11.261303
11.380966
11.970355
11.515166
12.256567
10.581967
11.674989
11.299171
10.857023
11.254662
11.747037
11.916166
11.676635
11.668839
11.126615
11.061377
11.851612
12.389566
10.935426
11.781192
11.523955
12.023810
11.623361
12.052007
11.941235
11.249906
12.344853
11.015274
11.010821
11.283200
11.682183
11.185666
10.781077
11.575968
11.749635
11.133792
12.417230
11.960829
10.811587
11.424031
11.330091
10.987202
11.122524
11.669762
11.987600
10.985794
11.544164
11.327209
11.624129
11.558144
11.724975
11.877024
11.847489
12.346275
12.122033
11.671212
12.248008
11.701653
10.905180
11.575257
11.274430
11.800704
12.379081
11.748072
10.964090
12.152147
12.273748
10.638745
11.437996
12.359731
10.720132
11.098720
11.361131
11.920786
12.172230
10.596316
11.109895
12.182558
10.865674
12.003430
10.765191
12.468252
11.397178
11.748695
12.084429
11.673895
10.974403
11.695309
11.278108
10.973360
10.876520
12.096956
11.018196
12.439634
12.250991
10.939936
11.105280
11.268858
11.638993
12.001393
10.845427
12.311164
11.503918
12.312247
12.266344
12.362821
10.834980
10.834329
11.802749
12.120288
11.465239
10.891830
11.817298
12.105109
12.184631
12.074140
12.158484
11.848974
11.377999
11.216402
11.351050
10.773353
11.513049
10.709856
11.902535
10.905544
10.705192
11.639593
12.122934
12.230399
12.227317
12.130016
11.105708
11.533542
11.780258
11.529009
12.363025
10.835532
11.886156
11.911084
12.442483
12.370757
11.751541
11.459565
10.880991
11.249530
11.987347
10.905058
12.433764
12.058973
10.776729
10.801513
11.956038
11.087881
12.159415
10.601021
12.178820
12.253749
11.262923
10.928501
11.913315
11.765667
11.228552
12.186898
10.688409
10.987522
12.475991
11.495921
12.200712
12.191669
10.789237
12.493598
12.006938
12.070877
11.680367
12.412026
12.444649
11.831025
11.324571
11.888657
11.456872
11.056179
11.264293
12.027174
11.072876
10.708381
12.358443
10.914234
11.222250
11.006956
11.015674
11.576478
11.344799
11.164381
11.130294
12.098003
11.786093
11.565714
11.235417
11.219187
11.757591
11.535030
12.381568
12.295616
11.687488
11.160333
10.965846
11.915695
11.268394
11.019086
10.823171
11.976402
10.938779
11.645393
11.317504
10.425533
11.298954
11.876966
10.709162
11.123634
11.578951
11.926683
11.595705
10.790035
12.037897
11.122187
11.997688
10.803043
11.565399
11.321198
11.411322
11.933310
10.828858
12.389763
11.540191
11.134612
11.148859
10.955816
11.345463
11.517295
10.930060
11.623033
11.233515
10.664345
12.261520
12.297123
10.959224
11.631549
10.892698
10.997890
11.256486
11.388065
12.203351
10.722500
12.378967
11.274689
12.340775
12.311581
11.630521
10.780530
12.133123
11.276065
12.082664
10.713282
10.571835
10.805580
11.367288
10.646174
11.083266
11.411466
10.941495
11.428122
10.807128
11.655147
10.827891
10.967961
11.710560
11.244296
11.454583
11.486570
11.795830
11.622478
10.647865
12.232029
10.930605
12.373343
11.476026
11.372975
11.592924
11.030099
12.431516
12.276136
10.707402
12.124990
12.043209
11.770269
12.065702
11.432149
10.892500
11.616180
12.443964
12.399541
10.848406
11.589721
11.745541
11.937926
12.074002
11.069204
10.999398
12.075904
10.938435
11.080218
11.542202
12.256986
11.203149
11.348965
11.167657
12.352818
11.877538
12.169260
11.174827
11.289393
11.070349
11.245829
11.979897
11.322767
12.201364
12.055976
10.643834
12.004806
12.446180
12.346114
11.283872
12.177382
11.959581
12.390181
11.122165
11.838981
12.280850
11.176478
12.244722
12.196965
11.756237
12.306779
11.514562
11.324408
10.955317
12.171890
11.861675
12.166347
11.977691
12.418394
11.553819
11.736780
10.956549
11.300290
11.618484
11.086665
11.355609
11.437180
10.739160
11.626471
12.245645
12.016773
11.538246
12.417676
11.350152
12.307563
11.713770
11.700180
11.357261
12.082274
10.828225
11.276893
10.668393
11.331898
10.883890
12.068583
11.012359
10.892504
10.684938
11.563551
12.144866
11.551177
12.138254
10.830795
11.832008
11.742340
11.895562
11.874778
11.147398
10.983608
10.736459
11.206043
12.029393
11.620560
12.060179
12.504504
12.285751
12.366812
11.896272
11.339331
11.807537
11.398908
11.325809
12.342987
11.980947
12.230389
11.228722
11.721052
10.931115
11.168555
12.204948
12.058180
11.576516
12.262981
11.633150
11.364741
10.529117
11.251344
12.310846
12.204711
11.489028
12.389243
11.903805
11.439624
11.803025
12.023959
11.532495
12.206661
11.005358
11.504839
11.677220
11.074693
12.187483
11.455673
12.241813
11.994880
11.269699
11.567834
11.715355
11.671021
11.438525
11.514390
11.551560
10.900394
11.238098
10.965725
11.328914
11.826297
11.216599
11.451436
10.756276
11.722592
12.057094
11.297798
11.452717
11.478150
12.100480
10.862612
12.141120
10.639251
11.814180
12.401515
11.266263
12.511548
12.100536
10.981498
12.058215
10.909658
12.175008
11.119404
12.189766
11.826979
11.478989
10.887884
11.046955
11.807233
11.537715
12.381770
11.548829
10.728448
10.861291
12.252618
11.679462
12.290856
11.335543
11.499563
11.468771
12.490564
10.844028
11.367503
11.787175
10.648236
11.916978
12.118033
11.335694
11.440579
12.354677
12.298913
11.501536
10.793459
10.901673
11.565942
11.769058
11.250464
12.111768
10.876937
12.343986
11.580437
10.870970
11.721733
12.366956
11.660604
11.399376
10.870875
12.288607
12.389207
11.508062
11.759568
11.079817
12.319649
11.396721
10.702257
11.215614
12.388167
10.880373
11.282471
11.213886
10.939291
10.733106
11.147371
11.618646
10.741713
11.208298
11.865981
12.302222
12.025842
11.335169
11.578716
11.003155
11.678513
11.377161
11.849549
12.194021
10.811269
11.913573
12.385963
12.302973
10.860213
10.873403
11.467200
11.552409
12.015365
10.769708
12.198443
12.383759
11.022499
11.543262
12.242366
11.822035
12.176860
11.373470
12.241889
10.955318
10.988294
12.279015
10.842084
10.995494
11.063442
11.368462
11.645881
11.124081
11.809512
11.392445
10.842417
11.076210
12.074591
11.407956
11.913061
11.983242
10.724199
11.795589
11.379099
10.809161
11.276494
11.291316
12.365996
11.248028
12.086437
11.963722
11.461964
12.090330
11.090017
12.051126
12.222667
11.818374
10.893558
11.719889
12.336367
10.783703
12.387494
12.397717
11.774712
11.718946
11.470461
12.150694
11.995411
12.022237
12.233936
11.268748
10.590529
11.023811
11.230726
11.807014
11.698358
10.908150
12.123648
11.839069
11.052653
11.138647
11.598905
12.044769
10.896732
11.638172
11.599176
11.544462
11.002425
11.192267
11.724930
11.571698
10.865065
11.366522
11.104963
11.536127
10.778003
10.720444
10.485234
11.293504
11.061205
12.132419
10.699162
11.776074
11.587809
11.451973
11.363857
12.132154
11.991902
11.950768
11.554447
11.839023
11.200680
11.928503
11.792186
12.113518
11.746406
11.389027
11.100886
12.168500
12.143689
12.322433
12.375348
11.782628
12.451306
11.053534
12.287653
11.384736
11.407739
11.255617
11.037746
12.124117
11.973821
12.365688
11.852617
10.964523
11.470330
11.801943
11.604262
12.041328
10.957530
12.184447
11.170060
11.291596
11.615858
11.159232
12.021708
11.153420
11.520339
12.464410
12.418444
11.232793
12.061166
12.326781
11.209991
11.367046
12.151829
12.255974
11.636569
11.240031
11.529056
11.285331
11.496112
11.481643
11.162200
11.886841
11.522425
12.428185
11.685399
10.691403
10.686700
11.926089
11.209338
11.699427
11.536647
12.473073
10.680283
10.601101
10.624907
12.541435
10.646189
10.709242
10.754546
12.249596
11.879122
12.334429
10.953095
11.720708
12.065680
10.716314
10.693435
11.345925
11.863950
12.410241
12.358228
11.355303
10.976742
11.273261
12.162808
12.198350
11.747992
12.391743
11.628562
11.955680
12.079346
11.451700
11.803282
11.354492
10.815725
10.856072
11.033754
11.355278
11.368463
10.896709
11.743220
12.365030
11.258307
11.651648
11.931583
12.379968
10.714984
12.363810
11.239498
11.394930
11.659520
12.212000
10.754803
11.951202
12.101936
11.269811
12.070078
11.338476
11.182260
12.356657
12.251297
12.391436
11.378149
11.525196
12.340391
12.342209
12.013095
11.371390
11.116798
11.083772
11.923961
11.803700
11.955625
11.394820
11.580449
11.364745
11.659770
11.825997
10.658853
11.216067
11.881023
12.347375
11.227233
12.152406
12.385101
11.634283
11.279827
11.830117
10.667723
10.970830
11.845889
12.395241
10.708647
11.145591
10.945307
11.481040
11.760938
12.035357
11.476816
11.238696
11.730855
11.329926
11.580135
12.005000
11.162413
11.394118
11.890525
11.297038
11.004971
11.724404
11.616168
12.000263
11.869667
11.156530
10.572814
11.418060
11.870620
12.285659
11.970052
12.148079
11.454220
10.691207
12.293921
11.775380
12.482853
11.271234
11.873195
12.130938
10.809997
11.556399
12.121334
11.907244
10.609767
12.406276
10.790662
12.308523
10.701380
11.329598
12.177831
11.381492
11.813891
12.186175
11.488886
11.082669
11.102251
11.929169
11.662387
11.890462
11.251664
11.973177
12.135989
12.161162
12.038760
11.877141
12.231433
12.120549
11.073249
10.707966
10.876492
10.877671
12.147155
12.489009
11.234624
12.436637
11.128621
12.188386
11.029078
11.157308
11.707970
12.153527
10.748298
11.301113
11.534694
11.266988
11.593097
12.002002
12.079147
10.776022
11.354367
10.976734
11.959066
11.337184
11.113578
11.539080
12.503388
11.482456
11.961847
12.306798
11.807165
11.221025
12.017170
12.241297
11.685598
12.184168
11.301667
11.116704
12.327842
11.553022
11.690427
11.408584
11.322013
10.800394
12.171906
10.773127
11.762207
10.551962
11.168436
11.499792
12.040557
11.375945
12.126279
11.409187
11.703024
11.565796
11.455119
11.922502
12.013473
11.603658
11.583678
11.849326
10.696175
12.034434
11.972578
11.046238
11.762658
11.449154
10.848536
11.054280
11.404461
11.847350
10.728244
10.582075
11.768213
12.028616
11.216146
11.271766
11.167392
12.056779
12.241541
11.362073
11.835021
11.597887
11.066607
12.382590
10.952473
12.258960
11.747634
10.880409
11.077707
11.062677
11.795951
12.006163
11.974075
11.446916
11.544119
10.612902
12.299428
11.348946
11.106474
10.734793
12.131030
11.727026
11.543517
11.172067
11.888477
10.909937
11.457433
12.211132
11.479685
11.151936
11.499168
11.656670
12.368707
11.880469
10.798245
11.631100
10.636673
12.387594
11.622089
11.404919
11.542874
11.322867
11.176985
11.942615
12.027355
11.327158
10.696396
11.695864
11.515039
10.694837
12.169262
10.606568
12.195083
11.574051
12.157697
11.358766
10.748464
11.870261
11.896332
12.081789
12.153084
12.209927
10.673107
11.124519
11.010190
11.770506
10.864473
10.711978
12.171352
10.837334
12.226298
11.114936
10.824397
11.770603
11.496181
11.810671
11.778745
11.922373
10.956217
10.619012
10.831810
10.935454
11.756053
11.256129
10.775680
11.631891
11.099541
12.156257
11.346656
11.702165
10.828817
11.370880
11.937429
12.536857
11.458501
11.176462
11.134530
12.234829
10.763380
12.425434
10.772580
12.268930
11.080316
12.027617
10.630405
11.968703
10.812665
11.999461
11.816216
12.264809
11.674357
11.068986
12.128522
11.579891
10.689512
12.061408
12.139347
10.813122
12.109609
11.832519
12.252265
10.743736
11.904103
11.466272
11.766836
11.668952
12.328873
10.933396
10.824076
12.134798
12.205849
12.369918
11.285552
11.362896
10.709474
10.883122
11.880449
11.813724
11.090439
11.923694
12.446179
12.309487
11.844846
11.129293
11.026730
12.027594
12.044565
11.834688
11.376456
12.324098
11.459823
11.657574
12.314202
11.544423
11.453161
11.969803
11.743057
10.891244
11.827945
11.515005
10.523901
10.671650
10.992084
12.112398
12.114299
12.069282
11.200022
11.338129
10.811544
12.245516
12.342743
11.620520
11.443373
11.172603
10.808653
11.085739
12.133274
10.847666
11.634189
12.378675
11.604512
11.367487
11.510954
12.378336
11.056280
12.335813
11.239873
12.343883
10.781332
11.317240
11.820360
11.259490
12.414865
12.431948
11.171743
11.485478
10.991059
11.148778
12.517660
12.513059
11.518599
11.371278
11.786717
12.281228
12.325427
11.812669
10.854328
11.486631
11.599396
10.892081
12.142453
11.058893
12.168866
10.585293
11.266966
11.702730
12.389096
10.962656
11.105492
10.800125
10.677979
11.678022
12.376494
12.075765
12.158686
11.822965
10.933671
12.233238
12.296995
12.016603
11.822443
12.264803
12.346800
11.232525
11.603234
11.590087
11.729328
12.093333
11.185851
11.739220
12.173291
11.650468
11.908097
12.436650
10.974975
12.339497
11.134452
11.154783
11.071999
10.599385
10.593739
11.948019
11.334825
11.710760
10.758606
12.356318
12.408093
11.735665
11.782092
11.781581
10.944025
12.172156
11.384136
12.166979
12.067375
11.322373
11.089017
12.180477
10.865238
11.111402
10.950231
10.950231
