11.742860
11.105471
12.194553
12.393050
11.038549
11.367888
11.643787
11.220554
12.206924
11.469013
12.248843
12.212926
10.587398
10.858438
11.727423
11.523066
11.679471
11.969938
11.629644
11.985982
12.296840
11.424010
11.599371
10.845982
10.816301
11.414244
11.474684
10.960963
11.227702
10.729167
11.787197
11.742575
10.789417
12.464344
11.512207
12.392917
12.306627
12.329990
10.694674
12.133977
12.418594
11.271248
12.038372
11.281824
10.850823
12.110106
11.707656
12.429979
12.233857
11.285377
11.266573
12.089138
11.627836
11.668231
12.399348
11.704687
10.732600
12.371524
11.150356
10.958370
11.262261
11.104014
11.900196
11.350539
12.093516
12.349646
11.781690
10.771224
11.491782
12.309250
11.677026
12.014198
11.574063
11.405188
11.923307
10.672769
11.172122
11.900297
12.262010
11.750468
11.534008
12.071392
11.952410
12.188792
11.193269
11.095842
12.250498
10.748743
12.281526
10.858154
11.568601
12.390501
11.527911
12.148746
11.542548
10.662104
11.690340
12.161303
10.928642
10.730470
11.966385
11.437252
10.889511
11.540314
12.239188
11.836173
11.391916
10.467484
11.849312
11.075957
10.832148
10.898531
11.181699
10.934085
12.363730
11.108305
12.041567
10.888127
12.223947
12.112310
12.265049
11.043216
11.732155
12.210191
11.974440
11.732196
12.246378
10.958947
11.940134
11.940039
11.614854
10.657896
12.120774
11.264993
11.593263
11.498416
11.652522
11.192169
11.283835
10.622407
11.407543
11.385386
11.600460
11.410760
11.313098
11.756132
11.164749
12.307888
12.380110
12.116667
11.232861
10.862834
12.269329
11.131427
11.102488
11.299900
11.893652
10.945872
11.250872
11.694788
11.755141
12.108517
12.003608
11.422088
11.707477
11.088020
12.225718
10.965645
11.746751
12.390862
11.982950
12.465680
12.140990
10.852275
11.062831
11.231188
11.941223
10.721445
11.719463
10.851576
11.590664
12.103489
11.936987
11.949551
12.382472
10.854247
11.436025
12.001835
12.106877
11.038485
12.034202
11.583255
11.399814
12.321914
12.374419
12.269904
12.254279
11.543523
11.258889
12.107559
10.788539
11.200586
12.582750
11.424552
11.358643
11.234349
11.436046
12.408893
11.654018
12.256738
11.337875
11.131443
10.699004
12.276662
12.374346
11.665190
11.348292
11.016851
11.934900
12.144519
12.039345
11.281082
11.771156
12.124144
11.651040
12.384688
11.094003
12.471107
12.305130
11.965614
11.187617
10.981490
12.099552
12.408745
11.512686
12.400567
11.251816
10.823030
10.753894
11.326324
12.240948
11.607511
10.795060
11.772326
11.664296
11.037520
12.014480
11.745105
10.840833
10.901242
12.052691
11.959936
12.295676
12.474097
11.808551
11.222046
12.079508
12.212517
11.699648
11.623597
10.870658
11.331169
12.515914
11.548629
11.155548
11.530376
11.536671
11.807165
10.905336
12.148271
12.413800
12.319857
12.379692
10.873814
11.012390
11.148468
10.416263
12.284643
12.339658
12.180231
11.343417
11.193311
11.674862
10.664217
11.329505
11.014000
11.102455
10.793171
11.081587
11.346897
11.124985
11.166028
11.508477
11.363049
12.302448
10.897897
12.213155
11.255001
11.482580
10.754993
10.903873
11.941666
11.325817
12.172972
10.774493
11.546936
11.450300
11.400538
11.375613
11.723449
11.195244
11.350234
11.697979
10.659714
11.954106
11.539163
11.646994
11.778949
12.201919
12.337790
11.669449
11.247417
11.793789
11.377524
11.819383
12.050157
12.227333
11.162262
12.134343
11.972003
10.601469
11.387917
12.308775
11.269036
11.248703
11.827883
12.435227
10.720437
12.182015
12.027190
11.506993
11.559411
11.735650
10.935427
11.487717
12.146068
11.837041
11.033202
10.850472
11.017248
11.766532
12.409964
11.312432
11.750078
12.362142
12.256896
12.344906
12.136474
11.980412
12.475047
12.163133
11.823676
11.087825
11.474123
10.862230
11.019507
11.251634
11.909582
11.732538
12.122279
10.751724
11.549967
12.086107
12.164062
11.996370
11.599451
11.329678
12.480584
12.450061
12.279890
12.469356
11.708486
11.877930
11.826126
10.948159
12.182478
10.803607
11.336104
11.352709
12.074422
11.367423
11.353036
10.674486
10.849423
12.367982
12.085243
10.949334
12.005785
10.776374
11.522116
10.716741
11.088045
12.349196
12.087682
12.417487
11.900226
12.457786
11.006770
11.355945
10.910972
11.218782
11.059419
11.580147
11.894499
12.118934
12.292713
11.729443
11.042399
12.182540
11.065506
12.462961
10.948653
12.249013
11.615159
11.156248
12.303808
12.049676
12.086225
12.352701
11.617045
11.614968
12.369353
11.150275
11.145616
11.684383
11.608008
12.404028
12.149748
11.714369
11.813280
11.024629
10.811219
12.153585
12.231674
10.867403
12.349105
10.550851
11.754006
11.542904
11.465203
10.748732
11.866943
10.848602
11.407627
11.305324
12.387359
11.517838
11.546026
10.976208
11.091287
11.332115
12.362830
12.442501
11.174143
11.628989
11.111733
11.801247
12.385014
11.825052
10.896553
12.336934
10.692542
12.421254
11.537637
11.842275
12.090835
12.490297
12.145969
11.790961
11.472880
10.693666
12.090682
11.388844
11.840730
10.858228
12.053816
11.963445
11.568094
11.415915
11.052034
11.792895
10.886005
12.268203
11.600479
10.808900
10.697405
10.822161
11.991131
11.433685
11.807868
11.961613
11.440047
11.310184
11.726160
12.434230
12.069226
10.846062
11.613743
12.248266
11.593315
12.143547
11.918820
10.991788
12.132126
11.715898
11.095367
10.907174
11.277251
10.811040
12.164335
11.480069
10.707470
12.282331
10.676185
10.832108
12.497663
10.894735
11.169568
12.478046
12.230453
10.916929
12.118964
11.542537
10.985368
10.671576
12.323609
10.746239
11.302384
11.931499
10.758025
11.537208
11.001462
11.289387
12.306141
11.695873
10.879393
12.203486
11.669965
12.401047
12.078362
10.973514
11.757726
11.417683
10.749974
12.046422
12.271086
11.807985
11.943878
11.970285
10.760187
11.345957
12.340061
11.639890
12.300055
10.751904
10.946571
11.129956
11.487537
11.423486
11.451056
11.368552
11.420031
10.875905
11.746728
10.715559
11.150752
10.983552
12.100720
11.816705
11.847051
10.507705
11.647716
11.880827
10.870550
10.847153
11.275965
10.560147
12.031432
11.191050
12.207478
12.127697
12.110907
11.263892
11.229662
11.044755
10.977624
11.831910
11.875970
12.319453
11.377646
10.915100
10.988398
11.116531
11.042445
10.924989
11.722437
10.701799
12.247874
12.321697
10.833445
11.581030
11.011680
11.978815
12.397666
11.334200
11.026738
11.561319
12.082471
11.309025
11.865126
11.007157
10.957482
11.754245
11.999119
11.550088
10.556242
10.939470
11.188834
12.089845
11.279274
11.620646
11.677767
10.868765
11.927732
11.113278
11.672538
12.169826
11.785866
12.376575
11.178310
12.021880
10.790519
11.063188
11.321337
11.731428
10.874421
10.734830
11.240378
11.875480
10.827190
12.049839
12.218714
11.729238
11.793878
11.449722
11.083473
11.406738
12.280795
10.692730
11.650407
11.031369
11.794192
11.047508
12.180315
12.169279
11.277111
12.084861
12.049211
10.932362
10.878777
11.290116
12.361974
10.771260
11.982880
10.727668
11.861442
11.989791
12.414116
11.859277
10.785298
11.887181
10.995605
11.916961
10.778617
11.888867
11.474839
11.156036
10.920578
12.232862
11.277665
12.119408
11.951043
12.247016
11.920494
10.927654
12.074470
12.129462
11.008917
11.908282
10.725561
10.689723
11.827884
10.834987
12.148559
12.315518
11.049591
11.815216
12.349753
10.961646
11.977181
12.119783
11.955549
11.751065
11.945366
11.324897
11.535640
11.425925
11.322721
10.822866
11.047234
12.076322
11.889357
12.187802
10.641652
10.874497
10.947335
11.599278
12.036712
11.886795
11.295564
10.931057
12.119325
11.890348
11.956975
11.270039
12.135320
12.108166
10.743083
11.391619
11.874044
12.446162
11.802326
12.332336
12.421385
10.905420
10.943444
10.929280
12.045774
10.939730
10.815748
11.394670
11.562693
11.860748
11.374205
11.743002
11.528503
12.424904
11.491125
11.885089
12.163023
11.745971
11.892764
12.138487
11.925486
11.752424
11.541874
11.786035
12.365184
11.238742
11.252494
11.749962
10.613195
11.732999
12.226808
12.069330
11.544241
11.061674
12.337588
12.437731
11.762168
11.965373
12.379027
12.237159
12.375027
10.691470
11.757673
11.770344
11.619052
12.401790
11.295977
12.400372
10.801066
11.880157
11.629199
12.286386
11.311016
12.275755
12.449506
11.430400
11.455469
12.216858
11.737010
12.154715
11.081777
11.723427
10.659204
11.150776
11.220281
11.603416
10.847165
11.096957
11.025513
10.982694
11.755712
11.508360
11.986963
12.432896
12.009741
11.378771
12.460904
12.098896
11.534628
11.207377
11.768148
12.056124
10.964981
10.727344
11.790015
11.192998
11.874752
10.984487
11.484428
12.018945
12.095118
12.152536
12.205539
11.512809
11.048328
11.804758
11.199092
12.286130
12.134570
11.230044
12.406706
11.908647
12.313537
11.995745
11.739757
11.944985
11.508858
11.655530
11.236774
10.809396
11.281197
12.008377
11.523620
12.275353
11.145060
11.087276
11.940291
10.964238
11.240998
11.700682
12.352880
12.070167
12.215909
11.970310
12.392299
10.867907
11.262049
11.313015
11.569644
12.404182
11.035590
11.109502
11.660435
10.934735
11.041889
12.223718
10.960466
12.296385
11.961978
11.017702
11.866014
12.151343
12.033033
10.902347
10.998681
11.948717
12.108131
12.447092
12.321190
11.087544
11.994006
12.255873
11.315426
11.382574
12.205142
11.654198
10.675200
11.043746
11.704798
12.006008
10.886890
11.203511
11.904749
11.045717
11.170021
12.277173
12.120758
10.697412
11.602835
11.063094
12.154416
10.786287
11.914725
11.017311
12.383555
11.402114
11.995323
12.129330
12.099436
11.337597
10.869557
11.257410
11.183355
11.076011
10.907814
11.758978
11.990299
12.268683
11.115614
11.909920
11.200052
10.747062
10.830320
11.262554
10.911622
10.713439
10.610377
10.753577
11.019073
10.811690
10.925558
11.178880
10.904874
11.128101
11.029435
10.733224
10.792894
10.993830
10.612516
10.957556
10.724660
11.083098
10.871573
10.948572
10.842130
10.817682
11.006379
10.756146
10.851303
10.932860
11.220755
10.744117
10.585891
11.037074
10.808917
10.813546
10.958542
11.060044
11.123332
10.611631
10.844911
10.787861
11.238370
10.983412
10.943314
10.926487
10.655380
10.687444
10.923588
10.848523
11.511795
10.882297
10.675342
10.795899
11.150786
10.934117
11.249820
11.014096
10.921724
10.827677
10.824589
10.993221
11.479419
10.981732
11.959636
11.976849
10.647328
11.704148
11.199376
11.302516
11.673168
11.076029
11.822459
11.333031
11.333630
11.071872
12.136880
11.712516
11.872109
11.315099
11.470317
11.837310
12.237340
10.965020
12.061400
11.280118
11.861122
10.938236
11.900377
12.278545
12.057849
12.025720
11.641537
11.906442
10.601022
11.283877
11.066717
11.916786
12.317027
11.550155
11.017644
11.934235
12.215004
10.965824
11.999993
11.619633
11.719449
10.724797
11.642666
12.127018
11.378006
10.682414
12.006796
10.975382
11.960680
10.736190
11.151740
11.995020
12.083254
10.763099
12.371077
12.243247
11.977044
10.626506
10.749696
11.157298
11.167124
12.448730
12.228798
12.352968
10.815112
12.236333
12.462886
11.293092
12.162541
11.054008
12.357348
11.613981
11.785274
11.027797
11.605726
11.947335
11.418837
12.073876
11.619945
12.541164
11.339776
10.959053
10.655503
11.492350
12.321617
11.002376
11.560332
11.721603
11.185875
12.134614
12.134615
11.963801
11.995450
12.227376
12.172069
11.129222
11.316379
11.005637
10.828736
12.211218
12.319250
10.767009
12.314320
11.314825
12.070554
11.488770
12.234529
11.326531
11.182175
10.960897
12.017579
10.813148
11.248686
12.004442
11.174302
11.880784
11.180157
11.693976
10.927231
11.456783
11.955240
11.975011
11.239834
12.129933
12.198591
12.010403
11.679112
11.528656
11.007582
11.053983
10.779314
12.231823
10.894174
12.376784
10.867810
11.132685
11.955457
10.877435
12.361705
10.973314
11.766643
10.732447
10.864773
11.262648
10.800067
12.248241
12.252096
11.600924
12.093423
11.091055
11.555683
11.370598
11.340362
12.344386
10.772072
11.922854
10.724888
11.696314
10.811866
11.094523
12.224978
12.077407
10.530277
12.157155
11.890150
10.617274
12.464410
10.988811
12.390624
11.437129
12.145143
10.655646
10.939958
12.464464
10.790279
11.782978
11.547220
11.749543
11.364702
11.984724
11.276966
10.996595
11.827187
10.883636
11.009591
11.373335
10.752648
11.335347
12.208291
11.815182
11.921323
10.706923
12.316883
11.560873
12.427560
11.273294
11.983690
11.672670
12.295255
11.264162
11.612922
11.638971
11.636578
10.684695
11.867732
11.578281
12.472765
11.561203
11.710487
11.249982
12.063689
11.879392
11.596349
12.255917
12.092229
12.097068
12.256650
12.091979
11.404855
12.429047
11.954100
11.584725
11.983746
11.143864
12.253134
11.469149
12.036020
11.456366
12.425259
12.175188
11.820006
11.418274
11.166732
12.258276
11.441773
10.936821
11.050574
12.323236
11.722411
12.057952
10.948255
12.291384
11.206653
11.338631
11.388162
10.747974
10.794959
11.416968
11.805373
12.068017
11.887728
11.646300
12.436342
10.969779
10.792059
12.144577
11.053980
11.445495
11.792465
12.192370
11.301739
11.270749
11.609469
11.475910
12.230811
11.103751
11.718338
11.335750
11.307248
11.759541
12.173824
12.434936
11.057614
10.893464
12.215682
11.558899
11.458966
11.148790
11.162284
12.311564
12.184928
12.336124
10.966497
12.215533
11.142373
12.370347
11.692167
12.008329
11.661864
11.896685
12.316915
11.570083
10.999393
12.278672
12.364815
12.334279
12.371151
10.953837
10.933547
11.566724
11.228338
11.539487
11.936195
11.722415
10.893172
11.699426
12.104506
11.036781
11.536978
11.042761
11.837661
11.217025
12.321768
11.644050
12.166870
12.374240
11.210977
11.630052
12.211388
11.362056
11.788992
11.847777
10.772012
11.880166
10.672716
12.334084
11.522527
11.041906
12.213218
11.878377
11.104957
11.140802
12.197310
12.266219
11.370175
11.433233
11.064584
11.581088
12.094504
11.814475
12.141213
11.849412
12.112666
11.922932
11.006245
11.706861
11.987414
12.211861
11.374799
12.360764
11.072212
11.073979
11.730650
12.244420
11.182654
11.587519
12.223796
11.887778
12.188270
12.169978
11.917720
11.640557
12.258280
11.743364
11.162898
12.288349
11.076739
12.408251
11.739095
11.008819
11.862445
11.280192
10.581543
11.942341
11.754669
12.195106
10.913035
11.406753
11.672795
10.702988
12.260781
11.470581
10.563520
12.412619
12.445183
12.040036
11.775251
12.410085
11.835005
11.782589
11.826611
12.521229
10.815491
11.816403
11.368991
11.088226
12.228065
12.060274
12.095748
11.791439
11.670807
10.641094
10.899003
11.885287
12.294745
12.289097
12.006610
11.454447
11.277547
11.895108
11.302177
11.128512
10.928632
11.333747
12.343558
12.298469
12.277273
11.358968
11.260902
11.419261
12.481136
12.139722
12.143388
10.721077
10.899297
12.019630
12.164679
12.062079
11.979648
11.562994
12.368843
11.353240
10.967941
11.051032
11.395744
12.016215
11.898282
12.087576
12.123200
12.201779
11.341653
12.299397
10.862636
11.674858
11.964702
11.699204
10.979512
12.225911
12.002765
11.475909
12.011799
11.728898
10.956958
12.140840
11.536882
11.721987
11.837315
11.432104
11.941924
11.534364
12.041318
11.452584
10.985607
12.358082
10.804406
12.420833
10.996598
12.026419
10.701119
11.753245
11.759775
10.948396
12.241371
12.462486
11.690780
12.337957
12.395875
11.850227
10.856074
11.836976
11.858802
11.380775
11.810214
12.293012
11.920403
11.726384
12.292267
11.840113
12.367438
10.672010
10.979378
11.043504
10.842980
11.775545
11.838696
11.781930
11.321495
11.854409
12.383416
10.712102
10.875094
10.906858
12.302160
11.248393
11.049248
12.128779
12.314050
11.019609
11.995378
11.566916
11.928656
11.584231
10.798948
11.921150
12.409751
11.040342
11.126551
12.219137
12.367590
11.341698
11.655359
11.131902
12.226446
10.733972
12.428764
12.419018
10.839456
11.667116
11.904966
10.939750
11.650102
12.363482
12.376274
11.541395
12.277845
11.525222
11.432029
12.063491
11.492587
11.981922
10.720968
11.800499
10.815529
12.310329
12.148848
11.938348
11.365718
11.821345
11.177688
11.402849
12.232998
11.101919
11.544606
11.046425
11.122695
11.351937
12.110462
11.431099
11.437697
12.253362
11.857117
10.801903
11.855807
11.369238
12.210694
11.730014
12.115857
12.341473
12.087954
11.227842
10.611527
12.289119
12.055056
11.780278
12.272328
11.867268
10.929761
11.389853
12.457979
12.255820
11.796806
12.148148
12.193314
11.856864
11.904711
12.333837
10.864136
11.526412
11.335761
11.669663
10.834855
12.069591
12.091334
12.011378
11.093419
11.088117
12.247101
11.250190
12.030353
12.031829
12.370116
11.053482
11.917539
11.432537
10.899029
10.738604
11.102529
12.236090
11.603266
11.454933
11.421690
11.873990
10.733354
12.430238
10.756473
11.846383
10.970121
12.328769
11.057764
11.117501
11.402235
12.369232
12.013022
12.069898
11.044286
11.164842
12.212750
10.978489
11.680821
11.062781
12.006061
12.146582
11.519307
11.613838
11.801293
11.413557
12.011884
11.099959
10.787102
11.322703
12.252529
11.198432
10.657527
11.979381
10.760046
12.010972
10.778838
10.530712
12.479597
11.493621
11.641297
11.121034
11.029893
10.879472
11.450607
12.357683
10.934202
12.389941
12.021740
11.094590
11.397598
10.656668
11.242007
12.249410
11.892368
10.853915
11.460520
10.816723
11.640155
12.286867
11.548636
12.140717
11.780539
12.294452
11.207006
11.109905
11.129489
12.392868
11.895744
12.386693
11.443646
12.246620
11.662323
11.667664
11.378264
12.415197
11.347936
11.838084
11.980303
12.393709
12.117091
11.701865
11.299761
11.094619
12.435632
11.385715
11.460993
11.964145
10.805828
11.028018
12.436249
11.952131
11.224161
11.283891
11.421190
12.337434
11.989198
11.549652
11.919439
12.235757
11.003871
10.719257
10.784242
12.280724
11.206963
11.098195
11.016061
11.931222
11.623817
12.081979
12.259847
11.284155
12.206112
12.333492
11.773008
12.306176
10.914764
11.468622
11.538719
11.429718
10.991783
10.881320
12.225918
12.090059
12.318526
10.469689
11.581803
12.181873
11.469161
11.806107
11.329545
11.821484
11.588161
11.745071
12.291706
10.487867
11.734631
12.052167
11.849850
10.788567
11.949754
11.186317
11.366214
12.147118
11.301289
11.450101
12.377687
11.717951
11.238334
10.914358
11.459507
11.060178
11.386379
10.864334
12.323280
10.909300
11.723744
11.309139
11.224814
12.012787
11.584501
12.436990
11.479928
11.248746
12.276826
12.400338
12.470971
11.900791
11.412346
11.741637
11.424000
11.031931
12.404660
11.925214
10.883071
11.731596
12.325766
10.794289
11.172040
11.529243
11.243556
11.145730
11.194791
11.606232
11.395786
11.149822
10.889778
10.986881
12.091613
12.369668
11.080004
11.581668
11.908165
11.551437
12.347046
11.355448
10.691504
11.849962
11.201551
12.085756
10.624155
11.642903
11.419826
11.329678
10.771674
10.684000
11.520248
11.748728
10.985238
11.957159
12.547222
12.279136
11.571266
11.020484
11.012279
11.218418
12.191723
11.878836
12.104129
11.597888
11.629876
11.514828
12.022695
12.030738
12.306823
11.876399
11.279335
11.957760
11.903802
11.666113
12.376168
11.630060
12.131220
11.421585
11.803356
11.317252
12.185976
11.566164
11.776937
12.098979
12.039665
11.420546
10.973626
11.583490
11.663282
12.397969
10.591434
12.229102
11.309276
11.579238
11.673921
11.855215
11.132092
11.696302
11.584487
12.126969
11.786475
11.194764
11.121095
10.951502
11.791754
11.299064
11.016039
10.988650
11.607211
10.691802
11.360494
11.930668
11.777368
12.328892
11.027180
12.121740
11.681197
11.757454
11.069681
11.904504
12.289179
11.593745
11.443879
12.237789
12.009090
11.695016
11.386304
11.246474
11.649386
10.794699
10.971481
12.428966
10.898202
12.065216
12.180845
11.588240
11.676718
11.104663
11.212147
11.900520
10.798331
11.848938
12.314792
11.181222
12.326654
12.110723
10.862855
10.955011
10.718685
11.439785
11.337241
12.295462
10.918605
12.112857
12.223733
11.056058
12.276225
12.159876
12.271015
11.529426
11.534416
10.642292
10.766689
12.335192
10.889817
12.213606
10.614039
11.409391
11.177376
10.747081
11.486074
11.792076
11.655308
10.880021
11.332040
12.185964
10.989384
11.164473
12.185830
12.076896
12.219363
11.729387
11.386935
10.976563
11.047588
11.604753
10.760730
11.284288
12.180300
11.159964
11.501952
12.362720
12.303171
10.790231
11.250979
12.226159
10.820568
11.666514
12.194674
12.020262
11.788857
12.288294
11.371173
12.366977
11.990707
12.023299
12.126811
10.798476
11.899594
10.725712
12.380575
12.287279
10.982472
11.136545
10.724382
10.724100
10.913741
11.214119
11.156146
11.665209
12.131574
11.865436
11.743833
11.182772
11.996086
11.328421
12.060252
10.786660
11.103238
12.399757
10.917608
11.554189
12.273499
11.263531
11.553121
10.859438
11.309760
12.155936
11.708559
12.275007
11.728403
11.549685
12.000611
12.328027
11.523925
12.432533
11.359711
11.365090
11.933429
11.472339
12.013153
12.501008
11.771487
11.947356
11.564846
11.620293
11.445443
11.854776
11.570041
11.527932
12.215586
11.867434
10.965974
10.906669
12.393399
12.026381
11.500615
11.505478
11.064549
11.108521
11.546285
11.632460
12.456821
11.101072
11.551205
10.563456
11.707299
12.085587
11.676126
12.035434
10.994239
11.755853
11.596637
12.393660
10.682299
12.226370
11.792595
12.343251
11.455532
11.706727
11.207578
10.675989
11.413590
11.044042
11.852475
11.936990
10.966200
10.898441
12.355092
11.254937
11.337984
12.316406
11.822647
11.087918
11.052969
10.790561
12.074205
11.946265
11.891138
11.683332
12.196248
11.101598
11.040307
11.832780
12.221140
11.785184
11.541514
10.621859
10.796336
11.534939
11.041679
12.470459
11.874777
10.889594
11.323929
12.309105
11.887727
11.274928
11.570044
12.236131
11.379382
11.015668
12.150863
11.424258
11.446740
11.087550
11.419156
11.924005
11.509191
12.210009
10.712380
12.232081
11.651266
11.492229
12.067891
11.515101
10.717583
11.184672
11.530571
11.766943
11.291536
12.267746
11.095018
11.635175
11.086204
12.498981
11.647801
11.129052
10.924552
12.029583
12.071286
11.903748
11.838219
10.886093
12.430993
11.451379
10.683615
11.255951
11.695570
12.305982
11.434014
11.318043
11.453178
12.262198
12.237113
11.115001
11.947686
11.025813
11.425854
12.314137
12.358053
11.201277
11.383013
11.545035
12.404973
12.209975
11.609069
10.821138
11.316771
11.677252
10.682450
11.085956
11.693093
11.542805
12.433067
12.241715
11.915203
11.708580
11.512925
10.589271
10.715864
11.187814
10.768172
11.770382
11.542512
11.409574
11.039746
11.666913
11.010533
12.355918
11.619447
11.350837
11.858956
12.297490
10.825681
12.385402
11.332263
12.024116
11.355070
11.903038
12.003033
10.710458
11.868001
11.178659
12.243486
11.198794
10.908020
11.866408
11.940056
11.762069
11.703464
12.221086
12.273853
11.999736
10.625854
11.597418
11.968617
10.831461
12.061396
11.719293
11.889098
11.888348
11.854709
12.317142
12.070818
12.250527
11.666344
12.234197
11.509839
10.947445
11.306010
11.094756
11.466458
11.251395
11.204006
11.429385
10.986182
11.511941
11.728182
10.953826
11.795085
10.677763
11.680622
11.836313
10.847109
10.963938
10.639305
12.092372
11.951283
12.241808
11.863869
10.868328
12.344805
10.999887
10.904929
11.974325
11.807642
12.036125
11.699084
12.404259
11.117950
12.451977
11.127666
11.145583
10.593145
11.907530
11.869141
11.018653
11.729346
12.338593
12.253302
11.064846
10.816550
10.723945
12.416018
11.759457
11.768594
11.967690
12.094409
11.660440
10.964779
11.442677
12.406354
10.713027
11.279178
11.751344
11.399850
11.796013
11.823655
11.957370
12.168675
11.599122
10.665417
11.570257
11.231480
11.830552
11.331382
12.335773
12.435442
11.561777
12.000297
11.367912
11.821842
11.985834
11.935772
10.724798
12.237782
12.086682
10.777942
11.012382
11.763423
10.607973
12.242590
11.368799
11.589523
11.147638
11.918441
12.445869
11.214333
11.805004
10.979601
12.343252
11.439937
11.194653
12.353621
10.932111
11.471512
10.950408
11.632334
12.486288
11.839059
11.145138
11.349342
12.022985
11.211874
12.187162
12.180438
12.218256
11.978149
11.860923
12.302530
12.286733
12.254950
11.328889
12.104325
11.148501
11.974099
11.487687
10.833960
10.755312
10.870185
12.018210
12.246013
11.707775
10.895959
11.993640
11.774427
11.725814
12.357262
11.107337
11.970892
12.079563
12.048381
12.267486
11.478780
10.851206
11.360844
11.691567
10.792956
12.384947
10.709726
11.643261
10.846418
11.581189
11.255488
11.490497
10.907411
11.299359
10.847706
11.560302
11.202425
10.930881
11.961700
11.812866
11.419632
12.136296
10.825849
11.779279
12.477261
12.055827
11.089940
11.363594
11.759493
11.778632
12.197194
12.164468
10.901404
10.793799
12.164840
11.362651
12.424331
11.198162
10.723305
12.282150
11.093309
11.476614
12.439975
12.079488
12.325100
12.283418
12.288784
11.440805
10.658241
11.716391
11.849207
10.832806
10.860485
11.256639
12.209608
10.908976
10.886463
10.695289
11.278093
11.045443
10.935400
11.153702
11.764433
11.894177
10.740668
11.151171
11.730251
11.194387
11.541195
11.257000
10.570606
11.834948
11.966674
11.750148
11.688511
12.046194
12.072933
10.886798
12.315281
10.955125
11.401613
10.970531
12.261654
12.123807
11.043324
10.998383
12.262065
12.096116
12.449792
10.646045
11.032329
11.634177
11.505606
10.980770
10.959672
10.726156
10.911285
10.690063
11.417583
11.510749
11.286531
11.390874
12.431196
10.959554
11.248192
12.027943
11.437509
11.743861
11.344935
11.125336
12.292989
12.006860
10.921660
12.304992
11.021117
12.099565
11.483717
12.270267
11.218138
12.012411
12.290569
11.745319
12.346364
11.390667
11.482209
10.740648
11.887291
12.122261
11.051141
12.044694
10.669022
12.438993
11.909862
12.115396
11.411186
11.409527
12.310377
11.316174
12.416011
11.311869
11.979797
12.206948
10.716626
11.042520
11.121461
10.777898
11.374817
11.798535
10.659887
12.429148
11.522418
10.991642
11.852918
11.324511
11.391904
11.281892
12.022518
11.467821
10.782707
11.267912
10.577398
11.358342
11.705144
11.298511
11.768713
11.306020
12.374821
11.333312
10.918977
11.477518
12.341779
10.705520
12.417299
11.934291
10.848091
10.687538
12.234517
11.153325
11.144456
11.743284
11.970937
12.119434
12.318988
12.043132
10.979111
12.141019
10.899851
11.912383
12.383258
10.714595
11.316544
11.741880
11.777680
11.939641
12.226855
10.725553
12.213068
12.137714
11.647721
11.295865
11.928331
11.313424
11.503992
11.583639
11.164444
11.840197
12.221627
12.264853
11.679264
12.267912
12.055306
11.200087
10.705811
11.254148
11.175230
12.121603
11.461953
11.689289
11.165206
11.849833
12.403226
12.181760
11.246590
10.854885
12.092602
11.332163
11.150428
11.879161
12.466395
12.404925
11.188912
12.079209
12.356494
11.575943
11.870279
11.148519
11.776196
12.258269
12.418450
10.950584
12.169292
12.163094
12.210083
11.254426
10.930808
12.342432
11.506328
12.432540
12.379909
11.465729
11.304638
11.847623
12.059966
12.200468
11.712381
11.928393
12.266343
12.152224
10.616300
12.127604
11.369023
12.184615
11.565266
11.841442
11.063117
12.254782
10.844963
12.317517
12.331612
10.678710
12.268508
11.287723
11.550464
11.715124
12.180543
11.251725
12.236513
12.454979
12.208862
12.214298
11.244015
11.523746
11.090309
11.894532
11.419841
12.206565
11.927664
12.218093
12.009837
11.044150
11.592281
10.877585
10.721725
10.759998
10.844336
11.479675
11.025539
11.475269
10.672811
11.396967
10.994730
11.630111
12.293562
10.954034
12.235320
11.721315
11.985684
12.373547
12.043936
11.930531
11.831431
11.183582
12.071229
11.497913
11.547463
11.314864
11.848839
12.187737
10.637797
11.198434
10.915094
12.468538
11.796120
10.585544
10.823312
11.243143
11.055566
11.541286
11.530095
12.303441
10.985392
12.318886
11.251128
12.329206
11.465682
11.764710
11.470928
12.389217
11.487771
12.076087
10.715865
11.180626
10.693441
11.243372
12.443572
10.763748
10.699592
11.424542
12.006331
11.858590
10.844082
11.282754
11.137322
10.903841
11.075942
11.918130
11.224392
11.998165
11.514663
10.543890
11.743301
11.201819
11.448844
11.591745
10.730937
10.865903
11.596299
12.221710
12.097535
11.321470
10.857908
11.804923
11.109191
11.256800
11.898688
12.490464
11.325944
11.589001
12.311109
11.503047
11.116006
12.239993
12.107766
11.836225
11.084999
12.229784
12.455086
10.703765
10.727302
11.629094
11.209939
10.949623
11.441213
11.104351
11.020530
11.555667
11.786324
11.791875
10.885719
11.327797
11.529449
11.159635
12.447876
11.095605
12.168533
12.137357
12.112101
11.179357
12.287901
11.884171
12.353633
12.121340
12.083642
11.227195
11.052807
12.178786
10.913467
11.162464
12.150914
12.151512
11.814263
10.534655
11.893031
11.271667
12.197251
12.419499
11.078285
11.201887
12.127990
11.973703
12.053548
11.164021
10.702847
12.015502
10.691786
10.696981
11.684803
11.064672
11.052550
12.118330
11.935228
10.883599
11.547465
11.399327
12.261140
12.161894
11.676797
12.139247
10.834689
11.082223
11.552668
10.881948
11.505801
11.991637
11.131132
11.565681
12.292665
11.168056
11.070337
11.202143
10.988800
11.489239
11.752856
12.022664
11.764783
11.022275
10.930403
12.317823
11.582322
12.152384
10.731010
11.826709
12.106617
10.719246
12.135219
10.843077
10.766331
12.118491
11.227403
12.159842
12.288877
12.197982
10.819329
11.288419
12.123580
11.715644
12.208835
12.209996
11.560404
11.337573
12.374656
11.504020
11.724077
10.839567
10.651394
10.996061
11.883120
11.644911
11.710320
12.205539
10.983094
11.597252
12.134842
10.969534
10.883155
12.345779
12.517760
10.994356
12.185315
11.195144
11.001251
10.929693
11.770352
11.714744
11.250046
12.236069
11.772439
11.975248
11.765477
12.118137
11.816337
12.189099
12.212771
11.759956
12.353311
10.687593
12.155654
11.758536
11.081572
11.479042
12.134935
11.428285
11.563058
12.426093
11.461500
12.359028
11.638615
11.060062
11.079891
11.976402
12.213767
12.492737
11.857309
10.889853
10.707046
12.427323
12.449715
12.173517
12.203655
11.851894
12.404227
11.848101
11.174912
11.339351
11.070203
11.037893
11.988771
11.218986
11.768405
11.140694
11.181151
10.893628
10.855555
11.872407
11.781285
11.407151
12.183204
11.382007
11.142674
11.671636
11.511307
12.373474
10.837324
11.134858
12.389576
11.931212
11.403619
11.404125
11.089026
11.305232
12.334574
11.249799
11.309864
11.784096
11.315059
10.623651
10.969722
11.773384
12.458845
12.263802
11.127851
10.793861
12.117695
11.997299
11.781774
11.544793
10.829596
11.821659
11.560374
10.777848
10.806292
11.852975
10.735474
11.857506
11.718245
11.458308
12.219159
11.555968
11.846915
11.950972
11.947885
12.251467
11.764949
12.008177
11.079024
10.909976
11.767014
12.337593
11.427280
12.375653
11.569130
11.256936
11.658805
11.414478
12.139858
11.853928
12.011596
10.732985
11.332543
11.985044
12.253017
11.875479
10.832464
10.517283
11.519677
11.650960
12.194582
11.242530
12.306989
12.009755
12.121347
12.241418
12.508173
12.446608
11.046215
11.538218
11.996455
11.670012
12.006664
11.214934
11.805135
11.152653
11.464476
12.378453
12.270505
11.066625
11.171294
11.902852
11.482654
11.033278
11.797601
11.938173
12.229732
12.314539
10.715676
12.170457
12.240157
12.214013
10.728633
12.244243
12.274798
11.575651
11.337151
10.926192
11.089386
10.701274
12.266246
11.134271
12.452646
10.797911
11.666120
10.970807
11.435360
11.334546
11.443553
11.810094
12.240729
10.867642
11.738466
12.257704
12.378184
11.442124
11.007179
12.000969
10.848385
12.393841
11.629946
12.164254
12.330063
11.333573
12.150076
10.736882
10.749350
12.340637
11.367217
11.281244
12.021169
12.491024
11.934992
11.032461
11.349387
11.644246
10.931759
10.864089
12.267079
12.118436
10.947319
10.926391
10.954548
11.756165
11.623673
11.624971
11.058666
11.928703
11.289613
11.994455
11.169969
11.331386
11.947298
12.249384
10.649996
11.091515
11.571753
11.039609
10.604684
10.857642
11.782985
12.110413
10.741410
10.849539
12.466973
11.701299
12.378505
12.479149
11.085949
11.665371
11.890110
11.025874
12.000663
11.823412
11.874197
12.454493
11.676985
11.117064
10.674294
10.786527
11.336565
11.730666
11.549824
11.587976
11.312966
11.795351
11.445451
11.291195
10.866429
12.030407
10.729931
11.651887
11.747699
11.679617
11.617991
12.105613
11.907463
10.980881
10.654516
11.830547
12.252236
12.022547
11.421043
10.721029
11.322145
12.248548
11.222457
12.274614
11.178737
11.048529
11.352521
12.055503
12.028293
12.221241
10.908200
10.932238
11.482100
11.020645
10.782203
11.010362
11.579755
11.610570
11.679911
12.333880
12.010893
10.989399
12.299000
12.416334
11.111481
12.267152
12.205832
11.709798
11.777145
11.722897
11.407317
12.245844
11.730755
11.989788
11.200545
10.999403
11.738235
11.743819
11.641537
11.064728
10.897980
11.120125
12.030359
11.823525
10.807226
10.808078
11.083630
11.872250
10.905694
12.270331
11.951762
11.473665
11.595740
12.154628
11.575901
12.321013
12.077072
12.117275
10.569869
11.414937
10.857945
12.033342
11.945072
11.803940
11.743514
11.531264
11.303342
11.414926
10.956259
11.684426
11.414802
11.340653
11.557243
10.928213
11.159227
12.001206
12.384684
11.824450
11.710260
12.133160
11.986113
11.483036
10.910976
11.440432
11.653562
10.650934
11.226799
11.332253
11.454831
12.016630
12.397348
11.878044
10.573550
12.081355
11.351612
10.894116
10.719107
11.989779
11.828935
11.970148
11.002514
11.834574
10.747669
12.016784
11.905914
11.909819
11.703584
12.423444
12.263112
12.382990
12.254024
11.619528
11.447643
11.959036
12.360245
11.271321
11.957157
12.018156
11.140659
11.379145
11.976987
12.375434
12.120471
11.591172
11.849289
11.609847
12.487021
11.019701
11.005178
12.267046
11.260606
11.735106
11.107907
12.142530
11.983286
12.186900
11.481802
11.566578
11.705916
11.786561
11.153540
12.372157
11.414121
12.093458
11.983485
12.295414
11.960083
12.333029
10.960105
12.436649
11.410760
11.919185
11.920134
11.773491
12.236959
12.352642
12.360378
10.698470
11.718282
10.836498
11.631722
11.584797
11.391449
10.823520
11.959687
11.558320
10.722908
12.080160
11.594536
11.112405
10.820588
11.947964
11.472591
12.081114
12.236789
12.272709
11.784722
12.362516
11.083084
11.248242
11.225829
11.616790
11.590903
11.207262
11.328103
11.020015
11.141287
11.938741
12.527786
12.273608
10.811591
11.383674
11.560772
12.435591
11.915185
12.290151
12.363080
11.936786
10.950716
11.753061
10.921025
11.293270
12.408053
12.141240
12.098585
12.264250
11.121138
11.488520
12.229894
11.335070
11.605236
12.074135
11.918953
11.433894
11.831716
11.176227
11.657186
11.513525
10.924874
10.770747
11.014006
11.166640
11.532348
10.749438
11.683071
11.950199
11.892739
11.436389
12.427735
11.126423
11.447189
10.815311
11.923552
10.669507
11.838747
10.569378
11.938019
10.950591
10.941798
11.220018
11.622582
11.717138
12.301486
11.021375
11.161867
11.286777
11.854401
11.976792
10.690706
11.456765
11.766020
11.505374
12.133617
12.362569
12.026678
10.542763
11.966890
12.215652
11.647003
11.828893
11.836950
11.848995
10.781993
12.268402
11.503398
12.242630
12.269888
10.584915
10.912867
11.157590
10.775446
12.025623
11.553894
11.288012
10.921987
11.275637
12.370269
11.216458
10.732572
12.436563
11.513901
12.404018
11.822991
12.340561
11.948757
10.736682
11.657172
10.726453
11.121561
12.278576
11.511521
10.566841
11.040854
11.173506
12.002589
12.131194
11.590135
11.239675
12.000393
12.370958
11.602025
12.259881
11.788423
11.469742
11.038221
10.904332
12.179243
10.781047
12.325158
11.910239
11.375120
11.373305
12.104657
10.926897
10.800636
10.989485
11.726507
12.202714
12.121171
12.285124
11.381453
11.709946
10.979475
11.874374
11.688134
10.783510
11.640279
12.247407
11.384302
11.750350
12.053114
11.382274
11.250695
11.926216
11.962272
12.191288
11.482710
11.610205
12.329073
11.546559
11.398189
11.967198
11.673726
12.462655
11.471576
12.287172
11.523994
10.891091
12.151235
11.318594
10.950614
11.606147
11.964918
12.317422
11.149247
12.331143
12.179189
11.149777
11.488441
10.867447
12.258206
11.651813
11.750784
12.211137
10.944213
12.195071
11.829703
12.078083
10.832928
10.794225
12.330118
11.609272
11.892463
11.394944
11.367917
11.194424
11.226205
12.234895
11.918062
10.962663
11.115366
10.859630
11.657319
12.110745
12.382414
11.973015
11.151939
12.142728
10.733690
12.026558
11.743506
10.874690
11.049508
12.076591
11.014986
11.026507
12.150412
11.758255
12.292465
11.644735
11.019414
10.994870
11.334126
10.654167
11.944461
11.126146
12.318523
12.234618
11.237131
11.794473
11.413750
11.964145
11.378105
11.584327
11.560278
12.158570
10.684289
11.027168
11.220743
12.197506
11.970525
10.910478
11.628420
10.748494
11.082805
11.252107
12.113394
10.994928
11.671953
11.087646
10.605658
11.164074
10.511319
11.399193
12.303149
10.672799
12.408643
11.152308
10.697365
10.781783
10.711027
11.874971
11.818403
12.174884
12.138202
12.032436
11.112102
12.373466
11.623752
10.901896
11.450628
10.604989
11.538009
11.550851
10.778467
11.403863
11.745535
11.384509
11.697042
11.418633
11.777698
11.805257
11.983292
11.418169
11.612077
10.984200
11.852133
12.130814
12.103765
10.914625
11.271241
10.940823
12.189068
10.679018
11.775009
11.504707
11.927385
10.883423
10.921244
12.405038
11.733019
11.132508
11.586855
11.327887
10.791613
10.647360
12.459133
10.984167
11.703866
10.745622
12.291103
11.390998
12.351243
11.403379
11.931147
12.326873
11.121524
10.643145
11.885700
12.324342
11.510374
11.975657
10.718966
11.523521
12.346296
12.312147
11.625426
12.231798
12.123517
11.484529
12.185858
11.132910
12.046179
10.833176
10.761185
12.027291
11.471275
10.783335
11.956397
12.196109
11.178159
12.308160
12.183875
11.722395
11.322204
10.940698
11.135204
11.508482
11.162617
11.492646
11.427234
11.329028
11.877321
10.777293
11.020400
11.706063
12.212379
11.906191
12.428182
11.791532
12.374177
11.815924
11.303197
11.569090
11.527974
12.379685
11.944367
11.551717
11.133787
11.493800
11.646176
11.005110
10.835229
12.368111
10.892587
10.947438
10.792143
11.163507
12.149157
10.623756
11.358655
12.420664
10.862288
10.977796
10.983286
11.989443
11.273890
12.099611
12.077546
12.343627
12.087383
10.919229
11.362431
12.265085
11.658677
11.535950
10.917808
11.283227
11.668486
11.711014
10.901372
11.389637
10.896795
11.687437
12.270289
10.841675
12.008422
11.784611
12.183584
12.380046
10.940588
12.234842
11.250770
11.746061
11.970253
11.898178
11.364737
11.383123
11.658335
11.578737
10.983221
11.810270
11.317826
11.208848
11.631955
10.922286
11.572164
10.908571
11.661451
11.726960
11.985512
10.946715
12.222527
10.839962
12.114071
11.140925
11.923844
11.167384
12.168266
11.924410
11.479591
10.528791
11.180049
11.900025
11.175556
11.171634
10.647664
11.390486
11.857716
11.876324
12.045643
11.795809
11.500900
11.370312
12.215263
11.921382
11.724964
11.428673
11.457424
11.636260
10.951802
11.079542
11.407360
11.449877
11.779971
11.873485
11.108851
11.000014
10.600663
11.766240
11.650886
11.636280
12.461117
11.635093
11.320770
12.268523
11.472236
12.357323
11.718212
12.596826
10.811960
11.834013
10.654042
12.431459
11.422881
11.880039
11.527528
12.328572
12.353861
11.791995
10.975968
12.492285
11.158337
12.368193
11.640310
12.014847
12.198703
11.054571
11.101937
10.660267
12.222734
12.388184
11.009604
11.295362
12.177022
11.064923
12.088798
12.110395
12.387362
11.027128
11.750556
11.217667
10.909644
11.194432
11.673656
11.024715
12.007567
12.068199
11.723476
11.564468
11.850742
12.234734
11.683573
11.768630
11.369224
11.647744
11.939757
11.759653
11.790466
11.495724
10.749898
12.066476
12.159131
11.676988
11.493429
11.207537
11.000619
12.352990
11.904629
11.408362
11.844759
12.086808
12.335151
11.511651
12.339203
12.223118
11.737390
12.252306
11.839029
11.144999
11.654527
10.865444
12.072049
12.159443
11.350114
12.491097
10.773502
12.065022
11.542095
11.509443
12.276304
11.440747
11.831990
10.970166
10.715097
11.622617
12.001259
11.093384
11.474567
11.520738
11.785557
10.723935
11.461355
11.112367
11.063966
11.553113
11.373162
10.629474
11.646179
11.338759
11.446523
11.483963
11.523592
10.933975
11.444346
11.927384
11.292609
11.287160
10.925686
11.405442
12.329751
12.193504
10.772290
12.055569
11.318841
11.450694
11.826166
11.611561
11.282171
11.350303
10.764389
10.603839
10.764143
11.905828
11.519949
11.670091
12.332425
11.456789
11.916365
10.983116
12.097243
11.254650
11.739254
11.234049
12.430414
11.843247
12.119274
12.072125
11.622828
12.223270
11.568298
12.396432
11.753327
12.265293
12.218899
11.253864
11.159375
12.019203
11.448421
11.482083
11.363900
12.003038
11.998115
11.101622
11.951188
11.648953
12.195513
12.352991
11.632138
11.285631
11.742726
10.985219
11.833952
11.807461
11.499655
11.511866
11.014358
11.752074
10.819239
10.568226
11.050305
12.054642
11.995535
12.095127
11.982925
10.718559
11.928798
12.082109
12.051631
11.281457
12.046220
10.918501
11.566791
11.948513
12.098818
11.815703
11.367732
11.686910
11.289298
11.841400
10.658451
11.756581
11.997412
11.456387
10.727911
11.506670
11.328582
12.160628
11.454982
10.665651
11.483788
12.177130
11.216735
11.177484
11.981749
12.281693
12.206732
11.737352
12.189437
12.219331
11.390785
12.139769
11.658105
11.491306
11.924874
11.741685
11.739465
11.867184
11.734879
12.263389
10.803620
12.169121
11.479539
11.028660
12.082933
11.103373
11.865934
12.256487
11.110600
12.117837
10.989236
11.765483
11.091238
11.664999
12.350896
12.018190
11.373906
11.469331
11.334310
12.422594
11.576654
12.053150
11.795791
11.233962
11.994359
11.814629
12.340605
11.804618
12.185813
12.205156
10.921856
11.049539
12.079649
12.281203
11.083194
10.998872
12.098590
11.464426
12.073429
11.202329
11.167825
11.432625
10.775793
10.745022
11.804460
12.103511
11.592852
12.121900
11.208108
12.045303
11.962153
11.923832
11.390979
12.347338
11.963711
10.961317
10.825578
10.848106
12.153639
12.131550
10.945756
11.330392
11.366140
11.322288
11.973631
11.415798
12.369825
11.532384
12.024515
10.971027
11.288209
12.210625
11.786481
11.912166
11.952786
11.536863
10.900560
11.716405
12.406704
11.697666
11.282578
11.544327
11.266008
12.411803
10.992688
11.052632
12.476313
11.995638
12.415537
11.285658
11.367223
12.369339
10.932056
11.319967
12.020697
10.818253
11.247771
12.432001
11.982385
11.109682
12.521797
10.761375
11.418454
12.362720
12.111375
12.207756
12.431857
11.373939
11.375850
11.995442
10.986145
11.420883
11.775791
11.757612
10.704309
11.849302
12.325056
12.323322
11.236478
11.689745
11.059442
11.936002
11.856582
10.789380
10.967970
11.868201
11.733945
11.348447
11.707267
12.082370
12.113346
11.632771
11.118136
11.954878
10.796543
12.099797
10.811088
12.038595
11.836424
10.910577
11.476385
10.990585
10.908415
12.185806
10.633163
11.030301
10.955002
11.497912
11.173164
12.062575
11.427041
10.582757
11.028595
11.650580
12.123047
11.042083
11.698988
11.896100
10.828024
12.233196
11.339292
11.065431
11.885164
12.405271
11.502859
12.066569
11.014499
12.444793
12.293120
11.918919
11.822753
10.822097
11.994753
10.733609
10.575115
10.914458
12.256776
12.112144
10.918333
10.757284
12.181552
12.388597
10.919830
11.936061
12.024653
11.634885
10.819373
11.952719
12.075824
12.316251
11.087839
12.385870
11.044573
11.821261
11.048540
11.806403
11.525748
10.773098
11.728882
12.083402
11.782017
11.077244
11.245642
12.208151
12.319931
11.503931
11.746550
10.561575
10.992189
11.916884
12.284143
11.610065
10.755704
12.356895
11.051333
11.297598
12.027963
11.725693
11.814305
10.856628
11.204538
11.353905
12.429660
10.764118
12.301945
11.039731
11.719836
10.899018
11.515926
12.027078
12.291117
11.793600
11.912956
11.759640
11.653869
11.632298
11.074014
11.039566
12.390735
10.835523
11.296633
12.244318
12.044618
10.560444
11.995110
11.702185
10.912699
12.048604
12.198986
11.910308
11.619498
10.760338
11.463423
11.209408
12.052896
11.567888
11.892478
10.795468
11.613135
11.813381
11.467159
11.168972
10.974419
10.918253
11.033915
12.319244
12.319629
11.170607
12.179211
11.224026
10.568640
12.124550
11.845609
11.807759
12.010661
11.892096
11.484890
11.350102
10.803587
11.558095
11.582159
11.374299
11.068673
11.343507
12.107548
11.058795
12.182236
11.960145
12.230610
11.030688
11.463298
11.313814
10.683859
11.739855
12.373395
11.489306
11.477464
12.247989
12.336811
11.961285
10.959515
12.160088
10.826408
11.632850
11.122351
11.481657
11.068031
11.562568
11.696468
11.719090
11.859860
10.923675
12.020409
12.375520
11.756731
12.028129
11.006143
12.303304
11.103905
11.955035
11.826191
10.657434
11.453899
12.018538
12.208562
10.934513
11.362580
12.223161
11.627805
11.105542
11.508575
11.489327
10.739468
11.999525
10.870314
12.310935
11.323280
12.161051
10.993508
11.955706
10.775837
12.164790
11.410571
11.653231
11.751295
12.184188
11.679390
10.650576
12.308004
11.238850
12.170032
11.299623
11.440673
11.983963
11.903394
11.445382
11.752611
12.141537
10.704160
10.992203
10.809529
11.477580
11.001024
11.144440
12.454150
11.964991
10.693664
11.574927
12.239533
11.713960
11.743926
10.645071
10.926650
11.224749
11.564926
11.489276
11.667070
10.640530
11.272079
12.184197
11.150115
11.226797
11.506425
12.429337
11.491703
11.363853
12.161924
10.926529
11.215950
11.472960
12.230287
12.224336
11.065052
11.957994
12.210196
11.782188
10.714706
11.500248
12.497637
11.210021
11.529476
11.346221
10.993527
11.323149
12.299344
11.975003
12.197613
11.142928
11.986391
10.752723
11.387042
10.846514
11.618297
11.333223
11.522724
11.126675
10.684458
11.284315
12.289687
11.703375
11.914365
10.749381
12.385138
11.158965
11.952064
11.003073
11.954208
11.173290
11.425482
11.105338
10.851290
12.179045
11.426091
11.809052
12.104030
10.927120
10.688720
12.072225
12.264235
12.249970
11.873306
11.792296
12.057529
11.132147
12.390653
11.709478
11.261274
11.612423
12.308153
10.828715
11.687879
11.503583
10.882088
10.411450
12.182383
11.397150
10.797228
11.970219
10.758546
11.217959
12.386273
12.331981
11.341431
11.553726
11.396493
11.454176
11.797049
10.681887
11.500839
11.238733
11.972871
11.457869
11.863514
12.006641
12.073505
12.290003
11.525468
11.976397
11.424733
11.165861
12.198902
11.102186
12.153206
12.182049
11.844167
11.418179
11.986747
11.229643
10.893466
11.190692
12.317331
11.815856
10.914601
10.845303
12.390760
10.772348
11.827992
12.066780
11.943968
11.330680
11.446371
12.058794
11.417876
11.843089
10.984005
11.210440
11.374216
12.557330
11.648777
11.601566
11.893400
12.452362
10.956547
12.331832
11.271247
10.880641
12.428539
12.174130
11.643513
11.203233
12.254623
11.889188
12.397604
10.643231
11.358741
11.975367
12.157454
11.338720
11.464828
12.061075
11.062369
11.038575
11.773634
10.726763
12.118099
12.213213
11.296253
12.277574
12.360638
11.146706
12.198015
11.929802
12.384234
11.153454
12.165068
12.343636
12.287970
11.196113
11.978859
12.296203
11.686113
11.910561
11.539909
11.342731
10.853840
12.113748
11.747208
11.580974
11.275494
11.040242
11.262744
11.456468
12.306917
11.321645
12.206092
10.685055
10.889663
12.386501
10.879369
11.056481
12.138917
11.307670
10.990436
11.498706
11.002887
11.780335
11.912978
11.957369
11.880240
10.989086
12.006171
11.160722
11.007922
11.958215
12.038329
11.600414
10.943329
10.855962
12.103053
10.771109
11.558584
12.202389
12.082371
12.288701
11.776255
11.183003
11.813712
11.698588
11.775818
12.156582
11.281099
11.905893
11.951794
12.182819
11.787383
10.763411
11.344347
11.587472
11.603198
12.371662
11.918228
12.412398
12.061006
12.093683
11.481992
12.195862
12.385562
10.879848
11.333025
11.280364
10.638116
10.741360
11.783662
11.040341
12.191647
12.040746
12.247075
12.159363
12.290017
11.535390
12.249930
11.866354
11.463503
11.631926
11.850026
10.804453
12.246560
12.058524
11.158369
12.000716
11.913501
11.377189
11.548351
12.446948
11.189652
12.155513
11.903539
11.643208
10.893584
10.996273
11.702670
11.901695
12.104123
11.639901
12.036809
11.204325
11.964004
10.796750
12.013006
11.375470
11.238225
11.981836
12.061414
11.237994
11.370399
11.501285
11.767991
12.115596
11.541858
11.990336
11.065149
11.256319
11.522386
12.138087
11.916254
11.371293
12.493652
11.768252
12.081959
11.007482
11.617237
12.234931
12.246382
11.310077
11.566027
12.168091
11.572548
11.241624
12.451878
11.201732
11.947166
11.253415
11.256653
12.358619
11.731762
12.340964
11.272049
11.130510
11.856863
10.978346
10.439149
10.672915
11.794757
11.833150
10.730184
12.092038
11.396653
11.190616
11.691790
11.135886
11.980873
11.454952
12.104236
11.997580
11.943036
11.036302
11.230144
12.029615
11.398848
10.780208
11.630687
10.816366
11.308453
10.657646
11.781828
11.889627
12.187503
10.790389
11.956714
12.425281
12.364548
11.046343
11.705568
11.105275
12.250676
11.525244
11.470406
11.824771
12.071189
11.293130
11.022206
12.124164
12.347035
12.433253
11.468551
11.751469
11.599934
11.126755
12.135109
12.466378
12.001015
11.688378
10.969147
11.390145
11.462175
12.169355
11.461690
10.830487
11.146447
11.748408
11.820289
11.870102
11.651251
11.976072
11.372282
10.672001
11.017046
10.631472
12.398214
10.853686
12.235777
12.437875
12.363678
10.955218
11.634018
12.009048
11.501429
11.131176
12.386576
12.231682
12.084433
11.733214
12.036507
11.354375
11.056982
11.813013
12.290023
11.305573
12.449491
12.433677
11.247458
12.394001
12.295781
11.487866
10.763025
11.952276
12.425218
12.083756
11.825766
10.821280
11.894833
12.344961
11.329588
12.382866
10.692742
10.968031
11.550004
11.289060
12.381403
11.379383
12.394506
11.021516
11.341895
12.177161
12.159007
12.146719
12.250050
11.304482
12.115078
11.252091
12.189199
11.733608
11.455791
11.416290
12.298687
12.133267
11.404548
11.778945
11.290456
11.471933
11.195717
11.803618
11.314130
11.378480
12.080818
12.466609
11.223895
11.417111
11.022150
12.484401
11.724065
12.218293
12.117890
10.612649
10.846030
10.924291
12.318376
12.048094
12.159587
12.321513
11.482200
12.036557
11.909408
12.124622
11.502690
11.614782
11.120072
12.353081
10.938379
11.467297
12.098072
11.000354
11.577849
11.948226
11.749117
11.930540
11.018897
12.002072
11.813440
11.581958
12.292355
11.134435
11.981203
12.066716
10.481703
12.023620
11.725204
11.869445
12.142999
11.499384
11.641402
11.269847
11.233465
11.190839
11.710873
11.587193
11.510512
12.447144
12.259705
10.915238
11.671264
11.947263
11.461390
11.422790
11.302519
11.829032
12.397231
11.410207
11.727192
12.131328
11.293871
11.782094
10.970458
10.887284
12.329371
11.284489
12.376690
10.988068
11.860382
11.480373
12.265436
12.373165
11.322768
12.145200
11.737143
12.214229
11.455388
12.377719
11.784857
11.241637
11.383812
11.699301
10.909421
12.355298
11.841497
11.866926
12.254854
11.998216
10.852058
11.230170
11.848186
11.659527
10.861011
11.963007
11.764658
11.991208
11.814623
11.506193
11.674344
10.899258
11.767892
12.380419
11.156027
11.237947
12.203559
12.070513
12.359928
12.469922
11.688107
11.233384
11.474152
11.154584
11.842394
12.024648
10.943817
12.397974
12.487925
11.575779
12.346746
12.337295
11.174090
12.361991
11.406286
11.062509
11.681233
11.109279
12.164247
11.211361
12.284763
12.222930
12.179209
11.936694
11.536182
11.516853
11.276527
11.040993
11.836520
11.572649
11.638029
11.499811
11.409300
12.183535
10.685390
11.835521
11.715561
11.599282
11.015210
12.298484
11.390524
11.390524
